chr9	128382121	128392121	7
chr4	112645444	112655444	3
chr3	181713012	181723012	1
chr3	181713612	181723612	1
chr2	236568957	236578957	9
chr12	120358397	120368397	9
chr4	112644644	112654644	3
chr1	26411709	26421709	24
chr1	205444272	205454272	22
chr22	27790012	27800012	24
chr3	32835508	32845508	4
chr5	93585894	93595894	23
chr8	76698365	76708365	3
chr10	79234243	79244243	12
chr3	32833908	32843908	9
chr5	16733091	16743091	1
chr7	2519766	2529766	14
chrX	137566841	137576841	22
chr7	2521166	2531166	10
chr9	124757121	124767121	3
chr12	114672795	114682795	3
chr10	21505671	21515671	13
chr9	124759521	124769521	13
chr15	41559602	41569602	4
chr20	10647552	10657552	11
chr16	73029301	73039301	23
chr17	2057906	2067906	24
chr8	41299881	41309881	14
chr1	208231255	208241255	16
chr1	205447272	205457272	22
chr12	114671195	114681195	9
chr9	127519321	127529321	20
chr10	21505271	21515271	13
chr3	50159767	50169767	3
chr5	93583094	93593094	24
chr22	46052320	46062320	9
chr17	2056506	2066506	24
chr11	57640527	57650527	23
chr14	56800282	56810282	4
chr11	57640127	57650127	23
chr11	57639927	57649927	23
chr1	27002309	27012309	13
chr17	50195839	50205839	22
chr5	2743486	2753486	11
chr5	124732307	124742307	9
chr9	121280322	121290322	3
chr19	41319295	41329295	14
chrX	137563441	137573441	22
chr7	27097181	27107181	9
chr7	42225801	42235801	16
chr7	5691169	5701169	11
chr3	32861908	32871908	13
chr10	41854608	41864608	22
chr20	49281463	49291463	10
chr18	22170639	22180639	4
chr16	73043301	73053301	23
chr1	66348917	66358917	2
chr3	184563612	184573612	23
chr9	121278922	121288922	9
chr3	184563412	184573412	23
chr16	73042901	73052901	23
chr17	48544838	48554838	23
chr3	57151772	57161772	3
chr15	40097999	40107999	9
chr15	93061571	93071571	2
chr16	73045101	73055101	10
chr2	89829190	89839190	22
chr3	181708412	181718412	9
chr12	54383016	54393016	13
chr17	50195039	50205039	22
chr13	43052664	43062664	14
chr1	160402410	160412410	13
chr11	62552528	62562528	9
chr2	66437868	66447868	9
chr3	57154572	57164572	23
chr6	41553462	41563462	9
chr1	1351420	1361420	12
chr1	160401610	160411610	13
chr3	141403358	141413358	11
chr11	65485129	65495129	13
chr6	33424423	33434423	15
chr5	150136037	150146037	9
chr1	109249978	109259978	3
chr1	109250778	109260778	3
chr7	148335108	148345108	11
chr15	40097199	40107199	9
chr11	118610885	118620885	14
chr8	41298281	41308281	14
chr10	95259443	95269443	13
chr3	184561812	184571812	23
chr1	205439272	205449272	3
chr11	63759928	63769928	22
chr13	99962546	99972546	9
chr3	184566212	184576212	4
chr12	122867653	122877653	23
chr9	123354921	123364921	22
chr7	42220801	42230801	13
chr22	27784212	27794212	24
chr1	208233055	208243055	16
chr6	41552462	41562462	17
