chr3	93460200	93490200	14
chr12	54268000	54298000	8
chr5	181229200	181259200	8
chr3	27702400	27732400	14
chr17	41677800	41707800	8
chr12	56141600	56171600	8
chr3	158087600	158117600	14
chr5	55214800	55244800	14
chr6	28193400	28223400	14
chr5	77618600	77648600	14
chr1	90707000	90737000	14
chr7	20779200	20809200	14
chr7	121314800	121344800	14
chr3	51976400	52006400	8
chr14	69756400	69786400	8
chr16	46376200	46406200	14
chr18	57424000	57454000	14
chr7	130031800	130061800	4
chr17	30221800	30251800	14
chrX	137411400	137441400	14
chr20	43446800	43476800	1
chr17	68438600	68468600	2
chr17	68024800	68054800	2
chr10	3153400	3183400	2
chr2	69896600	69926600	2
chr5	138321000	138351000	2
chr11	19222800	19252800	2
chr6	90568000	90598000	2
chr6	20390600	20420600	2
chr8	25440200	25470200	2
chr1	1460600	1490600	2
chr5	151242000	151272000	2
chr1	145414400	145444400	2
chrX	48790600	48820600	2
chr17	30721000	30751000	2
chr14	64953200	64983200	2
chr4	185460400	185490400	2
chrX	150966000	150996000	2
chr1	161379800	161409800	2
chr20	32745000	32775000	2
chr1	46236400	46266400	2
chr3	179242000	179272000	2
chr17	50546000	50576000	14
chr7	20767600	20797600	14
chr5	88673200	88703200	14
chr11	20146000	20176000	14
chr13	78590000	78620000	14
chr2	152085600	152115600	14
chr2	174714400	174744400	14
chr19	49478000	49508000	1
chr2	85526600	85556600	8
chr2	170804000	170834000	14
chr3	186772400	186802400	1
chr6	99594800	99624800	14
chr14	36637000	36667000	14
chr5	161532400	161562400	14
chr7	1119000	1149000	4
chr16	56439200	56469200	4
chr7	32477200	32507200	4
chr8	53863000	53893000	14
chr11	122966000	122996000	14
chr6	70940800	70970800	14
chr2	70872400	70902400	14
chr11	62869600	62899600	8
chr1	180217400	180247400	14
chr13	24732800	24762800	14
chr1	197900200	197930200	14
chr2	174316600	174346600	14
chr2	169345600	169375600	14
chr5	115165000	115195000	14
chr1	156845800	156875800	14
chr2	176085200	176115200	14
chr12	4895200	4925200	14
chr4	154729400	154759400	14
chr5	179605000	179635000	1
chr1	26455000	26485000	8
chr13	44421200	44451200	1
chr2	104842200	104872200	14
chr6	101382200	101412200	14
chr19	57671600	57701600	4
chr4	4229400	4259400	4
chr17	7561200	7591200	8
chr14	36567600	36597600	14
chr6	36583400	36613400	1
chr6	136906600	136936600	14
chr4	65654000	65684000	14
chr10	99219400	99249400	14
chr2	270400	300400	14
chr20	21086600	21116600	14
chr6	1594200	1624200	14
chr6	1297000	1327000	14
chr19	9816600	9846600	4
chr11	27705800	27735800	14
chr1	218150400	218180400	14
chr6	10407000	10437000	14
chr9	119354800	119384800	14
chr1	177153400	177183400	14
chr1	19240000	19270000	4
chr17	48925400	48955400	1
chr12	113947000	113977000	4
