chr2	136111200	136142800	3
chr11	120315000	120361000	11
chr5	132476800	132490000	3
chr15	81284200	81316200	3
chr1	225642600	225658200	11
chr14	60704200	60734000	11
chr17	42668800	42679200	11
chr15	70752600	70768000	11
chr4	13539400	13545600	11
chr17	58323800	58351000	3
chr11	46907600	46921600	11
chr14	52939800	52954800	11
chr11	73967600	73982000	6
chr16	50668200	50686800	8
chr14	88823800	88829600	2
chr13	30393200	30396600	2
chr17	38733800	38752400	11
chr4	78050000	78076400	11
chr1	8003800	8029000	11
chr6	31350800	31362000	3
chr9	114359200	114387600	6
chr4	159104200	159106200	1
chr17	48097600	48101000	2
chr6	5994200	6009400	11
chr16	30183600	30190000	3
chr6	107483200	107505400	11
chr6	43170000	43171000	2
chr16	72092000	72093200	2
chr14	88536000	88562800	1
chr19	12611000	12615800	2
chr17	8923200	8968400	8
chr19	51872600	51890200	8
chr6	159033400	159047800	3
chr12	63843000	63848600	1
chr10	73998200	74001600	2
chr6	52420400	52421600	2
chr6	30489600	30504800	3
chr15	44711600	44728800	3
chr15	84597800	84600600	2
chr11	12666000	12717800	11
chr3	184155800	184158200	2
chr11	114439600	114441600	2
chr2	46297400	46303400	11
chr2	206274000	206277400	11
chr1	227307200	227324000	11
chr2	215405400	215454800	11
chr17	60523400	60525600	2
chr3	160565800	160567000	1
chr6	31267600	31271600	3
chr12	56041000	56041600	2
chr19	1060200	1090000	6
chr22	31080800	31084800	2
chr1	151164200	151165800	2
chr9	35747800	35749000	2
chr1	148837000	148853600	11
chr1	108198200	108199800	2
chr1	10210800	10214000	2
chr17	3635000	3636000	2
chr1	170073200	170074400	2
chr3	48086600	48088400	2
chr2	177553000	177553800	2
chr2	222861600	222865800	2
chr3	122790400	122794800	2
chr12	53725600	53727400	2
chr8	73972400	73973000	2
chr2	174332200	174344600	12
chr5	103259400	103261000	2
chr7	116511600	116544000	11
chr7	50342800	50418400	6
chr5	107658800	107681600	11
chr1	21174000	21176000	2
chr6	30449200	30458800	12
chr15	48961600	48966400	11
chr9	111553000	111601200	1
chr5	115539400	115544000	2
chr19	49142200	49154400	11
chr12	48969400	48973200	12
chr5	79505400	79515000	11
chr4	151015800	151016800	2
chr1	94417200	94418000	1
chr8	37690200	37708600	11
chr14	31026600	31027600	1
chr11	10302200	10310600	11
chr1	40258200	40259200	2
chr8	80565600	80583200	11
chr7	149495800	149497200	2
chr16	74910800	74916800	8
chr8	30810200	30812200	2
chr7	2353200	2354000	2
chr15	74904600	74906400	2
chr11	67396200	67401400	6
chr7	50298000	50331200	1
chr17	44816600	44834800	11
chr20	38722800	38732000	12
chr4	94452400	94455600	1
chr19	55477000	55478000	2
chr4	2007600	2008200	2
chr10	96833200	96835000	2
chr9	99822000	99826400	11
chr10	11165600	11238600	6
