chr17	43304800	43305000	14	6.15644	1	(8,14)	2.52541	1	15.6001
chr17	47143800	47144000	14	4.5138	1	(7,14)	2.99571	1	15.3723
chr17	43322800	43323000	14	7.56656	1	(8,14)	3.43684	1	15.2342
chr17	47171800	47172000	14	7.54007	1	(12,14)	3.53109	1	15.2132
chr17	47181600	47181800	14	7.78341	1	(14,14)	3.5639	1	15.0809
chr3	196898400	196898600	14	8.80008	1	(14,14)	4.72628	1	14.9532
chr20	49280600	49280800	8	8.70135	1	(8,8)	4.80942	1	14.8966
chr12	10000	10200	14	6.27575	1	(12,14)	2.99267	1	14.8296
chr12	132767200	132767400	14	3.23333	1	(12,14)	1.13222	1	14.5799
chr17	47137200	47137400	14	8.49608	1	(12,14)	5.13227	1	14.4671
chr7	5528600	5528800	8	10.5242	1	(8,8)	7.27045	1	14.4381
chr12	2255800	2256000	12	6.16029	1	(12,14)	3.68668	1	14.4126
chr17	41689800	41690000	8	10.3109	1	(8,8)	6.98736	1	14.3991
chr5	179621600	179621800	8	8.57883	1	(8,8)	4.78275	1	14.3559
chr20	43459000	43459200	8	7.38959	1	(4,8)	5.90804	1	14.3538
chr17	78357800	78358000	8	5.92987	1	(8,14)	2.17725	1	14.3096
chr7	158595200	158595400	12	5.24307	1	(12,14)	3.76264	1	14.2955
chr11	65505200	65505400	8	10.2801	1	(8,8)	7.18054	1	14.2852
chr14	102085400	102085600	8	9.32078	1	(8,8)	5.85349	1	14.2708
chr6	32974600	32974800	8	7.79625	1	(8,8)	3.90968	1	14.2654
chr11	8684000	8684200	8	8.74107	1	(8,8)	5.03222	1	14.2376
chr1	203307600	203307800	8	7.28492	1	(8,8)	3.39619	1	14.2374
chr16	14487000	14487200	14	7.15627	1	(14,14)	3.20449	1	14.235
chr1	35190600	35190800	8	7.33032	1	(8,8)	3.43417	1	14.2182
chr5	141319800	141320000	12	6.76616	1	(4,12)	5.0871	1	14.2089
chr6	73518600	73518800	8	7.60046	1	(8,8)	3.76906	1	14.202
chr3	186784800	186785000	8	7.11207	1	(1,8)	3.88997	1	14.1788
chr14	68789600	68789800	8	8.24685	1	(1,8)	4.70855	1	14.1712
chr17	47135400	47135600	12	6.53096	1	(12,15)	2.57347	1	14.1407
chr17	47158200	47158400	14	8.82128	1	(14,14)	5.07827	1	14.1404
chr2	216499800	216500000	8	8.76609	1	(8,8)	5.1542	1	14.1339
chr14	35403200	35403400	8	9.71264	1	(8,8)	6.34399	1	14.1269
chr17	58005400	58005600	8	7.67732	1	(8,8)	3.96385	1	14.1201
chr16	89561400	89561600	8	8.2354	1	(8,8)	4.36037	1	14.1025
chrX	115888400	115888600	14	3.14019	1	(12,14)	1.2582	1	14.1017
chr22	39521600	39521800	8	8.89032	1	(8,8)	5.30236	1	14.0835
chr8	144791400	144791600	8	8.81409	1	(8,8)	5.10607	1	14.0819
chr20	30376400	30376600	14	5.65704	1	(3,14)	3.6826	1	14.0774
chr6	132816000	132816200	8	5.58667	1	(4,8)	3.63533	1	14.0665
chr22	18890800	18891000	14	8.6772	1	(12,14)	5.60949	1	14.0561
chr14	67044400	67044600	14	5.62298	1	(12,14)	3.15173	1	14.0459
chr19	27245400	27245600	14	7.13848	1	(12,14)	5.84155	1	14.0385
chr19	49497400	49497600	8	10.0185	1	(8,8)	6.97453	1	14.036
chr14	69768400	69768600	8	9.46658	1	(8,8)	6.18285	1	14.0249
chr14	103335600	103335800	8	8.18995	1	(8,8)	4.48755	1	14.0156
chr18	108600	108800	14	6.16574	1	(12,14)	4.60526	1	14.0146
chr9	70038200	70038400	14	8.22662	1	(12,14)	6.42278	1	14.0045
chr19	49489200	49489400	8	10.1718	1	(8,8)	7.18914	1	13.9961
chr6	30490400	30490600	8	6.89925	1	(4,8)	3.39813	1	13.9944
chr6	35469800	35470000	8	8.75068	1	(8,8)	5.12947	1	13.9878
chr18	20939200	20939400	14	6.13074	1	(12,14)	3.99541	1	13.9864
chr20	49282600	49282800	8	5.77272	1	(7,8)	3.33753	1	13.9831
chr2	207767600	207767800	15	3.0515	1	(8,15)	1.4127	1	13.9788
chr19	48873600	48873800	8	8.4499	1	(8,8)	4.81353	1	13.9774
chr17	81510600	81510800	8	8.34566	1	(1,8)	4.5611	1	13.9772
chr11	62854000	62854200	8	6.96914	1	(8,8)	3.25514	1	13.9768
chr1	145994000	145994200	8	8.07772	1	(8,8)	4.40214	1	13.9749
chr22	49962600	49962800	8	9.43405	1	(8,8)	6.06953	1	13.9748
chr17	7574200	7574400	8	10.5582	1	(8,8)	7.75534	1	13.9699
chr3	73110800	73111000	14	6.20997	1	(3,14)	5.1397	1	13.9693
chrX	48575400	48575600	8	8.33518	1	(8,8)	4.59425	1	13.9673
chr19	1275000	1275200	8	8.39883	1	(8,8)	4.60213	1	13.9667
chr17	47135600	47135800	14	5.83783	1	(12,14)	5.48428	1	13.9645
chr5	40833800	40834000	8	6.9654	1	(8,8)	3.02382	1	13.962
chr11	64776800	64777000	8	6.84845	1	(4,8)	4.15962	1	13.9602
chr19	58229600	58229800	4	6.15573	1	(4,12)	3.07738	1	13.9596
chr2	231711600	231711800	8	10.7388	1	(8,8)	8.10078	1	13.9573
chr6	36597200	36597400	8	7.14267	1	(8,8)	3.37238	1	13.9521
chr9	127449800	127450000	8	7.45308	1	(8,8)	3.62052	1	13.9517
chr6	31837200	31837400	8	10.1343	1	(8,8)	7.27009	1	13.946
chr8	43237600	43237800	14	8.51446	1	(14,14)	4.70538	1	13.9452
chr19	18278600	18278800	8	10.7134	1	(8,8)	8.08238	1	13.9366
chr19	2271800	2272000	8	10.0898	1	(8,8)	7.16269	1	13.9364
chr19	3984200	3984400	8	10.4424	1	(8,8)	7.56177	1	13.9347
chr5	172769400	172769600	8	7.3117	1	(1,8)	3.4564	1	13.9345
chr19	41861000	41861200	8	8.16074	1	(8,8)	4.43852	1	13.9315
chr11	61965200	61965400	8	7.05929	1	(8,8)	3.35658	1	13.9176
chr11	123060000	123060200	8	7.14432	1	(2,8)	3.66575	1	13.9175
chr12	6536200	6536400	8	10.887	1	(8,8)	8.40002	1	13.9146
chr1	150575400	150575600	8	9.9549	1	(8,8)	6.97153	1	13.9133
chr12	54282400	54282600	8	8.12712	1	(8,8)	4.56061	1	13.9044
chr12	56159800	56160000	8	10.0007	1	(8,8)	6.95835	1	13.9038
chr21	8986800	8987000	14	6.92551	1	(12,14)	4.0384	1	13.8982
chr16	30067000	30067200	8	8.68296	1	(8,8)	5.14886	1	13.8964
chr19	58229800	58230000	12	4.00273	1	(7,12)	2.20648	1	13.8956
chr6	31540200	31540400	8	8.01611	1	(8,8)	4.37839	1	13.8916
chr5	178585400	178585600	14	5.6623	1	(12,14)	2.9756	1	13.8899
chr3	51994600	51994800	8	10.6622	1	(8,8)	8.07964	1	13.8884
chr1	28508200	28508400	8	8.31132	1	(8,8)	4.82061	1	13.8855
chr9	133349000	133349200	8	8.01142	1	(8,8)	4.23398	1	13.884
chr19	14516200	14516400	8	7.97091	1	(8,8)	4.39974	1	13.8822
chr19	12939800	12940000	8	10.0273	1	(8,8)	7.13871	1	13.8775
chr10	41710600	41710800	14	7.23591	1	(12,14)	6.13785	1	13.8656
chr2	132271800	132272000	14	8.36914	1	(14,14)	4.77685	1	13.8649
chr11	66639800	66640000	8	5.55822	1	(4,8)	4.92462	1	13.8628
chr16	46380800	46381000	14	7.16391	1	(12,14)	6.83681	1	13.8624
chr21	10325600	10325800	14	7.59761	1	(12,14)	7.33504	1	13.8585
chr19	27241400	27241600	14	8.77019	1	(12,14)	5.54308	1	13.8516
chr2	92112400	92112600	14	7.34264	1	(12,14)	5.63361	1	13.842
chr1	11013600	11013800	8	6.32852	1	(4,8)	4.52191	1	13.8396
