chr19	58184433	58209634	20
chr15	25050053	25075053	20
chr19	58241834	58266834	20
chr19	57976632	58001632	4
chr12	132991214	133016214	20
chr19	57530032	57555032	20
chr19	36539898	36564898	20
chr1	2427761	2452761	6
chr1	201296072	201321072	13
chr19	36812498	36837498	20
chr17	48546638	48571638	1
chr17	48580038	48605038	12
chr1	201291872	201316872	3
chr1	201286672	201311672	19
chr12	133082014	133107014	20
chr7	6682569	6707569	20
chr15	25075253	25100253	20
chr19	44473183	44500748	4
chr19	52111947	52136947	20
chr19	36705498	36730498	20
chr19	58121633	58146633	20
chr5	93571494	93596494	20
chr4	430211	455211	20
chr12	133036414	133061414	20
chr19	9560124	9585124	20
chr7	27098981	27123981	18
chr5	180247800	180272800	20
chr12	54003216	54028216	1
chr19	52015747	52040747	20
chr19	36745298	36770298	20
chr12	133133214	133158214	20
chr16	3285800	3310800	4
chr1	2457961	2482961	23
chr12	114391595	114416595	23
chr12	54004816	54029816	12
chr19	52299947	52324947	20
chr19	52061147	52086147	20
chr19	51961947	51986947	20
chr16	86490794	86515794	4
chr19	57923832	57948832	4
chr19	23343398	23368398	20
chr17	48587038	48612038	12
chr7	27104181	27129181	18
chr8	144826015	144851015	4
chr16	3387000	3412000	20
chr1	2450761	2475761	23
chr11	65484729	65509729	1
chr17	48588638	48613638	12
chr7	27169181	27194181	23
chr11	120113492	120138492	1
chr16	70682697	70707697	1
chr19	52365547	52390547	4
chr17	50187239	50212239	18
chr16	68548697	68573697	20
chr7	27166581	27191581	23
chr1	201306272	201331272	13
chr22	46064320	46089320	22
chr4	134057	161610	20
chr17	40477148	40502148	22
chr12	133181014	133206014	20
chr12	114663995	114688995	1
chr19	56536831	56561831	22
chr19	56403031	56428031	16
chr8	143928032	143953032	9
chr3	44711908	44736908	22
chr5	179059599	179084599	4
chr19	1247401	1272401	1
chr17	50188639	50213639	18
chr19	36634898	36659898	20
chr17	61392439	61417439	9
chr12	53960216	53985216	1
chr19	9139724	9164724	20
chr19	37562298	37587499	20
chr4	421411	446411	20
chr11	120110292	120135292	22
chr4	69708	96914	20
chr19	56600832	56625832	20
chr1	247140498	247165498	20
chr4	69508	96714	20
chr5	178865399	178890399	20
chr1	156111609	156136609	15
chr7	130890241	130915241	13
chr16	86562594	86587594	23
chr19	38647160	38672160	1
chr19	20541194	20566194	22
chr2	144500233	144525233	13
chr11	118906091	118931091	16
chr19	56554031	56579232	22
chr19	43832848	43857848	20
chr7	6673169	6698169	20
chr19	58112033	58137033	23
chr16	68551897	68576897	20
chr11	114155878	114180878	23
chr16	70676897	70701897	1
chr16	4368799	4393799	1
chr5	149404237	149429237	22
chr12	53045416	53070416	22
chr19	57682832	57707832	4
chr5	149405237	149430237	22
chr19	13829586	13854586	11
