chr9	36984803	37034803	14
chr17	39751947	39801947	16
chr2	233058890	233108890	8
chr10	11165437	11215437	12
chr1	198637870	198688071	8
chr1	167631363	167681363	8
chr2	233064490	233114490	8
chr7	27157181	27207181	2
chr7	50303404	50365502	2
chr7	50304004	50366102	2
chr9	36963403	37013403	14
chr17	48576838	48626838	2
chr11	67255129	67305129	8
chr11	128473105	128523105	1
chr2	60507865	60557865	10
chr6	24898172	24948172	4
chr5	170254196	170304196	8
chr10	11173637	11223637	12
chr2	68762468	68812468	8
chr2	144471633	144521633	2
chr8	27325083	27375083	12
chr2	60504665	60554665	10
chr6	24887372	24937372	4
chr22	36328755	36378755	8
chr16	85898194	85948194	8
chr11	128684705	128734705	4
chr14	99229263	99279263	1
chr14	92631855	92681855	8
chr10	71725443	71775443	8
chr17	39818747	39868747	1
chr11	128680905	128730905	4
chr19	1236801	1286801	8
chr17	39737747	39787747	2
chr5	132451908	132501908	4
chr2	68750668	68800668	8
chr19	41295295	41345295	8
chr17	35473781	35523781	15
chr17	48541038	48591038	14
chr17	79776001	79826001	2
chr3	30611508	30661508	8
chr12	53973216	54023216	14
chr17	35474981	35524981	15
chr7	27118181	27168181	2
chr22	37266759	37316759	8
chr3	30608508	30658508	1
chr11	67396729	67446729	10
chr11	67396529	67446529	10
chr21	33366094	33416293	8
chr10	124672231	124722231	3
chr3	30602908	30652908	1
chr10	124672631	124722631	3
chr21	33373294	33423493	8
chr5	170246796	170296796	8
chr17	49715038	49765038	2
chr5	139635615	139685615	2
chr4	40196380	40246380	1
chr19	1057201	1107201	10
chr11	35138453	35188453	10
chr12	6921637	6971838	8
chr13	40970264	41020264	2
chr14	91369256	91419256	2
chr13	40969664	41019664	2
chr18	77084644	77134644	2
chr17	39815547	39865547	1
chr1	198615270	198665471	8
chr16	85879994	85929994	8
chr11	64841728	64891728	2
chr5	172138996	172188996	4
chr17	49707438	49757438	3
chr19	41300095	41350095	8
chr17	77434118	77484118	8
chr5	141326033	141376033	14
chr15	31323597	31373597	2
chr2	176091272	176141272	14
chr10	14540401	14590401	15
chr6	10380567	10430567	14
chr16	84568194	84618194	2
chr11	33852054	33902253	2
chr12	6913436	6963637	8
chr1	40032328	40082328	4
chr1	155931409	155981409	8
chr12	120218197	120268197	2
chr11	67389529	67439529	10
chr8	143927632	143977632	2
chr17	39824747	39874747	1
chr19	2040401	2090401	8
chr8	27318083	27368083	8
chr19	2041001	2091001	8
chr11	64838128	64888128	2
chr2	68362268	68412268	8
chr10	8025237	8075237	1
chrX	65666933	65717338	15
chr11	33859854	33910053	2
chr19	16110590	16160789	8
chr1	155929809	155979809	8
chr22	39928196	39978196	15
chr8	27369483	27419483	12
chr1	155940009	155990009	8
chr12	6307034	6357034	8
chr19	41286095	41336095	8
