chr7	27179000	27229000	1
chr17	46640800	46690800	11
chr15	96863400	96913400	3
chr12	54378600	54428600	12
chr15	25291200	25341200	8
chr2	132995800	133045800	11
chr4	40400	90400	8
chr5	140762200	140812200	1
chr10	42355200	42405200	8
chr21	10774200	10824200	8
chr6	10380600	10430600	11
chr2	176956200	177006200	11
chr16	33933000	33983000	11
chr19	58738800	58788800	2
chr13	100601600	100651600	10
chr5	92903000	92953000	12
chr12	133655400	133705400	8
chr19	13105600	13155600	2
chr2	132989600	133039600	11
chr2	89830400	89880400	8
chr3	147093200	147143200	11
chr19	58679800	58729800	1
chr22	46448800	46498800	3
chr10	39104800	39154800	8
chr16	46385800	46435800	8
chr19	58475000	58525000	2
chr4	417200	467200	2
chr17	77746400	77796400	11
chr10	39089000	39139000	8
chr2	91771800	91821800	11
chr12	115100200	115150200	3
chr15	89903000	89953000	11
chr16	46391600	46441600	8
chr19	37004000	37054000	2
chr19	13097600	13147600	2
chr4	174413800	174463800	11
chr2	91774600	91824600	11
chr8	11533400	11583400	11
chr4	29000	79000	8
chr19	37201000	37251000	8
chr21	11097600	11147600	8
chr2	177007600	177057600	11
chr10	8068200	8118200	11
chr19	52358800	52408800	8
chr10	38769200	38819200	8
chr15	96848400	96898400	3
chr9	126758400	126808400	11
chr19	57044800	57094800	2
chr5	87949000	87999000	11
chr19	13161400	13211400	2
chr19	37105600	37155600	8
chr16	86508200	86558200	11
chr19	37349400	37399400	8
chr3	75688200	75738200	11
chr19	58041000	58091000	8
chr19	23518000	23568000	8
chr11	31812200	31862200	10
chr10	102468800	102518800	12
chr19	1239600	1289600	3
chr4	407000	457000	8
chr19	52495400	52545400	2
chr19	1236600	1286600	3
chr19	1243200	1293200	3
chr4	49107000	49157000	8
chr19	37903400	37953400	8
chr17	77776000	77826000	11
chr2	223136800	223186800	11
chr3	181409600	181459600	11
chr19	37281800	37331800	8
chr19	38022400	38072400	8
chr19	9447600	9497600	8
chr19	52868200	52918200	2
chr22	36719600	36769600	6
chr19	57037800	57087800	2
chr1	832400	882400	11
chr7	27237000	27287000	11
chr7	96612000	96662000	11
chr16	729200	779200	3
chr19	37210400	37260400	8
chr22	46427000	46477000	3
chr2	92275000	92325000	8
chr2	45144800	45194800	11
chr4	331600	381600	2
chr2	219717600	219767600	11
chr17	36713800	36763800	11
chr5	178353800	178403800	1
chr3	75758800	75808800	8
chr5	42991400	43041400	11
chr21	10823800	10873800	8
chr19	13168200	13218200	2
chr19	56885800	56935800	2
chr2	105451000	105501000	11
chr17	21185200	21235200	10
chr19	52353400	52403400	1
chr17	21184400	21234400	10
chr17	46787000	46837000	11
chr17	21178400	21228400	10
chr12	133483800	133533800	8
chr10	118885600	118935600	11
chr16	67183800	67233800	3
