chr19	17683400	17693400	22
chr7	104579600	104589600	18
chr19	15283000	15293000	11
chr11	47375800	47385800	1
chr19	42701000	42711000	11
chr19	50058800	50068800	11
chr2	64480600	64490600	11
chr2	85530600	85540600	11
chr7	100397000	100407000	11
chr1	44300000	44310000	20
chr8	54678000	54688000	18
chr5	140798000	140808000	20
chr1	147993600	148003600	22
chr1	213073000	213083000	11
chr16	90053400	90063400	11
chr6	125600400	125610400	11
chr5	176789000	176799000	1
chr19	8589400	8599400	22
chr6	35277000	35287000	1
chr5	140936800	140946800	13
chr14	24662800	24672800	3
chr19	49838200	49848200	22
chr19	7610800	7620800	22
chr15	65023200	65033200	11
chr5	176934800	176944800	11
chr1	43469800	43479800	18
chr15	40259600	40269600	11
chr1	202821200	202831200	2
chr19	10436800	10446800	1
chr7	137558400	137568400	11
chr11	65374200	65384200	1
chr16	15762600	15772600	11
chr8	134536000	134546000	14
chr19	58706600	58716600	20
chr19	36718200	36728200	20
chr17	57830800	57840800	18
chr17	65739800	65749800	11
chr3	196511800	196521800	18
chr17	57914000	57924000	9
chr2	86259000	86269000	11
chr11	62380400	62390400	18
chr19	10463000	10473000	1
chr13	113554800	113564800	11
chr11	65626000	65636000	1
chr19	52403000	52413000	20
chr6	74223600	74233600	11
chr19	9758200	9768200	20
chr19	10688800	10698800	11
chr8	8200200	8210200	5
chrX	130949400	130959400	20
chr10	82257200	82267200	10
chr11	118781200	118791200	9
chr18	20810800	20820800	11
chr19	12983000	12993000	22
chr22	39706000	39716000	9
chr5	156810200	156820200	18
chr15	65587800	65597800	2
chr19	15562800	15572800	22
chr19	17950000	17960000	2
chr19	52391800	52401800	20
chrX	130880000	130890000	11
chr4	26405000	26415000	20
chr12	120794400	120804400	11
chr2	37427400	37437400	20
chr2	27656400	27666400	11
chr1	36635600	36645600	11
chr4	113273400	113283400	2
chr15	62180200	62190200	15
chr7	98732600	98742600	1
chr12	122019200	122029200	18
chr1	45187200	45197200	18
chr18	56554000	56564000	6
chr17	43312000	43322000	23
chr2	120546200	120556200	10
chr8	22871800	22881800	11
chr12	109225000	109235000	10
chr16	3333800	3343800	4
chr20	29515600	29525600	22
chr10	74087800	74097800	13
chr3	14180600	14190600	11
chr4	140072200	140082200	13
chr17	2770600	2780600	13
chr15	99365600	99375600	20
chr19	57979600	57989600	22
chr1	151873600	151883600	1
chr14	75741200	75751200	9
chr19	58192800	58202800	4
chr5	140691400	140701400	20
chr19	53053200	53063200	20
chr17	7753000	7763000	1
chr9	130206200	130216200	9
chr19	49464400	49474400	9
chr15	45337200	45347200	20
chr12	53294200	53304200	1
chr18	77902800	77912800	22
chr7	5563000	5573000	11
chr5	140808000	140818000	20
chr7	150815000	150825000	1
chr3	193371600	193381600	18
chr11	61730200	61740200	9
