chr16	86490794	86515794	12
chr16	86493394	86518394	22
chr11	34620253	34645253	11
chr7	27161981	27186981	22
chr7	27166981	27191981	24
chr13	27955063	27980063	9
chr11	34621653	34646653	11
chr17	48545238	48570238	22
chr16	86486794	86511794	22
chr14	99241263	99266263	10
chr2	217897277	217922277	11
chr19	12996986	13021986	4
chr14	99242063	99267063	10
chr17	48546438	48571438	22
chr17	48580638	48605638	24
chr1	30736953	30761953	4
chr18	22174039	22199238	18
chr18	22173239	22198438	18
chr14	99240263	99265263	10
chr17	50187239	50212239	18
chr11	1861770	1886770	9
chr17	50183439	50208439	11
chr5	150161637	150186637	1
chr5	150164237	150189237	1
chr19	1064401	1089401	16
chr20	44388160	44413160	22
chr14	99250863	99275863	10
chr17	48623238	48648238	23
chr11	128714305	128739305	4
chr1	10668543	10693543	14
chr8	133052955	133077955	9
chr16	88464792	88489792	19
chr21	44896685	44921685	10
chr14	99252463	99277463	10
chr2	132254827	132279827	23
chr11	128715905	128740905	4
chr9	113501520	113526520	4
chr19	13007386	13032386	4
chr17	48541238	48566238	22
chr11	1864970	1889970	9
chr10	79397444	79422444	12
chr11	119683090	119708090	16
chr17	48593638	48618638	9
chr16	88466992	88491992	19
chr15	40333399	40358399	1
chr9	113503120	113528120	4
chr10	11160837	11185837	9
chr5	149406237	149431237	18
chr19	1062401	1087401	16
chr8	11696491	11721491	3
chr8	133053955	133079156	9
chr17	45220033	45245033	23
chr16	70686697	70711697	3
chr21	44906685	44931685	10
chr21	44906885	44931885	10
chr5	132455108	132480108	9
chr2	199452277	199477277	23
chr6	39195424	39220424	18
chr7	27116981	27141981	4
chr2	199451877	199476877	23
chr11	1978570	2003570	14
chr17	48994638	49019638	24
chr12	6942437	6967437	14
chr15	96336571	96361571	10
chr1	207804855	207829855	11
chr21	44899085	44924085	10
chr17	61389639	61414639	23
chr1	206921455	206946455	1
chr5	149771037	149796037	9
chr9	137216748	137241748	8
chr8	17778891	17803891	9
chr6	138484663	138509663	22
chr16	67427897	67452897	18
chr16	88469192	88494192	19
chr6	41711262	41736262	4
chr11	34632653	34657653	16
chr9	136839548	136864548	22
chr1	17558705	17583705	18
chr5	132412108	132437108	13
chr18	77051644	77076644	11
chr9	137292748	137317748	9
chr16	88475992	88500992	11
chr16	57621088	57646088	9
chr9	89422085	89447085	14
chr16	27221879	27246879	3
chr17	75526719	75551719	9
chr20	38141998	38166998	22
chr1	1019020	1044020	9
chr12	54015416	54040416	23
chr9	95080918	95105918	9
chr5	116523904	116548904	9
chr5	132408508	132433508	13
chr10	11163037	11188037	9
chr11	114156278	114181278	11
chr10	103778842	103803842	9
chr21	44894485	44919485	10
chr15	89108769	89133769	13
chr10	71241843	71266843	9
chr16	67427297	67452297	18
chr14	93031255	93056255	11
