chr10	75399000	75399200	8	7.31581	-1	(1,8)	3.90316	-1	28.7858	1.51041e-05
chr15	89379200	89379400	15	5.92291	-1	(3,15)	3.8304	-1	27.7166	4.26176e-05
chr12	132767200	132767400	10	4.06987	1	(10,14)	3.186	1	27.6221	4.68014e-05
chr12	49000400	49000600	7	2.99192	-1	(9,15)	2.33909	1	27.6202	4.70141e-05
chr22	18892200	18892400	12	5.22026	1	(10,12)	3.21442	1	27.3713	5.95654e-05
chr16	33491600	33491800	8	4.42519	-1	(12,16)	4.76376	1	27.2246	6.72947e-05
chr17	47143600	47143800	12	7.11536	1	(4,12)	4.75816	1	27.1436	7.26131e-05
chr1	44412000	44412200	16	5.05693	-1	(16,16)	5.58497	-1	27.1149	7.43859e-05
chr14	103335400	103335600	3	6.57249	1	(3,8)	5.76097	1	27.1061	7.49532e-05
chr8	125433600	125433800	2	6.89788	1	(2,8)	3.61452	1	26.9887	8.16188e-05
chr22	20429400	20429600	2	6.58133	1	(4,14)	2.73438	-1	26.9575	8.37461e-05
chr17	5096800	5097000	2	4.72329	1	(2,12)	6.91886	1	26.9375	8.50225e-05
chr1	202624800	202625000	14	8.14169	1	(9,14)	3.75397	1	26.9125	8.66535e-05
chr1	148841000	148841200	4	3.60618	-1	(3,9)	3.29893	1	26.8964	8.77881e-05
chr8	20304400	20304600	11	5.90678	-1	(11,15)	7.34918	-1	26.8694	8.92772e-05
chr2	231395200	231395400	15	6.25972	1	(3,15)	2.46647	1	26.8434	9.14755e-05
chr6	31733800	31734000	8	5.47154	-1	(7,8)	5.78658	-1	26.8391	9.21846e-05
chr17	47135400	47135600	15	6.4306	1	(14,15)	4.95052	1	26.839	9.21846e-05
chr1	153991800	153992000	8	6.28715	1	(4,8)	5.94234	1	26.8118	9.45956e-05
chr11	117988200	117988400	1	5.25055	1	(1,17)	4.4792	1	26.7731	9.81411e-05
chr19	12939600	12939800	8	4.58016	1	(3,8)	5.77451	1	26.7565	9.94884e-05
chr16	1025200	1025400	10	6.25995	1	(14,16)	5.25674	-1	26.7387	0.000100623
chr2	91628400	91628600	15	6.13866	1	(14,15)	7.29977	1	26.7185	0.000102467
chr9	137142200	137142400	15	4.73105	1	(12,16)	2.37492	-1	26.7173	0.000102538
chr9	23825400	23825600	14	5.61221	1	(14,14)	3.21082	1	26.6658	0.000106792
chr9	72149400	72149600	14	7.21721	1	(1,15)	5.31771	-1	26.6556	0.000107998
chr17	75777000	75777200	8	6.01904	1	(4,8)	6.04187	1	26.6295	0.000110338
chr14	73239000	73239200	14	7.12839	1	(3,14)	7.30427	1	26.5991	0.000113954
chr16	3431800	3432000	12	6.41313	-1	(2,2)	6.14187	1	26.5839	0.000115656
chr10	46107000	46107200	3	5.58391	1	(3,14)	6.68039	1	26.5793	0.000116223
chr12	120497600	120497800	4	6.31275	-1	(1,8)	4.86429	1	26.4982	0.000124024
chr12	53750400	53750600	9	6.24233	1	(9,14)	5.53211	1	26.4907	0.000125016
chr19	49514000	49514200	8	2.90373	-1	(3,8)	1.59575	-1	26.4732	0.000126718
chr3	120448800	120449000	4	5.79335	1	(4,14)	5.37762	1	26.4606	0.000127782
chr17	4946600	4946800	8	7.26048	-1	(4,8)	4.20382	-1	26.4507	0.000129484
chr19	21567600	21567800	2	6.28791	1	(2,12)	9.63811	1	26.4357	0.000130477
chr6	166008000	166008200	15	4.17395	1	(14,15)	2.4936	1	26.4079	0.000132462
chr16	19115400	19115600	8	6.23406	-1	(4,8)	3.62397	-1	26.4029	0.000133242
chr4	10457800	10458000	14	5.64221	1	(4,14)	2.17429	1	26.3994	0.000133455
chr9	72149200	72149400	2	5.16284	1	(2,14)	3.6778	1	26.3539	0.000138348
chr1	44412400	44412600	8	6.44323	1	(16,16)	5.58497	-1	26.335	0.000140191
chr6	26240800	26241000	14	9.36873	1	(14,14)	11.201	1	26.3268	0.000141326
chr19	15452600	15452800	14	6.71501	1	(4,14)	6.42334	1	26.3118	0.00014317
chr1	242525200	242525400	3	6.55168	1	(3,14)	3.10598	1	26.3035	0.000143524
chr6	28218200	28218400	14	7.48431	1	(14,14)	3.20085	1	26.291	0.000145084
chr1	148809000	148809200	16	6.99659	-1	(3,14)	8.48189	1	26.2811	0.000146361
chr17	72118400	72118600	3	7.02595	1	(3,14)	8.86724	1	26.2677	0.000147424
chr5	176744200	176744400	16	7.29416	-1	(11,16)	4.41287	-1	26.2442	0.000149339
chr1	143805000	143805200	4	5.53681	-1	(2,14)	4.04012	1	26.225	0.000151325
chr2	66577200	66577400	15	11.2724	1	(15,15)	9.44585	1	26.1964	0.000154586
chr2	85541000	85541200	8	8.05334	1	(8,8)	3.3513	1	26.1782	0.000156217
chr11	46279000	46279200	15	4.40799	1	(15,15)	3.35318	1	26.1755	0.00015643
chr8	125434200	125434400	11	4.60836	1	(7,8)	3.0513	-1	26.1672	0.00015721
chr6	26249600	26249800	14	9.42407	1	(14,14)	11.201	1	26.166	0.000157565
chr11	65647000	65647200	1	4.99542	1	(3,7)	2.99497	-1	26.1221	0.000163876
chr3	184381600	184381800	15	4.24008	-1	(9,15)	2.4193	-1	26.12	0.000164301
chr7	47453000	47453200	9	6.2491	-1	(3,9)	3.70732	-1	26.105	0.0001665
chr3	147391200	147391400	14	5.7555	1	(1,14)	6.30949	1	26.1049	0.0001665
chr10	52314600	52314800	3	5.52433	1	(2,3)	5.93688	1	26.1024	0.000166712
chr1	207820400	207820600	8	6.02669	1	(3,8)	8.81974	1	26.0915	0.000167634
chr19	3605800	3606000	16	5.48488	1	(2,16)	4.44228	1	26.0812	0.00016884
chr17	75720600	75720800	14	5.77507	1	(3,14)	6.29822	1	26.0802	0.000168911
chr6	26225200	26225400	14	6.6912	1	(14,14)	5.16773	1	26.0683	0.000170541
chr9	124018400	124018600	15	10.1119	-1	(15,15)	7.68317	-1	26.0673	0.000170683
chr15	96334000	96334200	14	7.04925	1	(1,14)	7.80449	1	26.0644	0.000171038
chr22	50529200	50529400	1	5.90286	1	(1,15)	5.0524	1	26.0617	0.000171463
chr1	11802000	11802200	7	4.31634	1	(1,7)	3.60871	1	26.0588	0.000171605
chr17	7383600	7383800	14	6.02367	1	(3,14)	4.43928	1	26.0529	0.000172102
chr3	147392000	147392200	15	4.37426	-1	(1,14)	5.68556	1	26.0442	0.000173094
chr9	89176000	89176200	14	7.43871	1	(14,14)	3.11895	1	26.0201	0.000176285
chr19	58229600	58229800	12	7.17699	-1	(4,4)	7.18781	1	26.0133	0.000177136
chr17	82846000	82846200	3	5.33516	1	(3,4)	3.25618	1	26.0129	0.000177207
chr19	58182200	58182400	12	5.57126	1	(1,12)	6.15841	1	26.0103	0.000177633
chr12	114668000	114668200	15	5.81397	1	(14,15)	3.74863	1	26.0089	0.000177987
chr1	166921200	166921400	4	3.94081	1	(4,5)	1.99309	1	26.0004	0.000178413
chr3	4983200	4983400	3	5.04506	1	(3,8)	4.33662	1	25.9915	0.000179618
chr3	4982800	4983000	1	6.64727	1	(1,8)	6.54062	1	25.9829	0.000180965
chr5	176618800	176619000	15	5.84461	-1	(15,15)	4.87308	-1	25.9701	0.000182738
chr10	127797200	127797400	12	6.1899	1	(12,16)	6.88464	1	25.9507	0.000185078
chr19	57706200	57706400	12	4.21708	-1	(12,12)	3.65859	-1	25.9392	0.000186355
chr19	47714000	47714200	4	5.97024	-1	(1,12)	3.07111	1	25.9245	0.000187844
chr11	117877400	117877600	3	8.27692	1	(3,16)	7.44676	1	25.9081	0.000190822
chr10	17231400	17231600	14	6.08044	1	(4,14)	6.50586	1	25.9034	0.000191318
chr17	45241200	45241400	3	6.91868	1	(3,14)	8.48189	1	25.8883	0.000192666
chr17	7703200	7703400	2	3.8791	1	(2,7)	3.31699	1	25.8739	0.000194013
chr20	21507800	21508000	15	5.91821	1	(3,15)	7.02624	1	25.8698	0.000194368
chr17	41967800	41968000	7	6.76524	-1	(3,8)	8.76234	1	25.8679	0.000194509
chr1	220882200	220882400	17	4.45152	1	(2,17)	3.79445	1	25.856	0.000196566
chr6	28586400	28586600	14	8.53966	1	(14,16)	6.44108	1	25.8472	0.000197913
chr19	6753400	6753600	3	6.12093	-1	(2,4)	4.59861	1	25.8314	0.00019997
chr6	134170400	134170600	1	5.88393	1	(1,8)	9.54869	1	25.8257	0.000200891
chr14	77139200	77139400	3	5.65977	1	(3,14)	4.3592	1	25.8252	0.000200891
chr4	171812400	171812600	3	5.63621	1	(3,14)	8.63049	1	25.8166	0.000201884
chr11	825800	826000	7	5.51013	-1	(5,16)	3.02543	1	25.8165	0.000201884
chr20	18058600	18058800	15	7.1479	1	(14,15)	6.90117	1	25.8162	0.000201884
chr5	2755000	2755200	14	6.98548	1	(14,16)	5.02933	1	25.8133	0.00020231
chr5	114363800	114364000	4	4.76401	-1	(4,16)	3.81739	-1	25.8128	0.000202381
chr2	169363200	169363400	14	7.61381	1	(3,14)	7.74738	1	25.8086	0.000203302
chr18	12287400	12287600	16	5.2589	1	(14,16)	3.89558	1	25.8034	0.000203373
chr19	48873400	48873600	3	8.78872	1	(1,8)	8.09804	-1	25.793	0.000204366
