chr3	196898729	196898929	14	9.24518	1	(14,14)	6.35171	1	12.4949
chr9	99824918	99825118	14	10.4367	1	(14,14)	8.6889	1	12.2146
chr19	2042201	2042401	10	7.36918	1	(8,10)	6.02101	1	12.0841
chr6	29945023	29945223	8	11.2107	1	(8,8)	10.3999	1	12.0216
chr3	157158411	157158611	8	11.2107	1	(8,8)	10.3999	1	12.0216
chr17	47143834	47144034	7	4.67166	1	(7,14)	5.39025	1	12.0131
chr5	141319833	141320033	12	4.63562	1	(4,12)	4.88102	1	11.9661
chr17	8156682	8156882	10	11.5065	1	(10,10)	11.0592	1	11.9538
chr20	49280263	49280463	8	9.12877	1	(8,8)	6.61398	1	11.8967
chr4	49105583	49105783	14	5.41795	1	(12,14)	5.90636	1	11.8764
chr10	41710008	41710208	14	5.41795	1	(12,14)	5.90636	1	11.8764
chr9	114379320	114379520	8	11.8698	1	(8,8)	11.8698	1	11.8698
chr9	114368520	114368720	8	11.8698	1	(8,8)	11.8698	1	11.8698
chr9	114364120	114364320	8	11.8698	1	(8,8)	11.8698	1	11.8698
chr6	32975023	32975223	8	11.8698	1	(8,8)	11.8698	1	11.8698
chr6	31354623	31354823	8	11.8698	1	(8,8)	11.8698	1	11.8698
chr6	24858972	24859172	8	11.8698	1	(8,8)	11.8698	1	11.8698
chr6	159041968	159042168	8	11.8698	1	(8,8)	11.8698	1	11.8698
chr5	179621599	179621799	8	11.8698	1	(8,8)	11.8698	1	11.8698
chr5	172769197	172769397	8	11.8698	1	(8,8)	11.8698	1	11.8698
chr5	132488708	132488908	8	11.8698	1	(8,8)	11.8698	1	11.8698
chr2	136115630	136115830	8	11.8698	1	(8,8)	11.8698	1	11.8698
chr19	3984002	3984202	8	11.8698	1	(8,8)	11.8698	1	11.8698
chr19	1076201	1076401	8	11.8698	1	(8,8)	11.8698	1	11.8698
chr17	41690148	41690348	8	11.8698	1	(8,8)	11.8698	1	11.8698
chr15	81304459	81304659	8	11.8698	1	(8,8)	11.8698	1	11.8698
chr15	44715802	44716002	8	11.8698	1	(8,8)	11.8698	1	11.8698
chr14	35402394	35402594	8	11.8698	1	(8,8)	11.8698	1	11.8698
chr11	73978955	73979155	8	11.8698	1	(8,8)	11.8698	1	11.8698
chr11	65505729	65505929	8	11.8698	1	(8,8)	11.8698	1	11.8698
chr1	145993868	145994068	8	11.8698	1	(8,8)	11.8698	1	11.8698
chr10	3781208	3781408	8	11.8698	1	(8,8)	11.8698	1	11.8698
chr12	133081814	133082014	12	5.6161	1	(4,12)	4.44643	1	11.8636
chr10	41875408	41875608	14	7.7571	1	(12,14)	5.5007	1	11.836
chr10	41855008	41855208	14	7.7571	1	(12,14)	5.5007	1	11.836
chr10	41710808	41711008	14	7.7571	1	(12,14)	5.5007	1	11.836
chr4	49657583	49657783	14	8.33431	1	(14,14)	5.33095	1	11.8206
chr21	10326056	10326256	14	8.33431	1	(14,14)	5.33095	1	11.8206
chr19	27245892	27246092	14	8.33431	1	(14,14)	5.33095	1	11.8206
chr19	52454147	52454347	4	5.98255	1	(4,12)	7.43339	1	11.8176
chr2	89840390	89840590	14	7.17826	1	(12,14)	6.11008	1	11.8147
chr9	63859866	63860066	12	5.88539	1	(1,12)	7.21323	1	11.7718
chr7	142801316	142801516	8	10.4096	1	(8,8)	9.03475	1	11.7681
chr16	14486943	14487143	14	10.8857	1	(14,14)	10.0079	1	11.7635
chr12	127165855	127166055	14	10.8857	1	(14,14)	10.0079	1	11.7635
chr10	133763475	133763675	14	6.5931	1	(12,14)	6.51923	1	11.7526
chr17	47171834	47172034	14	7.10185	1	(12,14)	4.99718	1	11.7497
chr1	156216409	156216609	14	9.49336	1	(14,14)	7.47058	1	11.7127
chrX	154379040	154379240	10	8.58024	1	(10,10)	5.93389	1	11.7032
chr12	10139	10339	14	7.67679	1	(14,14)	4.40684	1	11.6859
chr7	5528769	5528969	8	11.0412	1	(8,8)	10.3999	1	11.6825
chr6	30492623	30492823	8	11.0412	1	(8,8)	10.3999	1	11.6825
chr17	64504682	64504882	8	11.0412	1	(8,8)	10.3999	1	11.6825
chr11	123060692	123060892	8	11.0412	1	(8,8)	10.3999	1	11.6825
chr19	57935232	57935432	12	6.30053	1	(1,12)	6.84214	1	11.6699
chr3	43013708	43013908	10	6.18538	1	(10,12)	6.99865	1	11.6593
chr9	40880172	40880372	14	7.76915	1	(12,14)	6.72462	1	11.6588
chr5	50109966	50110166	14	7.76915	1	(12,14)	6.72462	1	11.6588
chr3	75670449	75670649	14	7.76915	1	(12,14)	6.72462	1	11.6588
chr2	92129774	92129974	14	7.76915	1	(12,14)	6.72462	1	11.6588
chr2	92112974	92113174	14	7.76915	1	(12,14)	6.72462	1	11.6588
chr2	92103174	92103374	14	7.76915	1	(12,14)	6.72462	1	11.6588
chr2	132262627	132262827	14	7.76915	1	(12,14)	6.72462	1	11.6588
chr19	27248292	27248492	14	7.76915	1	(12,14)	6.72462	1	11.6588
chr16	34158733	34158933	14	7.76915	1	(12,14)	6.72462	1	11.6588
chr11	54549079	54549279	14	7.76915	1	(12,14)	6.72462	1	11.6588
chr11	54527879	54528079	14	7.76915	1	(12,14)	6.72462	1	11.6588
chr10	41847408	41847608	14	7.76915	1	(12,14)	6.72462	1	11.6588
chr10	41841608	41841808	14	7.76915	1	(12,14)	6.72462	1	11.6588
chr10	41708208	41708408	14	7.76915	1	(12,14)	6.72462	1	11.6588
chr7	62510822	62511022	14	8.33502	1	(12,14)	6.00815	1	11.6524
chr4	67399882	67400082	14	8.33502	1	(12,14)	6.00815	1	11.6524
chr2	92135574	92135774	14	8.33502	1	(12,14)	6.00815	1	11.6524
chr2	92117974	92118174	14	8.33502	1	(12,14)	6.00815	1	11.6524
chr19	27242292	27242492	14	8.33502	1	(12,14)	6.00815	1	11.6524
chr18	20938239	20938439	14	8.33502	1	(12,14)	6.00815	1	11.6524
chr17	22760673	22760873	14	8.33502	1	(12,14)	6.00815	1	11.6524
chr9	63365628	63365828	14	7.15265	1	(12,14)	4.99718	1	11.6409
chr8	43239857	43240057	14	7.15265	1	(12,14)	4.99718	1	11.6409
chr10	41697808	41698008	14	7.15265	1	(12,14)	4.99718	1	11.6409
chr14	68790083	68790283	8	9.04124	1	(8,8)	6.61398	1	11.6294
chr1	150575924	150576124	8	9.04124	1	(8,8)	6.61398	1	11.6294
chr3	186785011	186785211	8	11.0143	1	(8,8)	10.3999	1	11.6287
chr22	39521595	39521795	8	11.0143	1	(8,8)	10.3999	1	11.6287
chr17	7574282	7574482	8	11.0143	1	(8,8)	10.3999	1	11.6287
chr14	69768483	69768683	8	11.0143	1	(8,8)	10.3999	1	11.6287
chr11	64776928	64777128	8	11.0143	1	(8,8)	10.3999	1	11.6287
chr7	61096675	61096875	14	7.19798	1	(12,14)	7.24035	1	11.6231
chr2	92130574	92130774	14	7.19798	1	(12,14)	7.24035	1	11.6231
chr2	92085374	92085574	14	7.19798	1	(12,14)	7.24035	1	11.6231
chr22	18894487	18894687	14	7.19798	1	(12,14)	7.24035	1	11.6231
chr10	41838008	41838208	14	7.19798	1	(12,14)	7.24035	1	11.6231
chr1	101239044	101239244	8	7.7022	1	(8,8)	4.59706	1	11.6187
chr17	47181634	47181834	14	8.16957	1	(14,14)	5.33095	1	11.614
chr9	70038284	70038484	14	8.90049	1	(14,14)	6.35171	1	11.6084
chr8	45940778	45940978	14	8.90049	1	(14,14)	6.35171	1	11.6084
chr7	62514622	62514822	14	8.90049	1	(14,14)	6.35171	1	11.6084
chr4	79353446	79353646	14	8.90049	1	(14,14)	6.35171	1	11.6084
chr2	92132174	92132374	14	8.90049	1	(14,14)	6.35171	1	11.6084
chr2	92121174	92121374	14	8.90049	1	(14,14)	6.35171	1	11.6084
