chr11	2162200	2172200	24
chr17	46643800	46653800	3
chr17	46641800	46651800	23
chr17	46625600	46635600	23
chr17	46624600	46634600	23
chr1	26383600	26393600	11
chr12	54423000	54433000	24
chr17	47075200	47085200	4
chr2	133022600	133032600	21
chr17	46621600	46631600	15
chr1	26384200	26394200	11
chr9	139555400	139565400	2
chr2	133025000	133035000	22
chr2	189841800	189851800	1
chr7	94026400	94036400	3
chr17	48263600	48273600	9
chr14	23894400	23904400	20
chr9	139554400	139564400	2
chr1	119516800	119526800	12
chr1	119516200	119526200	12
chr17	46638800	46648800	23
chrX	135279200	135289200	1
chr7	94025400	94035400	9
chr12	54429200	54439200	10
chr2	189840000	189850000	1
chr17	47073000	47083000	4
chr7	27176400	27186400	18
chr7	27175400	27185400	18
chr17	48265000	48275000	9
chr1	40096600	40106600	12
chrX	135279600	135289600	1
chr4	100565000	100575000	9
chr7	27159200	27169200	11
chr14	101361000	101371000	9
chr17	48340600	48350600	3
chr7	27140200	27150200	23
chr19	18546800	18556800	22
chr22	36003400	36013400	22
chr7	27159400	27169400	11
chr14	101288400	101298400	9
chr5	92919600	92929600	4
chr1	119518000	119528000	12
chr3	13054400	13064400	4
chr6	52000000	52010000	4
chr7	27170600	27180600	22
chr9	139552800	139562800	2
chr7	94024600	94034600	9
chr19	18547400	18557400	22
chr3	13050400	13060400	4
chr10	131747400	131757400	23
chr10	69865600	69875600	13
chr3	13053800	13063800	4
chr11	2149600	2159600	9
chr2	179664000	179674000	18
chr7	23504600	23514600	24
chr14	101348400	101358400	19
chr7	23504400	23514400	24
chr14	101288200	101298200	9
chr6	118869000	118879000	9
chr19	45816400	45826400	16
chr14	101350400	101360400	19
chr22	36004400	36014400	22
chr19	13202200	13212200	11
chr5	177541800	177551800	3
chr14	101302800	101312800	19
chrX	135281000	135291000	1
chr1	201071400	201081400	13
chr20	33566200	33576200	10
chr17	46664400	46674400	24
chr16	88450800	88460800	23
chr7	27140600	27150600	23
chr1	18958000	18968000	23
chr19	13202600	13212600	11
chr5	177542000	177552000	3
chr2	121492200	121502200	4
chr20	61152000	61162000	23
chr1	228552600	228562600	22
chr7	23503400	23513400	24
chrX	33220400	33230400	4
chr17	48279000	48289000	3
chr1	201072000	201082000	13
chr11	113932800	113942800	24
chr1	228553600	228563600	22
chrX	135276800	135286800	1
chr12	101986800	101996800	3
chr5	92918000	92928000	4
chr10	114885000	114895000	22
chr10	50508600	50518600	21
chr1	209816200	209826200	14
chr17	48278600	48288600	3
chr17	10552400	10562400	1
chr16	33950200	33960200	23
chr2	133028000	133038000	22
chr3	42736800	42746800	4
chr1	160085800	160095800	4
chr1	167597400	167607400	5
chr2	152582400	152592400	16
chr6	117587600	117597600	4
chr10	50505600	50515600	22
chr3	99823400	99833400	15
