chr7	158595200	158595400	14	7.86432	1	(8,14)	7.87936	1	15.0498
chr19	7450600	7450800	8	6.76497	1	(8,12)	8.35417	1	15.0441
chr19	7450400	7450600	12	5.59662	1	(8,12)	5.40232	1	14.0576
chr9	137147200	137147400	16	4.16999	1	(8,16)	3.82963	1	13.939
chr12	2255800	2256000	7	4.24808	1	(7,14)	3.91237	1	13.8155
chr5	141319600	141319800	12	7.19088	1	(4,12)	6.78582	1	13.7787
chr19	57616000	57616200	12	7.30941	1	(4,12)	10.513	1	13.663
chr19	57475800	57476000	12	7.30941	1	(4,12)	10.513	1	13.663
chr5	141319800	141320000	4	7.12769	1	(4,12)	6.78582	1	13.6443
chr17	77174800	77175000	12	6.10143	1	(8,12)	5.40232	1	13.5279
chr17	43304600	43304800	14	10.4822	1	(14,14)	7.58676	1	13.3777
chr19	57476000	57476200	4	8.80197	1	(4,12)	8.63557	1	13.3388
chr9	137143200	137143400	16	5.26266	1	(8,16)	5.91158	1	13.3086
chr15	77699400	77699600	8	4.32669	1	(8,14)	3.7492	1	13.2292
chr5	141320000	141320200	3	6.91259	1	(3,12)	7.76833	1	13.1975
chr9	137142200	137142400	15	3.67479	1	(8,15)	1.80157	1	13.1872
chr17	43304800	43305000	15	5.35986	1	(14,15)	4.97671	1	13.1794
chr9	93953200	93953400	15	13.1572	1	(15,15)	13.1572	1	13.1572
chr9	124504000	124504200	15	13.1572	1	(15,15)	13.1572	1	13.1572
chr9	122220000	122220200	15	13.1572	1	(15,15)	13.1572	1	13.1572
chr8	26042800	26043000	15	13.1572	1	(15,15)	13.1572	1	13.1572
chr8	143385400	143385600	15	13.1572	1	(15,15)	13.1572	1	13.1572
chr7	27245400	27245600	15	13.1572	1	(15,15)	13.1572	1	13.1572
chr7	157020800	157021000	15	13.1572	1	(15,15)	13.1572	1	13.1572
chr7	157004200	157004400	15	13.1572	1	(15,15)	13.1572	1	13.1572
chr7	155380400	155380600	15	13.1572	1	(15,15)	13.1572	1	13.1572
chr7	1248200	1248400	15	13.1572	1	(15,15)	13.1572	1	13.1572
chr5	73232800	73233000	15	13.1572	1	(15,15)	13.1572	1	13.1572
chr4	794800	795000	15	13.1572	1	(15,15)	13.1572	1	13.1572
chr4	174218200	174218400	15	13.1572	1	(15,15)	13.1572	1	13.1572
chr3	138937400	138937600	15	13.1572	1	(15,15)	13.1572	1	13.1572
chr2	74499000	74499200	15	13.1572	1	(15,15)	13.1572	1	13.1572
chr2	219059800	219060000	15	13.1572	1	(15,15)	13.1572	1	13.1572
chr2	216637200	216637400	15	13.1572	1	(15,15)	13.1572	1	13.1572
chr19	41941200	41941400	15	13.1572	1	(15,15)	13.1572	1	13.1572
chr1	941000	941200	15	13.1572	1	(15,15)	13.1572	1	13.1572
chr1	939600	939800	15	13.1572	1	(15,15)	13.1572	1	13.1572
chr19	10008800	10009000	15	13.1572	1	(15,15)	13.1572	1	13.1572
chr17	79812400	79812600	15	13.1572	1	(15,15)	13.1572	1	13.1572
chr17	76077000	76077200	15	13.1572	1	(15,15)	13.1572	1	13.1572
chr17	36938600	36938800	15	13.1572	1	(15,15)	13.1572	1	13.1572
chr1	6423800	6424000	15	13.1572	1	(15,15)	13.1572	1	13.1572
chr16	3171000	3171200	15	13.1572	1	(15,15)	13.1572	1	13.1572
chr16	165400	165600	15	13.1572	1	(15,15)	13.1572	1	13.1572
chr15	92344600	92344800	15	13.1572	1	(15,15)	13.1572	1	13.1572
chr15	74137000	74137200	15	13.1572	1	(15,15)	13.1572	1	13.1572
chr1	5485800	5486000	15	13.1572	1	(15,15)	13.1572	1	13.1572
chr14	103105000	103105200	15	13.1572	1	(15,15)	13.1572	1	13.1572
chr12	53995200	53995400	15	13.1572	1	(15,15)	13.1572	1	13.1572
chr1	2531200	2531400	15	13.1572	1	(15,15)	13.1572	1	13.1572
chr12	51846400	51846600	15	13.1572	1	(15,15)	13.1572	1	13.1572
chr12	48003400	48003600	15	13.1572	1	(15,15)	13.1572	1	13.1572
chr12	47903800	47904000	15	13.1572	1	(15,15)	13.1572	1	13.1572
chr11	69700800	69701000	15	13.1572	1	(15,15)	13.1572	1	13.1572
chr1	16703600	16703800	15	13.1572	1	(15,15)	13.1572	1	13.1572
chr1	15757600	15757800	15	13.1572	1	(15,15)	13.1572	1	13.1572
chr11	46279600	46279800	15	13.1572	1	(15,15)	13.1572	1	13.1572
chr11	124867000	124867200	15	13.1572	1	(15,15)	13.1572	1	13.1572
chr1	10788000	10788200	15	13.1572	1	(15,15)	13.1572	1	13.1572
chr10	46575000	46575200	15	13.1572	1	(15,15)	13.1572	1	13.1572
chr10	123133400	123133600	15	13.1572	1	(15,15)	13.1572	1	13.1572
chr10	101226200	101226400	15	13.1572	1	(15,15)	13.1572	1	13.1572
chrX	112313200	112313400	12	6.91891	1	(12,15)	7.19673	1	13.1016
chr17	47141600	47141800	12	6.51839	1	(12,15)	3.40789	1	13.0819
chr17	43386200	43386400	15	5.46496	1	(14,15)	3.15067	1	13.0566
chr5	169302000	169302200	15	11.0442	1	(15,15)	9.05125	1	13.0371
chr11	70828800	70829000	15	11.0442	1	(15,15)	9.05125	1	13.0371
chr19	58182200	58182400	12	5.9855	1	(1,12)	5.1503	1	12.9812
chr17	43386400	43386600	14	8.61316	1	(14,14)	4.77928	1	12.9172
chr14	67044600	67044800	12	4.98951	1	(12,14)	3.97002	1	12.9045
chr7	155402800	155403000	3	6.77128	1	(3,15)	9.28775	1	12.8937
chr20	59576400	59576600	15	9.16965	1	(15,15)	5.75561	1	12.8897
chr19	7450800	7451000	12	6.98748	1	(7,12)	9.86913	1	12.8843
chr6	170294800	170295000	15	9.23555	1	(9,15)	6.95988	1	12.8655
chr16	86492000	86492200	15	9.23555	1	(9,15)	6.95988	1	12.8655
chr2	44935000	44935200	15	10.8977	1	(15,15)	9.05125	1	12.7441
chr4	189707600	189707800	4	5.46022	1	(4,12)	4.97078	1	12.7315
chr2	176175800	176176000	15	10.8777	1	(15,15)	9.05125	1	12.7041
chr20	63854400	63854600	15	10.8777	1	(15,15)	9.05125	1	12.7041
chr15	77699600	77699800	14	3.79701	1	(9,14)	3.01506	1	12.6851
chr1	44412400	44412600	8	5.24003	1	(8,16)	2.81293	1	12.6818
chr5	37834000	37834200	15	7.11313	1	(3,15)	5.96899	1	12.6408
chr11	61588600	61588800	15	7.49338	1	(3,15)	5.96899	1	12.6188
chr17	47138600	47138800	12	6.41566	1	(4,12)	3.20243	1	12.611
chr19	57749000	57749200	7	6.64383	1	(2,7)	5.87929	1	12.5847
chr17	75777800	75778000	2	5.52695	1	(2,8)	7.23859	1	12.5788
chr17	75777400	75777600	2	5.52695	1	(2,8)	7.23859	1	12.5788
chr19	42793600	42793800	12	6.83357	1	(1,12)	7.02517	1	12.5578
chr9	137157800	137158000	15	7.07955	1	(15,16)	3.92429	1	12.5369
chr9	137142000	137142200	16	3.51141	1	(8,16)	1.81958	1	12.5299
chr17	47135400	47135600	15	7.12625	1	(14,15)	4.359	1	12.5018
chr22	25420400	25420600	15	9.00849	1	(2,15)	6.50575	1	12.488
chr17	79798200	79798400	15	9.00849	1	(2,15)	6.50575	1	12.488
chr9	137143400	137143600	15	3.55235	1	(8,16)	1.81958	1	12.4722
chr20	21507800	21508000	15	7.22181	1	(3,15)	5.96899	1	12.4682
chr10	114632800	114633000	15	7.22181	1	(3,15)	5.96899	1	12.4682
chr19	17949200	17949400	15	10.7403	1	(15,15)	9.05125	1	12.4294
chr15	40927000	40927200	15	10.7403	1	(15,15)	9.05125	1	12.4294
chr12	57621000	57621200	15	10.7403	1	(15,15)	9.05125	1	12.4294
chr11	848800	849000	15	10.7403	1	(15,15)	9.05125	1	12.4294
