chr15	25049053	25074053	8
chr1	90706043	90731043	11
chr17	79790801	79815801	11
chr17	79792001	79817001	11
chr10	123131084	123156084	11
chr10	101215043	101240043	12
chr2	118831824	118856824	10
chr14	36643995	36668995	10
chr4	173509049	173534049	10
chr7	156999906	157024906	10
chr2	172078472	172103472	10
chr10	100727643	100752643	10
chr2	176078872	176103872	11
chr11	44302250	44327250	11
chr6	1603365	1628365	11
chr10	101121043	101146043	11
chr4	4851073	4876073	11
chr15	52782603	52807603	10
chr12	53952416	53977416	12
chr6	108155196	108180196	11
chr10	8033437	8058437	12
chr1	18629506	18654506	11
chr2	222288881	222313881	10
chr2	44931661	44956661	11
chr2	176105872	176130872	10
chr21	36688300	36713300	11
chr17	48613238	48638238	10
chr6	100446324	100471324	11
chr9	126607721	126632721	11
chr16	86492794	86517794	11
chr14	36502395	36527395	11
chr17	48718838	48743838	11
chr8	11684891	11709891	12
chr1	47427328	47452328	10
chr5	88671182	88696383	11
chr2	176148472	176173472	11
chr7	1225764	1250764	12
chr13	27958863	27983863	11
chr11	31803052	31828253	12
chr10	117530689	117555689	10
chr19	1744801	1769801	12
chr19	41911648	41936648	10
chr10	99518243	99543243	11
chr19	13005186	13030186	12
chr7	27181581	27206581	10
chr12	114393195	114418195	12
chr13	78586065	78611065	10
chr20	21503562	21528562	10
chr2	218979678	219004678	11
chr4	110614844	110639844	11
chr5	173226197	173251197	11
chr12	133039214	133064214	8
chr6	1373165	1398165	11
chr6	99595124	99620124	10
chr9	123996721	124021721	11
chr15	67816462	67841462	11
chr3	128472957	128497957	11
chr7	155447505	155472505	11
chr2	70882470	70907470	11
chr16	67150097	67175097	10
chr10	41839608	41864608	8
chr15	89356569	89381569	10
chr5	135026510	135051510	11
chr15	89393769	89418769	12
chr9	122209721	122234721	10
chr17	39594547	39619547	10
chr19	58242434	58267434	8
chr12	57218017	57243017	2
chr12	53978616	54003616	10
chr14	37581195	37606195	11
chr5	77626175	77651175	10
chr17	36923716	36950500	11
chr16	56624888	56649888	10
chr19	58189633	58214834	8
chr13	112050686	112075686	11
chr12	54014616	54039616	10
chr2	218873278	218898278	11
chr7	97002688	97027688	11
chr2	74496673	74521673	11
chr2	104842342	104867342	3
chr4	146630648	146655648	10
chr17	61393639	61418639	11
chr20	22563762	22588762	12
chr5	135525910	135550910	12
chr9	93938918	93963918	11
chr3	138934158	138959158	11
chr4	13523176	13548176	11
chr2	174324072	174349072	11
chr7	27094381	27119381	10
chr2	174324672	174349672	11
chr20	21695162	21720162	12
chr1	50409928	50434928	11
chrX	617865	642865	12
chr7	27230381	27255381	11
chr6	98823324	98848324	11
chr15	96321371	96346371	3
chr21	33013092	33038092	10
chr16	56654488	56679488	10
chr4	50106	76107	8
chr1	197902070	197927070	10
