chr22	36723200	36733200	8
chr20	47895600	47905600	8
chr2	133025000	133035000	12
chr7	23504600	23514600	3
chr3	134081600	134091600	8
chr19	45252400	45262400	8
chr18	46464600	46474600	1
chr17	59478800	59488800	14
chr12	115109400	115119400	8
chr7	27178200	27188200	14
chr1	113240600	113250600	8
chr17	46124200	46134200	7
chr7	27178000	27188000	14
chr1	150540200	150550200	8
chr17	1959600	1969600	16
chr17	1956600	1966600	16
chr17	47072800	47082800	1
chr15	63335600	63345600	8
chr11	65266600	65276600	8
chr17	46666400	46676400	15
chr1	156089800	156099800	8
chr16	33949800	33959800	14
chr1	156089000	156099000	8
chr11	65268400	65278400	8
chr2	133019400	133029400	14
chr8	99952600	99962600	2
chr17	37033200	37043200	8
chr17	46623800	46633800	8
chr7	2558600	2568600	15
chr12	4380800	4390800	8
chr17	46644800	46654800	1
chr20	47897600	47907600	8
chr9	68412400	68422400	14
chr19	41303800	41313800	8
chr19	13204200	13214200	7
chr15	96877400	96887400	8
chr7	23508000	23518000	1
chr12	115111200	115121200	8
chr4	10107600	10117600	8
chr7	27204600	27214600	15
chr3	128201000	128211000	15
chr7	27223000	27233000	15
chr19	41102600	41112600	15
chr7	150940600	150950600	9
chr19	13203400	13213400	7
chr12	4379600	4389600	8
chr3	128199200	128209200	15
chr19	45250000	45260000	8
chr2	63276600	63286600	15
chr19	1251200	1261200	8
chr10	3816600	3826600	8
chr7	23501200	23511200	3
chr12	4379000	4389000	8
chr2	63276800	63286800	15
chr7	2561000	2571000	15
chr2	145264600	145274600	3
chr19	1265200	1275200	8
chr17	79475800	79485800	8
chr17	37034000	37044000	8
chr10	126836400	126846400	8
chr19	54704400	54714400	8
chr20	30299200	30309200	3
chr10	126836800	126846800	8
chr19	41103000	41113000	15
chr17	46620200	46630200	8
chr1	38460800	38470800	8
chr20	30299800	30309800	8
chr17	76347600	76357600	8
chr2	145263600	145273600	3
chr12	57628800	57638800	14
chr4	174442600	174452600	15
chr7	25893000	25903000	2
chr4	49400	59400	12
chr19	1252600	1262600	8
chrX	39941000	39951000	14
chr2	172958800	172968800	15
chr4	174443000	174453000	15
chr17	38498400	38508400	8
chrX	40025600	40035600	15
chr19	1250400	1260400	8
chr1	37937000	37947000	8
chr19	39145400	39155400	8
chr15	96863800	96873800	15
chr19	2040400	2050400	8
chr5	134362200	134372200	14
chr17	76347800	76357800	8
chr15	76627400	76637400	14
chr18	46467400	46477400	4
chr16	29817200	29827200	8
chr15	63338400	63348400	8
chr3	141122600	141132600	8
chr11	69450600	69460600	8
chr8	145007200	145017200	8
chr22	39631400	39641400	15
chr19	10397000	10407000	14
chr7	27147400	27157400	11
chrX	133676400	133686400	14
chr18	46460400	46470400	8
chr1	223899600	223909600	4
chr1	221049600	221059600	15
