chr4	89438000	89438800	16
chr19	8514400	8527800	11
chr1	94417600	94418000	1
chr2	130391200	130392600	1
chr3	194134000	194135200	1
chr16	22206000	22206200	1
chr2	65435600	65436800	1
chr14	67240600	67241000	1
chr13	75477800	75487000	1
chr13	80341200	80342200	1
chr15	70890600	70893000	1
chr11	10930800	10931800	1
chr7	113118600	113118800	1
chr8	60678200	60678400	1
chr7	10973400	10973600	1
chr10	60777400	60778200	22
chr12	57459600	57460400	1
chr1	165630200	165631200	1
chr11	72112000	72112200	1
chr4	103019200	103019600	1
chr16	75231200	75255600	4
chr1	27366400	27366600	1
chrX	43655000	43658800	1
chr12	26114000	26114600	1
chr2	133674200	133675600	22
chr11	59536600	59537600	1
chr15	45197600	45198600	1
chr15	78507200	78507800	1
chr16	22190200	22191600	1
chr17	40819000	40819600	1
chr17	55238200	55238800	1
chr3	13451600	13452000	1
chr14	72926000	72926200	1
chr5	157730400	157731600	1
chr19	12441000	12441600	1
chr7	112391800	112392000	1
chr9	32384200	32384800	1
chr9	95315800	95317000	1
chr1	165597800	165598400	1
chr5	151252800	151253200	22
chr3	130111400	130112600	22
chr17	48892000	48892600	22
chr17	18697400	18697800	22
chr14	70359800	70360800	1
chrX	54807200	54808400	1
chr6	31901400	31901800	1
chr6	116616000	116616800	1
chr4	127781800	127784600	1
chr11	86950800	86956200	1
chr1	92784600	92785400	1
chr10	22229200	22231200	1
chr17	45052000	45052200	1
chr7	100611000	100611800	1
chr12	120301600	120303000	1
chr6	144216400	144219200	1
chr17	1268400	1268600	1
chr6	71415400	71422400	1
chr6	116668800	116669400	22
chr3	52897400	52897600	1
chr2	203535400	203535800	1
chr2	44167800	44168200	1
chr1	149888200	149888800	1
chr5	66957800	66961000	22
chr8	95269800	95270200	1
chr10	50739600	50741000	1
chr8	132675200	132675600	1
chr6	156686400	156687200	1
chr6	27752000	27754800	1
chr3	105366200	105366800	1
chr12	42474800	42487400	1
chr19	15449800	15472000	11
chr12	110743600	110745000	16
chr7	24572800	24573000	1
chr3	140940800	140941800	1
chr16	31459800	31460000	1
chr6	33182800	33184600	16
chr20	35764800	35771800	13
chr12	109880400	109880600	1
chr3	49856400	49856600	1
chr10	75401200	75407200	1
chr15	41231000	41231200	1
chr1	95115800	95118000	1
chr6	35306600	35328400	11
chr3	184811000	184811800	16
chr9	37079600	37080000	1
chr12	56333600	56335200	1
chr1	173825400	173827800	22
chr6	41780000	41780800	1
chr16	5097600	5099000	1
chr9	35829400	35829600	1
chr2	183078000	183079200	1
chr4	184734000	184734400	1
chr9	81684600	81691000	1
chr10	87203200	87205000	1
chr6	99568600	99569200	1
chr19	57363000	57363600	1
chr4	51842400	51842800	1
chr4	7042400	7043200	1
chr7	130051600	130052000	16
chr1	172532000	172532200	1
