chr14	106321000	106331000	9
chr8	126953000	126963000	4
chr6	393600	403600	24
chr8	126950600	126960600	4
chr13	99699200	99709200	23
chr1	117297000	117307000	1
chr4	48131200	48141200	22
chr4	109077400	109087400	9
chr4	49400	59400	4
chr6	389800	399800	23
chr14	99724800	99734800	3
chr14	106323000	106333000	9
chr14	22950800	22960800	4
chr14	22951000	22961000	4
chrX	135730200	135740200	13
chr3	112208800	112218800	9
chr3	18470400	18480400	22
chr14	99705600	99715600	3
chr12	47603800	47613800	22
chr14	22950000	22960000	4
chr14	106323200	106333200	9
chr2	204569800	204579800	22
chr2	204569000	204579000	22
chr5	35854400	35864400	3
chr17	37928600	37938600	3
chr3	108541000	108551000	22
chr22	40349000	40359000	13
chr4	48600	58600	4
chr15	60873000	60883000	19
chr2	204800000	204810000	18
chr2	99271400	99281400	3
chr11	118208600	118218600	3
chr2	99271000	99281000	3
chr19	16479600	16489600	10
chr17	46644200	46654200	22
chr12	54688800	54698800	24
chr10	6623400	6633400	22
chr1	151794800	151804800	22
chr14	22964000	22974000	22
chr5	110560800	110570800	3
chr19	19921600	19931600	4
chr12	47607800	47617800	22
chr6	143220000	143230000	3
chr5	133451200	133461200	9
chr5	159897000	159907000	4
chr2	144004200	144014200	4
chr17	46643800	46653800	22
chr2	144004800	144014800	4
chr3	111260200	111270200	13
chr16	53483200	53493200	8
chr17	33817000	33827000	23
chr4	143316200	143326200	9
chr5	159896000	159906000	4
chr1	207078600	207088600	23
chr14	92324600	92334600	22
chr7	120629200	120639200	4
chr22	39630800	39640800	1
chr15	40390000	40400000	19
chr11	60737800	60747800	13
chr1	167398800	167408800	13
chr17	63548000	63558000	9
chr22	40298200	40308200	3
chr16	89001400	89011400	24
chrX	78400200	78410200	1
chr3	39313200	39323200	16
chr12	9819800	9829800	4
chrX	78403800	78413800	18
chr16	68103400	68113400	13
chr3	71536800	71546800	20
chr22	22290600	22300600	18
chr1	151792000	151802000	22
chr9	116279600	116289600	12
chr14	105942600	105952600	24
chr15	50399400	50409400	3
chr3	45949000	45959000	4
chr5	156606400	156616400	18
chr17	17078800	17088800	13
chr1	160591400	160601400	13
chr15	40388800	40398800	19
chr2	204797000	204807000	18
chr22	40321800	40331800	3
chr14	22988200	22998200	3
chr1	25886000	25896000	13
chrX	78196600	78206600	9
chr15	50399600	50409600	3
chr9	116347800	116357800	16
chr14	92323600	92333600	22
chr3	39312600	39322600	22
chr1	160768000	160778000	21
chr7	142502400	142512400	22
chr2	16803200	16813200	3
chr5	88120400	88130400	9
chr3	71348400	71358400	13
chr19	16482600	16492600	13
chr16	89033600	89043600	23
chr11	44612200	44622200	13
chr17	38015000	38025000	13
chr12	32038800	32048800	22
chr4	90218400	90228400	18
chr3	111843800	111853800	4
