chr3	147410800	147411000	3	11.7748	-1	21.0796	1.41822e-07
chr2	170822600	170822800	3	11.7748	-1	21.0284	1.41822e-07
chr8	81842200	81842400	3	11.7748	-1	20.9957	1.41822e-07
chr14	35402400	35402600	3	11.9327	1	20.416	5.6729e-07
chr21	33028400	33028600	3	11.7748	-1	20.1315	6.38201e-07
chr21	33029600	33029800	3	11.7748	-1	19.9276	8.50935e-07
chr20	56629600	56629800	11	10.6152	1	19.8612	1.20549e-06
chr2	216634000	216634200	10	11.3088	-1	19.406	1.98551e-06
chr14	68790200	68790400	3	11.7748	-1	19.383	2.05643e-06
chr9	127450200	127450400	3	11.7748	-1	19.3773	2.19825e-06
chr3	57557800	57558000	3	11.7748	-1	19.3773	2.19825e-06
chr1	23367400	23367600	3	11.7748	-1	19.3773	2.19825e-06
chr1	16873600	16873800	11	9.4169	1	19.3073	2.41098e-06
chr11	61964800	61965000	3	10.6026	1	19.1312	2.90736e-06
chr5	172769200	172769400	3	11.9327	1	19.1286	2.90736e-06
chr1	148809000	148809200	11	9.4169	1	19.0909	2.90736e-06
chr9	97853800	97854000	11	9.75333	-1	19.0756	2.97827e-06
chr6	84774000	84774200	11	9.75333	-1	19.0756	2.97827e-06
chr6	6004000	6004200	11	9.75333	-1	19.0756	2.97827e-06
chr6	27251400	27251600	11	9.75333	-1	19.0756	2.97827e-06
chr4	108169000	108169200	11	9.75333	-1	19.0756	2.97827e-06
chr2	238847800	238848000	11	9.75333	-1	19.0756	2.97827e-06
chr2	176638000	176638200	11	9.75333	-1	19.0756	2.97827e-06
chr1	50424200	50424400	11	9.75333	-1	19.0756	2.97827e-06
chr10	101566400	101566600	11	9.75333	-1	19.0756	2.97827e-06
chrX	41339200	41339400	3	11.7748	-1	19.0693	3.04918e-06
chr2	176085800	176086000	11	9.75333	-1	18.9983	3.33283e-06
chr2	176067800	176068000	11	9.75333	-1	18.9983	3.33283e-06
chr17	36935400	36935600	11	9.75333	-1	18.9983	3.33283e-06
chr15	76341400	76341600	11	9.75333	-1	18.9983	3.33283e-06
chr18	32770000	32770200	12	9.24596	-1	18.9695	3.40374e-06
chr1	37766200	37766400	12	9.24596	-1	18.9695	3.40374e-06
chr6	7541200	7541400	11	9.75333	-1	18.8475	3.54556e-06
chr1	200408600	200408800	3	11.9327	1	18.7723	4.18376e-06
chr1	11013800	11014000	3	11.9327	1	18.7723	4.18376e-06
chr17	16382600	16382800	3	11.9327	1	18.7693	4.25467e-06
chr12	4910400	4910600	11	9.75333	-1	18.7481	4.25467e-06
chr2	176189200	176189400	11	9.75333	-1	18.7131	4.82196e-06
chr14	69484400	69484600	11	9.75333	-1	18.7131	4.82196e-06
chr9	93951400	93951600	11	9.75333	-1	18.698	4.82196e-06
chr12	6537600	6537800	3	11.7748	-1	18.6899	4.82196e-06
chr9	136850200	136850400	3	11.7748	-1	18.6608	4.89287e-06
chr6	31659400	31659600	3	11.7748	-1	18.6608	4.89287e-06
chr12	55727600	55727800	3	11.7748	-1	18.6608	4.89287e-06
chr11	209400	209600	3	11.7748	-1	18.6608	4.89287e-06
chr15	76336800	76337000	11	9.75333	-1	18.6483	4.96379e-06
chr10	100827800	100828000	11	9.75333	-1	18.6483	4.96379e-06
chr11	69644000	69644200	3	11.7748	-1	18.5687	5.17652e-06
chr10	101566200	101566400	12	9.24596	-1	18.5507	5.31834e-06
chr20	31719000	31719200	3	10.6026	1	18.5502	5.31834e-06
chr14	103336000	103336200	3	10.6026	1	18.5502	5.31834e-06
chr14	102084800	102085000	3	10.6026	1	18.5502	5.31834e-06
chr3	181715400	181715600	3	11.7748	-1	18.5415	5.38925e-06
chr5	141485400	141485600	3	11.7748	-1	18.5225	5.38925e-06
chr2	104857000	104857200	3	11.7748	-1	18.5149	5.38925e-06
chr1	39558800	39559000	3	11.7748	-1	18.5149	5.38925e-06
chr1	156426600	156426800	3	11.7748	-1	18.5149	5.38925e-06
chr15	96335000	96335200	10	8.65295	1	18.5052	5.38925e-06
chr6	392000	392200	12	9.24596	-1	18.4932	5.74381e-06
chr15	89371000	89371200	3	11.7748	-1	18.491	5.74381e-06
chr5	171311600	171311800	11	9.75333	-1	18.4442	5.95654e-06
chr19	6501200	6501400	11	9.75333	-1	18.4105	5.95654e-06
chr7	32298800	32299000	11	9.75333	-1	18.4063	5.95654e-06
chr13	96091200	96091400	11	9.75333	-1	18.4063	5.95654e-06
chr19	48966800	48967000	3	9.28859	1	18.3839	5.95654e-06
chr19	45040200	45040400	3	9.28859	1	18.3805	5.95654e-06
chr7	20783800	20784000	10	7.55557	1	18.3571	6.02745e-06
chr9	109497600	109497800	11	9.75333	-1	18.3464	6.02745e-06
chr8	64586000	64586200	11	9.75333	-1	18.3464	6.02745e-06
chr6	84763800	84764000	11	9.75333	-1	18.3464	6.02745e-06
chr2	219309400	219309600	11	9.75333	-1	18.3464	6.02745e-06
chr21	38660800	38661000	11	9.75333	-1	18.3464	6.02745e-06
chr20	18056400	18056600	11	9.75333	-1	18.3464	6.02745e-06
chr4	73869200	73869400	11	9.75333	-1	18.32	6.24019e-06
chr2	90324000	90324200	11	9.75333	-1	18.32	6.24019e-06
chr12	114684400	114684600	11	9.75333	-1	18.32	6.24019e-06
chr11	101127000	101127200	11	9.75333	-1	18.32	6.24019e-06
chr5	45694800	45695000	10	10.6644	-1	18.3168	6.38201e-06
chr16	3184400	3184600	10	11.3088	-1	18.3123	6.52383e-06
chr6	149938200	149938400	10	11.3088	-1	18.2815	6.66565e-06
chr19	41941000	41941200	11	9.75333	-1	18.2608	6.73657e-06
chr16	15857400	15857600	11	9.75333	-1	18.2608	6.73657e-06
chr7	97007000	97007200	11	9.75333	-1	18.2452	7.02021e-06
chr2	176178200	176178400	11	9.75333	-1	18.2452	7.02021e-06
chr19	33905600	33905800	11	9.75333	-1	18.2452	7.02021e-06
chr12	51907600	51907800	11	9.75333	-1	18.2452	7.02021e-06
chr1	87336400	87336600	3	11.7748	-1	18.2373	7.09112e-06
chr9	101400400	101400600	6	8.48334	-1	18.2357	7.09112e-06
chr8	56209600	56209800	12	9.24596	-1	18.2334	7.16203e-06
chr2	74499200	74499400	12	7.75457	1	18.2219	7.23294e-06
chr7	142855400	142855600	10	11.3088	-1	18.2044	7.37477e-06
chr12	89349400	89349600	3	11.7748	-1	18.1968	7.44568e-06
chr6	27279800	27280000	10	11.3088	-1	18.1927	7.44568e-06
chr5	136079600	136079800	10	11.3088	-1	18.1927	7.44568e-06
chr2	176092800	176093000	10	11.3088	-1	18.1927	7.44568e-06
chr18	59269000	59269200	10	11.3088	-1	18.1927	7.44568e-06
chr8	64581600	64581800	11	9.75333	-1	18.1925	7.44568e-06
chr4	80197200	80197400	11	9.75333	-1	18.1925	7.44568e-06
chr3	165195200	165195400	11	9.75333	-1	18.1925	7.44568e-06
chr2	228181600	228181800	11	9.75333	-1	18.1925	7.44568e-06
