chr19	58188433	58213634	8
chr10	41839408	41864408	8
chr19	58242034	58267034	8
chr19	44473583	44501148	8
chr15	25053253	25078253	8
chr12	133037014	133062014	8
chr20	31698197	31723197	3
chr19	36532498	36557498	8
chr12	133181214	133206214	8
chr16	87844594	87869594	1
chr4	49631183	49656183	8
chr20	31700997	31725997	3
chr2	89816190	89841190	8
chr2	132252427	132277427	11
chr19	1251201	1276201	3
chr19	1248601	1273601	3
chr7	6682769	6707769	3
chr20	49263663	49288663	3
chr19	36703498	36728498	8
chr19	52298947	52323947	8
chr21	10704856	10729856	8
chr1	8856741	8881741	3
chr1	42933129	42958129	3
chr12	121789094	121814094	1
chr4	49096183	49121183	8
chr11	65415929	65440929	3
chr10	38834069	38859069	8
chr16	34134133	34159133	8
chr12	121791294	121816294	1
chr17	38867347	38892347	3
chr19	1240601	1265601	3
chr12	121793494	121818494	1
chr8	144826815	144851815	1
chr15	92881570	92906570	3
chr10	41864608	42105952	8
chr16	87835594	87860594	3
chr12	133101014	133126014	8
chr11	65417529	65442529	3
chr12	132988414	133013414	8
chr11	3355170	3380170	1
chr20	30416924	31239997	8
chr10	43385752	43410752	3
chr17	7218681	7243681	3
chr20	49260663	49285663	3
chr17	7228681	7253681	3
chr10	38788869	38813869	8
chr14	21245441	21270441	3
chr12	132932014	132957014	8
chr17	7560083	7585282	3
chr20	17948756	17973957	3
chr5	180247600	180272600	8
chr7	130894241	130919241	1
chr20	17950356	17975557	3
chr20	17947956	17973157	3
chr11	118905891	118930891	3
chr4	430211	455211	8
chr7	26187780	26212780	3
chr16	9090143	9115143	3
chr11	65484729	65509729	3
chr9	96753918	96778918	1
chr11	65411129	65436129	3
chr19	52015947	52040947	1
chr19	57978432	58003432	1
chr12	6849236	6874236	3
chr10	38495872	38520872	8
chr20	35719278	35744278	3
chr20	35718878	35743878	3
chr2	132244427	132269427	11
chr17	64494083	64519282	3
chr15	72208259	72233259	3
chr5	178859599	178884599	1
chr17	64490283	64515482	3
chr16	34149933	34174933	8
chr19	12932386	12957386	3
chr3	185913412	185938412	1
chr11	62552328	62577328	3
chr5	181237600	181262799	3
chr17	76714718	76739718	3
chr19	55634434	55659434	3
chr19	38828360	38853360	3
chr19	52114747	52139747	1
chr10	38521072	38592069	8
chr7	5045369	5070369	1
chr19	55653234	55678234	3
chr19	52061347	52086347	8
chr16	29797479	29822479	3
chr12	6516634	6541634	3
chr19	37221298	37246298	8
chr7	26191180	26216180	3
chr1	8862941	8887941	3
chr18	48928430	48953430	11
chr19	55383832	55408832	3
chr16	29801479	29826479	3
chr5	179600199	179625199	3
chr18	48928030	48953030	11
chr16	29799279	29824279	3
chr10	42297552	42322552	8
chr5	171386596	171411596	3
chr17	81847524	81872524	3
chr16	18782678	18807678	3
