chr2	84829476	84879476	4
chr3	18398308	18448308	22
chr6	90248081	90298081	18
chr3	18400708	18450708	22
chr15	60523401	60573401	18
chr15	60519401	60569401	18
chr1	100410244	100460244	4
chr12	12463866	12513866	18
chr1	167426763	167476763	8
chr2	203703477	203753477	1
chr12	12465466	12515466	18
chr2	203704077	203754077	1
chr1	167433363	167483363	8
chr2	213099476	213149476	22
chr4	89257249	89307249	4
chr14	98162663	98212663	9
chr17	67420484	67470484	18
chr1	100416444	100466444	4
chr6	127875255	127925255	21
chr14	61488482	61538482	9
chr13	99337546	99387546	3
chr15	60513001	60563001	18
chr15	60510001	60560001	18
chr5	157209189	157259390	13
chr5	157524592	157574592	4
chr4	108043244	108093244	9
chr4	142349447	142399447	15
chr12	47189217	47239217	4
chr10	62036041	62086041	4
chr12	9654004	9704004	18
chr4	89262849	89312849	4
chr11	60970328	61020328	14
chr14	98180263	98230263	9
chr10	6553838	6603838	18
chr8	133466157	133516157	13
chr21	31146482	31196884	18
chr14	22478811	22540057	18
chr20	32511597	32561798	4
chr8	133472157	133522157	18
chr5	111222902	111272902	18
chr10	62015841	62065841	14
chr20	32505197	32555398	4
chr5	111227502	111277502	18
chr10	6025437	6075437	21
chr3	71354449	71404449	18
chr6	41943462	41993462	11
chr9	120888322	120938322	18
chr1	160605210	160655210	22
chr15	38517199	38567199	4
chr6	142795663	142845663	13
chr11	96188436	96238436	18
chr1	66326917	66376917	18
chr11	118201485	118251485	18
chr4	102549643	102599643	18
chr20	38824357	38874357	3
chr9	129853121	129903121	18
chr10	6557238	6607238	18
chr6	142789063	142839063	13
chr13	99039146	99089146	11
chr2	68752268	68802268	4
chr17	39752947	39802947	14
chr17	67448884	67498884	18
chr17	48539238	48589238	4
chr10	114475041	114525041	14
chr5	157189789	157239990	15
chr6	41933062	41983062	11
chr17	64048840	64098840	13
chr6	42004262	42054262	18
chr14	91827256	91877256	9
chr17	39772747	39822747	10
chr3	60033674	60083674	22
chr17	48547238	48597238	4
chr6	90190481	90240481	20
chr14	91829056	91879056	9
chr9	120867722	120917722	11
chr6	142810863	142860863	15
chr11	118868891	118918891	18
chr11	128283305	128333305	18
chr12	47181217	47231217	4
chr20	59143545	59193545	2
chr6	35581423	35631423	13
chr5	39136898	39186898	13
chr18	63192767	63242767	18
chr2	68738868	68788868	4
chr3	71343449	71393449	18
chr8	125908156	125958156	20
chr2	68761068	68811068	4
chr3	186986012	187036012	18
chr20	45012759	45062759	15
chr20	51489262	51539461	18
chr10	6490638	6540638	13
chr3	105742956	105792956	4
chr4	108064844	108114844	15
chr10	119267288	119317288	21
chr13	99321146	99371146	13
chr10	6564238	6614238	18
chr17	48407838	48457838	4
chr2	157402488	157452488	18
chr10	33094272	33144272	13
chr11	118867691	118917691	18
