chr16	15796800	15797000	20	7.83673	1	(14,20)	7.91647	1	16.4884
chr2	233426400	233426600	19	7.07442	1	(19,20)	7.09666	1	16.006
chr7	158595000	158595200	21	7.15936	1	(2,21)	6.88732	1	15.8486
chr2	102148000	102148200	20	7.52777	1	(18,20)	6.64735	1	15.713
chr19	48249600	48249800	1	6.81369	1	(1,11)	7.91647	1	15.7112
chr7	16804800	16805000	1	7.95141	1	(1,19)	13.5946	1	15.6757
chr8	80149800	80150000	15	4.08205	1	(15,20)	3.57125	1	15.6565
chr4	156838200	156838400	20	4.04109	1	(15,20)	3.57125	1	15.6484
chr2	233426600	233426800	20	4.66142	1	(19,20)	3.38166	1	15.4699
chr7	27186800	27187000	24	7.28109	1	(3,24)	6.83383	1	15.4593
chr8	125125200	125125400	10	3.97907	1	(10,21)	3.26325	1	15.2875
chr4	185526000	185526200	10	3.97907	1	(10,21)	3.26325	1	15.2875
chr6	58450600	58450800	3	6.82088	1	(3,11)	6.80916	1	15.2292
chr7	27181000	27181200	9	7.77383	1	(9,24)	13.5946	1	15.2033
chrX	2629600	2629800	11	7.31821	1	(11,21)	6.94751	1	15.144
chr9	34371600	34371800	20	7.57649	1	(20,23)	12.8933	1	15.0859
chr5	141392800	141393000	20	7.57649	1	(20,23)	12.8933	1	15.0859
chr5	141234600	141234800	20	7.57649	1	(20,23)	12.8933	1	15.0859
chr11	47378400	47378600	18	6.26204	1	(3,18)	6.488	1	15.0733
chr2	157444000	157444200	1	7.2719	1	(1,19)	6.46395	1	14.9986
chr1	54792200	54792400	21	7.20786	1	(16,21)	6.72148	1	14.9925
chr14	68101200	68101400	18	7.30175	1	(18,20)	6.64735	1	14.9644
chr11	122186400	122186600	18	7.30175	1	(18,20)	6.64735	1	14.9644
chr4	185525800	185526000	20	4.16579	1	(15,20)	3.57125	1	14.9563
chr5	116546200	116546400	21	6.93226	1	(10,21)	6.85983	1	14.8851
chr17	68289800	68290000	3	4.22489	1	(3,25)	3.38166	1	14.8818
chr10	72887200	72887400	20	4.27865	1	(13,20)	3.69408	1	14.8697
chr1	84605000	84605200	14	7.60428	1	(14,21)	12.9884	1	14.8652
chr9	127741600	127741800	11	7.41847	1	(11,23)	12.6454	1	14.8039
chr12	57235200	57235400	11	7.41847	1	(11,23)	12.6454	1	14.8039
chr12	49000400	49000600	11	7.41847	1	(11,23)	12.6454	1	14.8039
chr16	86581600	86581800	23	7.50434	1	(5,23)	6.46395	1	14.7477
chr19	311000	311200	9	6.53822	1	(9,20)	7.31402	1	14.6819
chr4	38802400	38802600	4	7.03595	1	(4,21)	6.74195	1	14.631
chr8	80150200	80150400	21	6.83246	1	(11,21)	6.94751	1	14.6279
chr10	19819000	19819200	9	6.57182	1	(1,9)	5.84665	1	14.6249
chr4	105552800	105553000	18	7.34733	1	(1,18)	12.2099	1	14.6064
chr14	92688200	92688400	11	9.33294	1	(2,11)	10.5062	1	14.5861
chr13	98411800	98412000	11	9.33294	1	(2,11)	10.5062	1	14.5861
chr22	40385400	40385600	5	3.87022	1	(9,19)	3.26325	1	14.5681
chr4	58400	58600	20	7.36482	1	(12,20)	12.47	1	14.5336
chr19	27242200	27242400	21	6.46166	1	(3,21)	7.31402	1	14.4935
chr13	99306600	99306800	1	7.33411	1	(1,9)	12.36	1	14.4906
chr10	117463000	117463200	21	8.77987	1	(13,21)	11.3747	1	14.4672
chr2	132271400	132271600	2	6.69998	1	(2,24)	5.81218	1	14.4294
chr9	124768800	124769000	4	6.58253	1	(4,19)	6.359	1	14.4247
chr9	72949600	72949800	1	6.56024	1	(1,18)	5.77159	1	14.3668
chr21	41578600	41578800	18	6.03875	1	(18,21)	5.47134	1	14.3625
chr6	10532000	10532200	3	4.13321	1	(3,5)	3.36074	1	14.3561
chrX	1521400	1521600	21	8.72427	1	(3,21)	11.2635	1	14.356
chr1	20481800	20482000	23	6.94884	1	(10,23)	6.91647	1	14.3555
chr16	86489400	86489600	6	6.0425	1	(6,24)	5.93956	1	14.3194
chr9	101401400	101401600	4	7.3351	1	(4,6)	12.2267	1	14.2914
chr7	6703800	6704000	4	7.3351	1	(4,6)	12.2267	1	14.2914
chr20	49286600	49286800	4	7.3351	1	(4,6)	12.2267	1	14.2914
chr1	17620200	17620400	4	7.3351	1	(4,6)	12.2267	1	14.2914
chr10	872800	873000	4	7.3351	1	(4,6)	12.2267	1	14.2914
chr6	10531800	10532000	5	4.08987	1	(3,5)	3.36074	1	14.2841
chr1	84604600	84604800	13	6.30704	1	(13,21)	7.38815	1	14.2625
chr17	57386600	57386800	20	6.58627	1	(17,20)	6.68299	1	14.2579
chr7	62509000	62509200	3	6.43875	1	(3,15)	6.0449	1	14.2535
chr16	716800	717000	10	4.21836	1	(10,24)	3.32368	1	14.2516
chr16	73062000	73062200	23	4.17455	1	(10,23)	3.29157	1	14.2476
chr3	69753000	69753200	20	4.76512	1	(15,20)	3.57125	1	14.2311
chr17	45246400	45246600	11	6.65177	1	(11,23)	5.98935	1	14.2224
chr1	165752200	165752400	11	6.51132	1	(11,20)	5.49734	1	14.2081
chr7	731200	731400	18	9.35895	1	(6,18)	9.67855	1	14.1982
chr5	80661000	80661200	18	9.35895	1	(6,18)	9.67855	1	14.1982
chr22	43171000	43171200	11	5.78316	1	(11,20)	5.49734	1	14.1646
chr3	171175800	171176000	1	6.89571	1	(1,18)	5.77159	1	14.1584
chr17	43304800	43305000	11	6.47752	1	(2,11)	6.80916	1	14.1558
chr18	20939000	20939200	21	4.31932	1	(3,21)	3.49034	1	14.1365
chr2	9287200	9287400	6	4.00237	1	(6,22)	3.49034	1	14.1298
chr16	85903400	85903600	4	3.96992	1	(4,7)	3.04833	1	14.1273
chr1	111473800	111474000	18	6.51455	1	(3,18)	6.488	1	14.1236
chr12	95788400	95788600	23	6.45363	1	(8,23)	6.41919	1	14.121
chr5	141393400	141393600	23	6.77914	1	(20,23)	6.11334	1	14.0989
chr8	125125000	125125200	21	5.96659	1	(10,21)	6.85983	1	14.0741
chr4	13322600	13322800	20	6.32638	1	(11,20)	5.49734	1	14.0232
chr16	28985400	28985600	20	6.32638	1	(11,20)	5.49734	1	14.0232
chr9	127751400	127751600	11	3.71521	1	(11,19)	2.55596	1	14.0209
chr7	27190400	27190600	9	6.84447	1	(9,24)	6.46395	1	14.0158
chr5	93593000	93593200	6	6.20082	1	(6,23)	7.31402	1	14.0064
chr7	50308200	50308400	24	3.99006	1	(10,24)	3.32368	1	13.9894
chr9	113517800	113518000	4	6.99807	1	(4,7)	6.42999	1	13.9818
chr20	62712400	62712600	9	6.19607	1	(9,23)	5.27191	1	13.9817
chr3	45223400	45223600	23	8.97499	1	(5,23)	9.98841	1	13.9692
chr14	32496200	32496400	15	4.07134	1	(1,15)	3.49034	1	13.9604
chr1	145783800	145784000	15	4.07134	1	(1,15)	3.49034	1	13.9604
chr18	108800	109000	23	5.90375	1	(21,23)	5.31942	1	13.949
chr9	96185800	96186000	21	3.9222	1	(15,21)	2.78236	1	13.945
chr20	62721600	62721800	21	3.9222	1	(15,21)	2.78236	1	13.945
chr10	30529600	30529800	19	6.09129	1	(1,19)	6.46395	1	13.9447
chr5	169639600	169639800	21	5.95359	1	(12,21)	6.83383	1	13.9247
chr15	68607200	68607400	21	5.95359	1	(12,21)	6.83383	1	13.9247
chr21	43619600	43619800	21	6.79614	1	(14,21)	6.16088	1	13.9099
chr18	48726800	48727000	21	6.79614	1	(14,21)	6.16088	1	13.9099
chr1	84605200	84605400	21	6.79614	1	(14,21)	6.16088	1	13.9099
chr19	50206000	50206200	18	7.04115	1	(18,23)	11.5975	1	13.9027
chr19	17796200	17796400	18	7.04115	1	(18,23)	11.5975	1	13.9027
