chr21	10688656	10738656	12
chr10	41839408	42105752	14
chr15	25046053	25096053	12
chr10	38485472	38581469	12
chr21	10364256	10414256	12
chr10	38811669	41693608	12
chr2	89787797	89844190	12
chr2	176066872	176116872	14
chr19	58165433	58215634	3
chr22	36321555	36371555	8
chr16	34124533	34174533	14
chr20	30399324	31247397	12
chr10	100708043	100758043	15
chr12	133036614	133086614	4
chr3	75704249	75754249	12
chr22	36327955	36377955	8
chr19	58227834	58277834	7
chr19	38662160	38712160	9
chr19	57960432	58010432	4
chr17	48597838	48647838	14
chr4	49106583	49156583	12
chr12	53925416	53975416	14
chr19	38664960	38714960	9
chr8	11675691	11725691	14
chr19	1236801	1286801	8
chr7	27163581	27213581	14
chr17	48708238	48758238	15
chr2	132238427	132288427	14
chr22	36302754	36352955	8
chr12	133087614	133137614	1
chr4	40599	93913	12
chr19	58095033	58145033	3
chr19	57529432	57579432	3
chr19	36710498	36760498	12
chr4	421011	471011	12
chr12	53976416	54026416	15
chr12	133181214	133231214	4
chr19	1244801	1294801	8
chr3	147366813	147416813	14
chr19	44447412	44501348	4
chr13	99949546	99999546	14
chr19	1733601	1783601	15
chr2	176117072	176167072	14
chr10	101114643	101164643	14
chr9	123995921	124045921	15
chr15	89361569	89411569	14
chr4	49118383	49168383	12
chr15	96320371	96370371	8
chr19	36512698	36562698	1
chr10	117126089	117176089	14
chr17	79795801	79845801	15
chr12	132907414	132957414	1
chr19	51855347	51905347	1
chr16	36049829	46429288	14
chr10	42294952	42344952	12
chr19	37531498	37581699	12
chr19	37106498	37156498	12
chr4	189567646	189617646	12
chr21	10768056	12969479	12
chr4	10068776	10118776	8
chr21	10414456	10464456	12
chr5	178927799	178977799	12
chr2	218956478	219006478	14
chr3	75667849	75717849	14
chr19	56533231	56583432	3
chr22	46062920	46112920	2
chr6	10378967	10428967	14
chr21	10621456	10671456	12
chr7	155435105	155485105	14
chr19	9336924	9386924	12
chr11	31793252	31843654	14
chr19	37383898	37433898	12
chr4	8852474	8902474	14
chr17	7213881	7263881	8
chr19	1220201	1270201	8
chr7	1208564	1258564	15
chr15	96315771	96365771	8
chr19	51991747	52041747	1
chr10	42299152	42349152	12
chr19	1251001	1301001	8
chr10	101205243	101255243	14
chr2	132250427	132300427	14
chr5	141382633	141432633	2
chr9	36996003	37046003	14
chr6	99582924	99632924	14
chr11	44297050	44347050	14
chr6	28765623	28815623	14
chr4	189632646	189682646	12
chr2	44915861	44965861	14
chr20	47311856	47361856	3
chr4	173494049	173544049	14
chr7	96983088	97033088	14
chr19	56403031	56453031	4
chr9	126606321	126656321	15
chr19	36617898	36667898	4
chr9	63786266	63836266	14
chr19	36858698	36908698	12
chr7	6657769	6707769	14
chr11	795400	845400	2
chr4	189709446	189759446	12
