chr17	27073800	27074000	8	9.66766	1	(8,8)	13.0311	1	27.109	6.58696e-08
chr12	7073600	7073800	7	10.0003	-1	(1,7)	9.00726	-1	27.0674	6.58696e-08
chr12	7074200	7074400	8	10.0492	1	(3,7)	8.79764	-1	27.0162	6.58696e-08
chr22	36725800	36726000	3	6.96074	-1	(8,8)	7.37648	1	26.567	3.29348e-07
chr16	89631200	89631400	3	7.50471	1	(3,8)	9.19116	1	26.5598	3.29348e-07
chr20	61566800	61567000	8	9.888	1	(8,8)	13.0311	1	26.5555	3.29348e-07
chr20	38903600	38903800	8	10.3232	1	(3,3)	12.6706	-1	25.9406	8.56305e-07
chr11	62559800	62560000	8	7.51593	1	(3,7)	5.67011	-1	25.9304	8.56305e-07
chr17	41381600	41381800	8	5.81195	1	(7,14)	8.20368	-1	25.7662	1.11978e-06
chr6	31805400	31805600	8	10.0117	1	(8,8)	13.0311	1	25.7132	1.18565e-06
chr19	20194200	20194400	8	4.40102	1	(8,12)	4.92138	1	25.7101	1.18565e-06
chr2	91845400	91845600	12	4.59138	1	(2,15)	4.76325	-1	25.6699	1.44913e-06
chr3	134091000	134091200	7	7.17554	-1	(7,14)	11.2149	-1	25.6351	1.515e-06
chr14	69257000	69257200	7	6.40718	-1	(3,7)	5.67011	-1	25.6249	1.515e-06
chr3	46621800	46622000	8	11.0591	1	(8,8)	7.37648	1	25.5976	1.58087e-06
chr19	2041800	2042000	8	7.07993	1	(8,8)	7.37648	1	25.5043	1.71261e-06
chr5	133876200	133876400	8	9.93278	1	(8,8)	7.37648	1	25.4272	1.91022e-06
chr22	39626600	39626800	9	4.87856	1	(9,14)	6.13447	1	25.424	1.91022e-06
chr17	27051800	27052000	8	10.0462	1	(8,8)	13.0311	1	25.34	2.37131e-06
chr7	131237200	131237400	8	9.56208	1	(8,8)	13.0311	1	25.3358	2.37131e-06
chr22	31738800	31739000	8	9.56208	1	(8,8)	13.0311	1	25.3358	2.37131e-06
chr17	41382200	41382400	14	7.97523	-1	(8,14)	7.89846	-1	25.2565	2.56891e-06
chr3	134084000	134084200	8	9.8758	1	(8,8)	13.0311	1	25.2219	2.56891e-06
chr1	200378200	200378400	8	9.56206	1	(8,8)	13.0311	1	25.1789	2.63478e-06
chr6	36564800	36565000	8	10.0994	1	(2,7)	9.80024	-1	25.1578	2.96413e-06
chr7	42131000	42131200	9	5.71117	-1	(3,15)	9.58451	1	25.0592	3.42522e-06
chr19	1439800	1440000	8	10.2587	-1	(4,8)	6.93807	-1	25.0504	3.49109e-06
chr22	50356400	50356600	8	6.96547	1	(8,8)	7.37648	1	25.0414	3.55696e-06
chr15	41861200	41861400	9	8.79965	-1	(8,8)	7.37648	1	25.0227	3.75457e-06
chr8	128831800	128832000	8	9.93278	1	(7,9)	9.42314	-1	24.9823	3.82044e-06
chr4	10117200	10117400	4	8.67874	-1	(8,8)	7.37648	1	24.97	3.88631e-06
chr13	53917400	53917600	15	5.513	1	(3,15)	9.58451	1	24.9695	3.88631e-06
chr5	2749000	2749200	14	5.54754	1	(7,14)	7.56065	1	24.9356	4.14979e-06
chr1	113243000	113243200	4	6.28471	-1	(4,7)	9.6246	-1	24.9302	4.14979e-06
chr15	41861000	41861200	8	6.56946	1	(8,8)	7.37648	1	24.9268	4.14979e-06
chr12	122014000	122014200	8	6.56946	1	(8,8)	7.37648	1	24.9268	4.14979e-06
chr5	2748200	2748400	14	5.54754	1	(7,14)	7.56065	1	24.9233	4.14979e-06
chr15	66795400	66795600	8	9.63074	1	(8,8)	7.37648	1	24.9137	4.21565e-06
chr1	86048600	86048800	8	9.67686	1	(8,8)	13.0311	1	24.8977	4.34739e-06
chr20	49838200	49838400	15	7.06473	-1	(1,15)	6.8693	-1	24.8957	4.34739e-06
chr19	47612800	47613000	3	7.50471	1	(3,8)	9.19116	1	24.8921	4.34739e-06
chr11	119291800	119292000	3	7.50471	1	(3,8)	9.19116	1	24.8921	4.34739e-06
chr19	52391800	52392000	7	4.59208	1	(7,8)	4.50853	1	24.8847	4.34739e-06
chr5	1517400	1517600	8	10.0492	1	(8,8)	7.37648	1	24.8802	4.41326e-06
chr7	131239200	131239400	8	6.80769	1	(8,8)	7.37648	1	24.8756	4.47913e-06
chr13	51748200	51748400	7	6.40718	-1	(1,8)	8.71696	1	24.8722	4.47913e-06
chr17	79478400	79478600	1	6.7234	1	(1,7)	4.94772	1	24.8661	4.47913e-06
chr17	4849600	4849800	8	9.87877	1	(8,8)	13.0311	1	24.8324	4.61087e-06
chr1	29493000	29493200	8	9.87877	1	(8,8)	13.0311	1	24.8324	4.61087e-06
chr2	90229200	90229400	3	7.74681	-1	(3,13)	12.1317	-1	24.7888	4.74261e-06
chr17	63554000	63554200	4	8.6083	1	(7,14)	11.2149	-1	24.7798	4.74261e-06
chr13	100618000	100618200	7	6.32562	1	(5,14)	6.48783	-1	24.7797	4.74261e-06
chr19	49459200	49459400	8	7.74114	1	(4,8)	8.7058	1	24.7779	4.74261e-06
chr3	183895400	183895600	7	8.64903	-1	(8,8)	7.37648	1	24.7502	4.94022e-06
chr19	6744600	6744800	7	8.64903	-1	(8,8)	7.37648	1	24.7502	4.94022e-06
chr1	8932800	8933000	7	8.64903	-1	(8,8)	7.37648	1	24.7502	4.94022e-06
chr19	18684000	18684200	7	8.64903	-1	(8,8)	7.37648	1	24.7477	5.00609e-06
chr3	119042600	119042800	3	9.07769	1	(3,3)	6.41826	1	24.6816	5.33544e-06
chr19	52391600	52391800	8	7.74672	1	(1,8)	8.71696	1	24.6735	5.33544e-06
chr4	129752800	129753000	4	5.57631	-1	(3,8)	5.89345	1	24.6643	5.40131e-06
chr17	63528200	63528400	7	11.9934	-1	(7,7)	11.9934	-1	24.6443	5.46718e-06
chr19	1274400	1274600	7	8.64903	-1	(8,8)	7.37648	1	24.6236	5.8624e-06
chr16	3147000	3147200	8	7.21346	-1	(8,8)	6.78965	-1	24.6162	5.99413e-06
chr5	79455000	79455200	8	7.39818	1	(8,9)	8.01988	1	24.5972	6.06e-06
chr1	27327400	27327600	8	6.90446	1	(8,8)	7.37648	1	24.5928	6.12587e-06
chr4	26408600	26408800	8	10.0492	1	(10,12)	9.53896	-1	24.5799	6.38935e-06
chr17	37008400	37008600	8	10.0389	1	(8,8)	13.0311	1	24.5495	6.78457e-06
chrX	48433800	48434000	7	5.85552	-1	(2,7)	4.56679	-1	24.5445	6.91631e-06
chr12	57883000	57883200	8	6.94512	1	(7,8)	7.11377	1	24.5074	7.17979e-06
chr22	39625600	39625800	14	6.14177	-1	(9,15)	8.33272	1	24.5002	7.24566e-06
chr9	102904400	102904600	8	7.04313	1	(3,7)	5.67011	-1	24.4679	7.64088e-06
chr5	177633200	177633400	8	7.1692	1	(8,8)	7.37648	1	24.4648	7.70674e-06
chr8	30258600	30258800	8	9.96622	1	(8,8)	13.0311	1	24.4604	7.83848e-06
chr11	27650400	27650600	8	9.96622	1	(8,8)	13.0311	1	24.4604	7.83848e-06
chr8	26495800	26496000	8	10.0373	1	(8,8)	13.0311	1	24.4551	8.10196e-06
chr6	167646800	167647000	8	10.0373	1	(8,8)	13.0311	1	24.4551	8.10196e-06
chr14	38665600	38665800	8	10.0373	1	(8,8)	13.0311	1	24.4551	8.10196e-06
chr1	39467800	39468000	8	10.0373	1	(8,8)	13.0311	1	24.4551	8.10196e-06
chr1	28837000	28837200	8	10.0373	1	(8,8)	13.0311	1	24.4551	8.10196e-06
chr14	75747400	75747600	14	5.38765	-1	(4,8)	8.7058	1	24.4112	8.56305e-06
chr14	21993400	21993600	8	6.85958	1	(8,8)	7.37648	1	24.3985	8.62892e-06
chr17	46129200	46129400	8	9.63074	1	(8,8)	7.37648	1	24.3927	8.62892e-06
chr3	109051200	109051400	8	7.16761	1	(8,8)	7.37648	1	24.3704	8.76066e-06
chr1	234743200	234743400	8	7.3946	1	(4,7)	7.01093	-1	24.3211	9.28762e-06
chr5	111501200	111501400	8	10.0492	1	(8,8)	7.37648	1	24.3136	9.35348e-06
chr6	132271000	132271200	8	10.1347	1	(8,8)	13.0311	1	24.2923	9.55109e-06
chr5	147247400	147247600	8	6.87991	1	(8,8)	7.37648	1	24.2917	9.55109e-06
chr19	17451800	17452000	4	6.58682	-1	(4,8)	6.93807	-1	24.2769	9.55109e-06
chr1	17761600	17761800	8	7.04033	1	(8,8)	7.37648	1	24.2633	9.68283e-06
chr8	145655000	145655200	7	6.04059	-1	(2,7)	4.56679	-1	24.2599	9.68283e-06
chrX	124521800	124522000	8	10.1651	1	(8,8)	7.37648	1	24.258	9.68283e-06
chr8	26499000	26499200	8	7.87677	-1	(8,8)	6.78965	-1	24.2518	9.68283e-06
chr15	64996000	64996200	8	10.3232	1	(3,9)	7.79588	-1	24.2488	9.68283e-06
chr11	65271800	65272000	8	7.10555	1	(8,8)	7.37648	1	24.2463	9.7487e-06
chr6	35439600	35439800	8	6.93233	1	(1,7)	5.80985	-1	24.246	9.7487e-06
chr22	29662600	29662800	3	6.0538	-1	(4,8)	5.56988	1	24.2344	9.81457e-06
chr14	21734200	21734400	8	6.28685	-1	(2,7)	8.4908	1	24.2294	9.81457e-06
chr11	65837000	65837200	3	10.2341	-1	(3,7)	8.79764	-1	24.2225	9.88044e-06
chr1	213073600	213073800	8	7.47737	1	(7,10)	8.40338	-1	24.2223	9.88044e-06
chr12	122237200	122237400	4	8.12023	-1	(3,4)	5.82105	-1	24.1857	1.0078e-05
