chr12	133658800	133668800	20
chr5	178139800	178149800	20
chr12	133577400	133587400	20
chr12	133615800	133625800	20
chr12	133673400	133683400	20
chr19	58768200	58778200	20
chr19	58758000	58768000	20
chr19	58747800	58757800	20
chr19	58486000	58496000	20
chr19	58715800	58725800	20
chr15	25294200	25304200	20
chr15	25304400	25314400	20
chr19	58696800	58706800	20
chr19	37915000	37925000	20
chr15	25314600	25324600	20
chr19	37725000	37735000	20
chr15	25324800	25334800	20
chr19	37201400	37211400	20
chr19	12052600	12062600	20
chr16	68583000	68593000	20
chr19	37236600	37246600	20
chr19	58638200	58648200	20
chr19	7075000	7085000	20
chr19	8915000	8925000	20
chr19	9671000	9681000	20
chr12	133516600	133526600	20
chr19	9636600	9646600	20
chr7	6726200	6736200	20
chr19	52467400	52477400	20
chr8	146060600	146070600	20
chr5	179674800	179684800	20
chr19	52392600	52402600	20
chr19	37037400	37047400	20
chr19	58041800	58051800	20
chr19	52817000	52827000	20
chr19	9404400	9414400	20
chr19	52536400	52546400	20
chr2	95811600	95821600	20
chr19	56919600	56929600	20
chr12	133759600	133769600	20
chr19	58501600	58511600	20
chr19	44980000	44990000	20
chr19	52496000	52506000	20
chr19	52517600	52527600	20
chr19	44994800	45004800	20
chr19	58053600	58063600	20
chr19	52617800	52627800	20
chr19	37309400	37319400	20
chr19	57051600	57061600	20
chr19	23527400	23537400	20
chr19	19818600	19828600	20
chr19	9522000	9532000	20
chr19	58435400	58445400	20
chr19	44339200	44349200	20
chr16	3333800	3343800	20
chr19	58257600	58267600	20
chr9	99520000	99530000	20
chr19	9485400	9495400	20
chr19	58126400	58136400	20
chr2	95876400	95886400	20
chr19	14823400	14833400	20
chr16	3357200	3367200	20
chr19	37004400	37014400	20
chr19	9445800	9455800	20
chr19	12633000	12643000	20
chr5	179685000	179695000	20
chr19	58210800	58220800	20
chr19	58942400	58952400	4
chr19	37380400	37390400	20
chr12	133564200	133574200	4
chr19	44466600	44476600	20
chr5	178300400	178310400	20
chr12	133724400	133734400	20
chr19	52879800	52889800	20
chr19	57079800	57089800	20
chr17	4989000	4999000	20
chr19	37643400	37653400	20
chr19	37871000	37881000	20
chr4	343200	353200	20
chr12	133694800	133704800	20
chr19	53054200	53064200	20
chr19	20726400	20736400	20
chr7	138239400	138249400	20
chr19	52564800	52574800	20
chr19	12380200	12390200	20
chr4	457200	467200	20
chr19	38068600	38078600	20
chr19	37129600	37139600	20
chr19	44415400	44425400	20
chr19	57029600	57039600	20
chr19	12291800	12301800	20
chr19	58081000	58091000	20
chr16	3453600	3463600	20
chr19	44731600	44741600	20
chr19	52908600	52918600	20
chr6	27415400	27425400	20
chr19	52438000	52448000	20
chr19	21991200	22001200	20
chr16	3437000	3447000	20
chr19	12181000	12191000	20
