chr17	43323632	43323832	11	7.02684	1	(6,11)	4.74988	1	18.4948
chr17	43386432	43386632	6	3.78048	1	(6,11)	2.17494	1	17.7823
chr2	232417690	232417890	3	3.72383	1	(3,12)	2.14275	1	17.7265
chr2	232417490	232417690	12	4.10919	1	(3,12)	2.14275	1	17.3576
chr17	43304851	43305051	11	9.56211	1	(6,11)	6.52482	1	17.1942
chrX	112313572	112313772	8	6.6382	1	(2,8)	4.00894	1	17.0307
chr19	43667248	43667448	4	3.9507	1	(4,11)	2.14275	1	16.9977
chr17	43386232	43386432	11	9.40767	1	(6,11)	6.42482	1	16.9009
chr15	41561202	41561402	12	6.34219	1	(6,12)	3.67439	1	16.868
chr1	26129509	26129709	8	6.55055	1	(2,8)	3.89139	1	16.8015
chr4	3237673	3237873	6	9.68086	1	(6,10)	6.15085	1	16.7683
chr19	37817760	37817960	3	3.85366	1	(3,9)	2.37494	1	16.7434
chr1	223052258	223052458	8	6.11572	1	(8,12)	3.93695	1	16.6901
chr5	2749086	2749286	3	6.37573	1	(3,10)	3.7724	1	16.5683
chr9	100142718	100142918	6	6.65646	1	(3,6)	4.19139	1	16.4894
chr9	40870372	40870572	8	6.1192	1	(8,10)	3.94114	1	16.3264
chrX	48576212	48576412	8	6.62945	1	(6,8)	7.50311	1	16.2939
chr19	36330098	36330298	3	9.25359	1	(3,8)	5.56764	1	16.2468
chr19	615600	615800	4	6.56581	1	(4,10)	4.74988	1	16.2256
chr14	75281297	75281497	6	6.22795	1	(3,6)	5.99078	1	16.1568
chr17	19452287	19452487	11	6.72903	1	(8,11)	7.48262	1	16.1349
chr3	51392969	51393169	3	6.27438	1	(3,6)	6.12308	1	16.131
chr19	48751143	48751343	3	6.52579	1	(3,6)	3.72462	1	16.0777
chrX	115888467	115888667	3	6.6204	1	(3,8)	7.37026	1	16.0605
chr13	99965746	99965946	4	6.05295	1	(3,4)	6.07547	1	16.0443
chr8	143554430	143554630	3	6.52055	1	(3,15)	3.55648	1	16.0436
chr9	63365828	63366028	10	6.08555	1	(8,10)	4.07439	1	16.0296
chr16	89723192	89723392	13	5.53812	1	(3,13)	4.11065	1	16.0239
chr6	158817568	158817768	3	9.10381	1	(3,10)	7.12482	1	16.0219
chr18	35357836	35358036	11	6.6208	1	(8,11)	7.21337	1	15.9714
chr8	41303681	41303881	6	9.28128	1	(6,11)	5.57868	1	15.9382
chr19	56508431	56508631	2	6.23867	1	(2,8)	4.05919	1	15.9232
chr19	42774848	42775048	8	6.44471	1	(2,8)	3.71939	1	15.9183
chr5	82274581	82274781	6	6.04014	1	(2,6)	4.23289	1	15.8887
chr2	132275627	132275827	8	8.59586	1	(8,12)	5.46636	1	15.8886
chr9	40890772	40890972	8	6.42666	1	(8,10)	7.63768	1	15.8856
chr9	123374521	123374721	12	9.00121	1	(6,12)	6.62482	1	15.8566
chr17	32822382	32822582	8	8.46583	1	(3,8)	5.52059	1	15.8508
chr11	2001370	2001570	8	6.605	1	(8,11)	7.20738	1	15.8159
chr10	72275042	72275242	3	11.784	1	(3,11)	8.04899	1	15.8085
chr5	111092102	111092302	1	5.46478	1	(1,8)	3.9604	1	15.7965
chr12	93576224	93576424	14	5.61597	1	(3,14)	4.0232	1	15.79
chr20	26209564	26209764	8	6.25045	1	(8,10)	6.64939	1	15.7802
chr6	33124023	33124223	8	8.90451	1	(3,8)	11.2134	1	15.7477
chr8	70068765	70068965	3	6.84766	1	(3,11)	7.61275	1	15.7469
chr14	64541682	64541882	8	5.98602	1	(3,8)	3.78568	1	15.7401
chr5	2747486	2747686	3	8.94995	1	(3,9)	6.69263	1	15.7394
chr17	47189234	47189434	3	9.44804	1	(3,11)	10.5201	1	15.7273
chr8	8891090	8891290	3	6.03579	1	(3,6)	5.82625	1	15.7212
chr5	138467511	138467711	3	7.17663	1	(3,10)	7.48015	1	15.7193
chr8	41304881	41305081	3	4.21065	1	(3,13)	2.37494	1	15.7168
chr3	90441650	90441850	8	8.704	1	(8,10)	11.6236	1	15.7048
chr16	3096599	3096799	3	8.78863	1	(3,8)	5.91608	1	15.7046
chr19	2272001	2272201	3	9.3739	1	(3,6)	5.20501	1	15.7041
chr13	27459863	27460063	8	6.50482	1	(8,11)	7.34642	1	15.6976
chr2	91744574	91744774	8	6.37968	1	(2,8)	7.58983	1	15.6677
chr12	4276234	4276434	3	9.15057	1	(3,11)	5.68381	1	15.6555
chr6	89434281	89434481	4	4.00567	1	(4,11)	2.14275	1	15.6378
chr14	102776663	102776863	3	6.38731	1	(3,12)	3.95563	1	15.6206
chr2	232418090	232418290	11	5.89354	1	(3,11)	3.82845	1	15.6097
chr18	26133836	26134036	6	3.65826	1	(6,11)	1.94275	1	15.5974
chr17	81511974	81512174	3	11.9035	1	(3,3)	8.20994	1	15.5971
chr2	91626974	91627174	8	6.67547	1	(8,12)	7.45196	1	15.581
chr8	45957178	45957378	8	8.42742	1	(8,10)	5.94603	1	15.5682
chr9	63365628	63365828	8	6.65844	1	(8,11)	7.21337	1	15.5653
chr19	56476831	56477031	9	6.29845	1	(2,9)	7.85209	1	15.564
chr21	46229886	46230086	3	6.05579	1	(3,8)	3.65867	1	15.5534
chr21	8987367	8987567	8	8.35502	1	(3,8)	5.52059	1	15.5417
chr1	35190799	35190999	3	11.5683	1	(3,8)	7.89102	1	15.5138
chr12	57489417	57489617	3	11.5683	1	(3,8)	7.89102	1	15.5138
chr3	32818508	32818708	3	9.02088	1	(3,8)	5.38699	1	15.5092
chr17	78357319	78357519	12	5.76372	1	(6,12)	3.76377	1	15.5015
chr7	151125113	151125313	11	5.69222	1	(6,11)	3.97984	1	15.4988
chr17	78357719	78357919	11	5.69222	1	(6,11)	3.97984	1	15.4988
chr2	91627574	91627774	11	8.73451	1	(8,11)	11.2118	1	15.484
chr19	52370747	52370947	2	9.06457	1	(2,8)	11.0248	1	15.4771
chr8	39905481	39905681	3	6.4762	1	(3,8)	3.94988	1	15.4755
chr17	43388832	43389032	3	9.16125	1	(3,11)	5.28932	1	15.4738
chr19	20659394	20659594	6	6.39104	1	(6,9)	3.65258	1	15.4522
chr4	79352846	79353046	8	6.48628	1	(8,12)	7.70386	1	15.4481
chr14	31882194	31882394	9	5.37805	1	(9,10)	4.31065	1	15.4378
chr11	62855328	62855528	3	8.92831	1	(3,8)	5.56764	1	15.4347
chr19	57191032	57191232	8	8.6976	1	(2,8)	11.1598	1	15.4223
chr8	543200	543400	3	8.8026	1	(3,8)	5.37783	1	15.4195
chr1	91387043	91387243	8	6.39932	1	(8,11)	6.99589	1	15.4026
chr13	27459663	27459863	11	9.10716	1	(8,11)	10.7617	1	15.3882
chr12	20551466	20551666	11	9.10716	1	(8,11)	10.7617	1	15.3882
chr10	96801643	96801843	11	9.10716	1	(8,11)	10.7617	1	15.3882
chr2	91571740	91571940	8	8.68204	1	(8,11)	5.85057	1	15.387
chr7	148659708	148659908	9	5.45877	1	(9,11)	4.04765	1	15.3747
chr13	99984946	99985146	3	9.09363	1	(3,10)	5.56993	1	15.3684
chrX	154399659	154399859	3	8.84857	1	(3,8)	5.55469	1	15.3666
chrX	125387951	125388151	3	9.1236	1	(3,6)	5.19962	1	15.3585
chr19	50727943	50728143	9	5.86781	1	(9,11)	3.57764	1	15.3502
chr6	28398023	28398223	3	5.82787	1	(3,8)	3.94988	1	15.3411
chr1	16618905	16619105	5	4.84559	1	(3,5)	3.87109	1	15.3362
chr2	207768076	207768276	3	9.16348	1	(3,11)	5.28932	1	15.3342
chr8	41303081	41303281	12	6.39389	1	(6,12)	6.64451	1	15.326
chr3	134371758	134371958	6	8.58997	1	(6,12)	5.10779	1	15.324
chr1	211575458	211575658	8	3.52465	1	(6,8)	2.01644	1	15.3117
