chr1	203879600	203900000	15
chr16	46394800	46415400	14
chr6	58767000	58789200	14
chr16	46381000	46402200	14
chr9	66813400	66833800	14
chr2	92280400	92301400	15
chr17	41371600	41392400	14
chr7	61958800	61979000	14
chr17	41390000	41411200	10
chr8	57111600	57132600	14
chr17	76343800	76364400	8
chr4	68255400	68276000	14
chr2	92295600	92316000	14
chr10	42354800	42375200	14
chr4	49649400	49669800	14
chr5	71136800	71157000	14
chr16	89296800	89317000	2
chr17	33468000	33488400	14
chr19	27721800	27743400	14
chr17	56458800	56479200	15
chr10	42519200	42539600	14
chr10	98551200	98571400	14
chr11	5820200	5840600	14
chr16	33949000	33969400	15
chr2	133019000	133040600	15
chr2	133013200	133033600	15
chr4	49502600	49523000	14
chr15	101864200	101885000	10
chr9	129268800	129289600	15
chr17	75873600	75894000	14
chr7	150990400	151011000	15
chr19	27726200	27747000	12
chr12	34827400	34847800	14
chr17	77386800	77407400	14
chr2	10962400	10982600	15
chr6	58764400	58784800	14
chr2	91806400	91827000	14
chr6	147818200	147838600	15
chrX	58320600	58340800	14
chr1	23878800	23899400	10
chr9	139683600	139703800	15
chr1	145033000	145053200	16
chr1	212769200	212791200	14
chr12	34831400	34851800	14
chr16	46380000	46400600	12
chr16	46396400	46416800	14
chr8	29199200	29219600	14
chr17	62215000	62235200	8
chr12	56091000	56111400	15
chr17	1379800	1401000	10
chr21	11176000	11196800	12
chr7	905800	926200	10
chr3	73150000	73170200	14
chr17	56455600	56476200	15
chr20	29508400	29529200	12
chr3	13024800	13045000	2
chr11	57406000	57426600	15
chr9	67310600	67330800	14
chr17	45225400	45245800	14
chr19	399400	420000	15
chr6	30315600	30335800	14
chr7	100802400	100822800	15
chr10	72958800	72979000	15
chr20	30597400	30617800	15
chr7	22385800	22406000	15
chr11	54951600	54972000	12
chr19	47153000	47173800	15
chr1	212861800	212882200	15
chr7	130409200	130429800	14
chr3	196615400	196635800	14
chr22	18868400	18888800	14
chr22	29416600	29437000	10
chr14	23173000	23193200	15
chr8	86147200	86167400	14
chr17	38125800	38146000	15
chr6	61904000	61924400	12
chr13	28024000	28044200	14
chr12	57599200	57619800	15
chr11	61339200	61359400	15
chr10	42524600	42544800	14
chr1	162030600	162050800	15
chr19	52480400	52500600	12
chr6	26033200	26053400	10
chr14	19009000	19029200	14
chr7	20828400	20848600	14
chr7	150939400	150959600	15
chr19	47133200	47153400	15
chr8	46842400	46862600	14
chr20	36003200	36023600	14
chr19	4805800	4826200	10
chr19	13084400	13104600	2
chr17	45248800	45269200	7
chr7	140773200	140793400	14
chr6	107800000	107820600	14
chr3	194027600	194048200	8
chr3	50318000	50338600	8
chr17	63123800	63144000	15
chr17	41974600	41995600	14
chr21	9916200	9936600	12
chr20	30438000	30458600	15
