chr15	25046253	25096253	8
chr10	41839408	42105752	8
chr19	58165233	58215434	1
chr19	58227634	58277634	8
chr21	10688456	10738456	8
chr21	10675656	10725656	8
chr12	133040614	133090614	8
chr19	58156233	58206233	1
chr19	57960432	58010432	8
chr12	133097414	133147414	8
chr16	34127533	34177533	8
chr12	133033014	133083014	8
chr10	38811469	38861469	8
chr10	38485472	38581469	8
chr2	89787797	89844190	8
chr4	421011	471011	8
chr19	36710498	36760498	8
chr2	176067072	176117072	11
chr21	10371256	10421256	8
chr19	57529432	57579432	8
chr16	34123133	34173133	8
chr19	36513498	36563498	8
chr19	58096433	58146433	8
chr17	48597838	48647838	11
chr4	40399	93713	8
chr12	53925816	53975816	11
chr10	100708043	100758043	12
chr4	409811	459811	8
chr19	36718098	36768098	8
chr19	51992147	52042147	8
chr19	44447412	44501348	8
chr2	132238627	132288627	11
chr19	57950632	58000632	8
chr2	132238827	132288827	11
chr3	75704049	75754049	8
chr19	51855147	51905147	1
chr7	27155981	27205981	10
chr20	30397324	31245397	8
chr12	133181214	133231214	8
chr19	51853947	51903947	1
chr12	132907014	132957014	8
chr12	133147614	133197614	8
chr4	52306	106114	8
chr19	52287347	52337347	1
chr17	48708438	48758438	11
chr8	11675691	11725691	11
chr19	1237001	1287001	3
chr19	36617698	36667698	1
chr19	1237801	1287801	3
chr19	44452814	44506548	8
chr2	176117272	176167272	11
chr17	79796201	79846201	11
chr19	37123098	37173098	8
chr12	53976016	54026016	10
chr4	49105183	49155183	8
chr4	49106783	49156783	8
chr19	1226001	1276001	3
chr4	336811	386811	2
chr19	37531498	37581699	8
chr19	36789298	36839298	1
chr2	89807190	89857190	8
chr19	56536831	56587032	2
chr22	36323755	36373755	6
chr15	89361569	89411569	11
chr9	123993721	124043721	11
chr4	343411	393411	8
chr19	1245801	1295801	3
chr16	3279000	3329000	3
chr7	27206181	27256181	11
chr3	147371813	147421813	11
chr19	36858498	36908498	8
chr19	51941347	51991347	8
chr13	99949546	99999546	11
chr5	180243600	180293600	8
chr21	10421456	10471456	9
chr2	218956478	219006478	11
chr15	96320771	96370771	3
chr19	36853098	36903098	8
chr19	37383498	37433498	8
chr10	101114643	101164643	11
chr19	23335398	23385398	8
chr19	52079547	52129547	8
chr19	1733801	1783801	11
chr10	117126089	117176089	11
chr7	155442305	155492305	11
chr19	52369547	52419547	1
chr7	6657569	6707569	8
chr16	3370000	3420000	8
chr19	52303347	52353347	8
chr15	25017253	25067253	8
chr2	91580143	91633774	8
chr16	3364600	3414600	8
chr19	36782498	36832498	1
chr10	101204443	101254443	11
chr19	9336924	9386924	8
chr16	36043029	46422488	8
chr19	37412298	37462298	8
chr19	9376124	9426124	8
chr5	93567694	93617694	11
chr6	28767023	28817023	11
