chr7	27183800	27233800	15
chr17	46672000	46722000	8
chr17	46657600	46707600	8
chr17	46647400	46697400	7
chr2	132995800	133045800	14
chr22	46438400	46488400	8
chr8	11533200	11583200	14
chr19	39144400	39194400	8
chr19	39143200	39193200	8
chr2	176980600	177030600	14
chr22	36718000	36768000	8
chr16	46385800	46435800	2
chr22	36722200	36772200	8
chr19	1230400	1280400	8
chr12	54400000	54450000	2
chr19	13102000	13152000	7
chr22	46457800	46507800	8
chr2	133000400	133050400	14
chr10	42358600	42408600	14
chr7	27146000	27196000	8
chr15	96863400	96913400	15
chr15	31621600	31671600	3
chr2	92273000	92323000	16
chr19	1251000	1301000	8
chr17	1944400	1994400	4
chr11	64609400	64659400	4
chr16	33934600	33984600	14
chr19	1253000	1303000	8
chr8	11555200	11605200	14
chr19	13114000	13164000	15
chr17	77743400	77793400	3
chr10	126382000	126432000	8
chr19	13115800	13165800	15
chr5	140762200	140812200	12
chr11	818200	868200	14
chr17	38462600	38512600	4
chr16	86504400	86554400	14
chr17	46789200	46839200	14
chr4	174414000	174464000	2
chr15	96868000	96918000	15
chr17	75414000	75464000	3
chr11	816000	866000	14
chr12	6301400	6351400	8
chr9	139547000	139597000	4
chr9	137216800	137266800	2
chr6	159191200	159241200	2
chr15	25310800	25360800	5
chr2	89830400	89880400	14
chr19	1219800	1269800	8
chr17	37023600	37073600	8
chr21	10772800	10822800	12
chr5	149520600	149570600	8
chr19	39184000	39234000	8
chr1	19761200	19811200	8
chr20	43016400	43066400	1
chr20	43016200	43066200	1
chr16	67449600	67499600	8
chr22	36703800	36753800	8
chr16	67459800	67509800	3
chr22	46473600	46523600	8
chr5	149532000	149582000	8
chr9	97806200	97856200	8
chr10	80827200	80877200	8
chr22	50698600	50748600	4
chr4	40200	90200	12
chr14	74183000	74233000	8
chr18	19741600	19791600	14
chr8	145002800	145052800	4
chr3	46964400	47014400	8
chr8	145003400	145053400	4
chr18	19738600	19788600	14
chr9	130281600	130331600	8
chr11	64598600	64648600	4
chr9	140088600	140138600	8
chr18	19737600	19787600	14
chr5	131790800	131840800	8
chr3	50263600	50313600	4
chr9	130282800	130332800	8
chr10	39104400	39154400	14
chr5	92903000	92953000	10
chr19	58738600	58788600	4
chr19	13166400	13216400	15
chr21	43157000	43207000	15
chr19	58475800	58525800	3
chr9	97817400	97867400	8
chr1	1056600	1106600	2
chr9	140051200	140101200	8
chr10	126365000	126415000	8
chr12	7031200	7081200	4
chr20	61022400	61072400	14
chr1	22220600	22270600	2
chr6	159185200	159235200	8
chr19	52496400	52546400	2
chr20	62666200	62716200	4
chr13	100600800	100650800	2
chr7	130565800	130615800	8
chr15	96871200	96921200	15
chr1	156431200	156481200	8
chr9	139534000	139584000	4
chr17	73504800	73554800	4
