chr11	65496929	65506929	3
chr8	98939572	98949572	10
chr7	155803106	155813106	11
chr2	174326472	174336472	11
chr1	92478243	92488243	11
chr5	123086305	123096305	10
chr5	55224772	55234772	10
chr17	36932900	36943701	11
chr19	18603990	18613990	11
chr3	138937758	138947758	11
chr17	36933700	36944700	11
chr6	32967223	32977223	3
chr6	108162996	108172996	11
chr8	26039884	26049884	11
chr15	76337459	76347459	10
chr11	43574250	43584250	10
chr8	26040484	26050484	11
chr11	76203556	76213556	11
chr6	1604565	1614565	11
chr2	174328272	174338272	11
chr1	47432728	47442728	10
chr18	57432168	57442168	11
chr6	5999367	6009367	11
chr6	108164596	108174596	11
chr19	18605390	18615390	11
chr20	21098359	21108359	11
chr11	128685705	128695705	11
chr4	54091833	54101833	11
chr17	8117282	8127282	11
chr11	76204956	76214956	11
chr1	180228265	180238265	11
chr16	67159097	67169097	10
chr10	123141884	123151884	11
chr13	78600065	78610065	10
chr21	36692100	36702100	11
chr14	36646995	36656995	10
chr17	79834801	79844801	11
chr2	19350639	19360639	10
chr17	61403239	61413239	10
chr1	213979857	213989857	12
chr17	49963636	49973636	10
chr2	172079272	172089272	10
chr18	57433568	57443568	11
chr3	128482157	128492157	10
chr9	77012084	77022084	11
chr6	108113796	108123796	11
chr1	200033272	200043272	11
chr6	1383765	1393765	11
chr18	57429768	57439768	11
chr7	101163519	101173519	12
chr7	5418969	5428969	3
chr12	57215217	57225217	11
chr10	129962736	129972736	11
chr15	67826262	67836262	11
chr6	108113996	108123996	11
chr17	81508774	81518774	3
chr5	1877686	1887686	11
chr6	32968823	32978823	3
chr12	49336817	49346817	11
chr2	63046865	63056865	11
chr10	129958736	129968736	11
chr4	173521449	173531449	10
chr2	72915471	72925471	11
chr17	81508974	81518974	3
chr15	52783203	52793203	10
chr9	14342001	14352001	11
chr3	128483757	128493757	10
chr2	63047265	63057265	11
chr15	40922402	40932402	11
chr10	100739243	100749243	10
chr19	10287124	10297124	11
chr12	4268834	4278834	3
chr15	52784203	52794203	10
chr12	57214417	57224417	11
chr1	213978857	213988857	12
chr15	40922202	40932202	11
chr2	174329072	174339072	11
chr20	21512562	21522562	11
chr7	35252189	35262189	11
chr15	25065453	25075453	8
chr7	155806506	155816506	11
chr17	79791401	79801401	11
chr12	49338617	49348617	11
chr1	50418128	50428128	11
chr4	4852873	4862873	11
chr9	93950918	93960918	11
chr3	134364758	134374758	3
chr15	74127659	74137659	11
chr9	122213521	122223521	10
chr1	90717243	90727243	11
chr20	40683160	40693160	11
chr15	25049053	25059053	8
chr7	157001506	157011506	10
chr2	118835024	118845024	10
chr2	72140871	72150871	10
chr9	126609921	126619921	11
chr4	4864273	4874273	10
chr14	36657195	36667195	10
chr10	69568644	69578644	12
chr4	54094433	54104433	11
