chr19	58753600	58778600	8
chr19	58700600	58725600	8
chr10	42373800	42398800	8
chr15	25296000	25321000	8
chr12	133615800	133640800	8
chr2	89855000	89880000	8
chr19	44977800	45002800	8
chr4	49635000	49660000	8
chr21	10782600	10807600	8
chr7	6722200	6747200	8
chr4	49098200	49123200	8
chr19	58487200	58512200	8
chr12	133674600	133699600	8
chr4	424400	449400	8
chr19	37027800	37052800	8
chr12	133758000	133783000	8
chr19	52803400	52828400	8
chr10	39116400	39141400	8
chr5	179671600	179696600	8
chr20	29808200	29833200	8
chr16	46386000	46411000	8
chr8	146051400	146076400	1
chr19	9670600	9695600	8
chr10	38793800	38818800	8
chr10	42793000	42818000	8
chr19	58042800	58067800	8
chr2	176943000	176968000	11
chr19	58629800	58654800	8
chr2	172946800	172971800	11
chr11	65250800	65275800	3
chr10	102487600	102512600	11
chr19	37196600	37221600	8
chr21	10807800	10832800	8
chr11	31824600	31849600	11
chr12	133709800	133734800	8
chr7	6710600	6735600	8
chr10	8075200	8100200	11
chr10	124890600	124915600	11
chr1	91171600	91196600	11
chr15	53075000	53100000	11
chr19	1248400	1273400	3
chr7	155240400	155265400	11
chr19	1248000	1273000	3
chr16	68582800	68607800	8
chr9	126756600	126781600	11
chr10	102973600	102998600	10
chr19	52519400	52544400	1
chr15	68109000	68134000	10
chr17	46687200	46712200	10
chr17	35282800	35307800	11
chr19	7069000	7094000	8
chr3	75766800	75791800	8
chr2	133011800	133036800	11
chr19	52610400	52635400	8
chr17	46808200	46833200	12
chr11	44323200	44348200	10
chr1	18954400	18979400	11
chr2	223153400	223178400	11
chr21	10835800	10860800	8
chr19	9625000	9650000	8
chr7	96632200	96657200	11
chr16	46416800	46441800	8
chr17	77763800	77788800	11
chr2	45158400	45183400	11
chr7	156791800	156816800	11
chr12	133569400	133594400	8
chr10	102880600	102905600	11
chr21	38061000	38086000	11
chr16	46417200	46442200	8
chr9	99516200	99541200	1
chr8	11545800	11570800	10
chr15	25321200	25346200	8
chr6	10402200	10427200	2
chr12	122231200	122256200	3
chr16	33942400	33967400	11
chr12	122231800	122256800	3
chr12	54343600	54368600	11
chr19	37228800	37253800	8
chr16	3436800	3461800	1
chr19	58678600	58703600	8
chr3	75765000	75790000	8
chr7	61779200	61804200	8
chr4	49133600	49158600	8
chr4	10094600	10119600	3
chr2	219844400	219869400	11
chr5	76920200	76945200	11
chr5	87966600	87991600	11
chr10	101278800	101303800	11
chr19	58624000	58649000	8
chr5	172654400	172679400	11
chr19	1744600	1769600	12
chr12	133769200	133794200	8
chr19	52563400	52588400	8
chr16	3335000	3360000	1
chr12	133628400	133653400	8
chr2	73132800	73157800	11
chr12	133502000	133527000	8
chr19	44964800	44989800	8
chr3	128194200	128219200	11
chr14	36972000	36997000	11
