chr6	58450200	58453000	8
chr1	121742400	121743600	11
chr2	132267600	132270000	11
chrX	137438000	137438400	11
chr17	43322800	43323800	11
chr13	27459400	27460000	11
chr10	96801400	96801800	11
chr8	69689800	69690200	11
chr1	91387000	91387600	11
chr5	71850600	71851000	11
chr12	127165800	127166600	8
chr12	20551200	20551600	11
chr20	49279800	49284200	3
chr17	35150800	35151200	11
chr17	32822200	32822800	11
chr9	76571400	76572000	11
chr16	14486800	14487200	8
chr16	34153000	34157000	8
chr9	63816600	63818800	8
chr21	8986400	8988600	11
chr14	87771000	87771600	11
chr12	34219400	34219800	8
chr2	132270600	132273800	8
chrX	109054000	109054600	11
chr20	26208000	26209600	11
chr3	75667800	75672600	8
chr19	35575400	35575800	11
chr17	43304200	43305000	8
chr2	132257000	132258000	8
chr4	79352400	79353600	8
chr2	132265000	132266600	8
chr19	58229600	58230000	8
chr20	30376200	30377600	8
chr2	229180600	229181000	8
chr4	52800	54800	8
chr17	47189000	47189400	11
chr17	43388600	43389000	11
chr19	16325800	16327000	3
chr2	132259000	132259800	8
chr8	81842200	81842600	11
chr11	85483600	85484000	8
chr5	141421000	141421800	8
chr4	75885800	75886200	8
chr5	141413000	141414000	8
chr14	68789000	68791000	3
chr9	61856800	61857200	8
chr19	57748000	57748800	8
chr15	96334000	96335000	3
chr2	91628200	91628800	8
chr4	69430800	69431000	8
chr6	31354800	31356000	3
chr17	5096800	5097600	8
chr2	207767200	207768000	3
chr19	57615000	57615200	8
chr17	81508800	81512000	3
chr9	62798600	62799600	11
chr11	65502400	65506200	3
chr7	5527400	5529400	3
chr14	75279800	75281600	3
chr6	30490400	30491200	3
chr17	78357200	78358800	3
chr2	132276600	132277400	8
chr1	145992600	145995200	3
chr12	133081600	133081800	8
chr2	132254600	132255400	8
chr5	141370200	141370600	8
chr14	35401000	35403600	3
chr5	178585400	178585600	11
chr7	130733200	130733600	10
chr5	175114400	175114800	8
chr19	58183800	58184200	8
chr1	203307000	203309200	3
chr5	172767600	172769800	3
chr1	156216400	156217000	8
chr20	43459000	43459200	3
chr19	48873400	48874800	3
chr5	141430600	141432000	8
chr10	3779400	3782200	3
chr6	32974400	32975200	3
chr4	190022600	190022800	11
chr5	141360000	141360400	8
chr5	179620200	179621800	3
chr1	35189800	35191000	3
chr14	69768200	69769000	3
chr1	234606600	234608200	3
chr17	41689400	41690400	3
chr15	63044000	63044600	3
chr22	39521000	39523400	3
chr19	57707400	57708200	8
chr22	49962600	49963400	3
chr1	150576800	150577400	3
chr19	39407800	39408800	3
chr11	65501200	65502200	3
chr19	3983800	3984400	3
chr6	30616000	30617000	3
chr12	56159600	56161000	3
chr11	123058600	123061200	3
