chr20	47894800	47904800	8
chr17	27046000	27056000	8
chr1	27329400	27339400	8
chr18	56526200	56536200	8
chr1	26736000	26746000	3
chr14	69255000	69265000	8
chr2	45155400	45165400	15
chr12	122011800	122021800	3
chr20	45979600	45989600	9
chr2	232570200	232580200	8
chr10	8085200	8095200	15
chr2	237068800	237078800	15
chr7	131233000	131243000	3
chr6	41513200	41523200	15
chr10	8087000	8097000	15
chr18	3449600	3459600	8
chr20	45978200	45988200	9
chr14	21989600	21999600	8
chr14	21990000	22000000	8
chr2	171671400	171681400	14
chr20	45981400	45991400	9
chr2	200326400	200336400	15
chr20	45942800	45952800	3
chr3	55514200	55524200	14
chr3	128199200	128209200	14
chr5	122422000	122432000	14
chr8	30246600	30256600	8
chr17	35286400	35296400	15
chr16	73064200	73074200	15
chr12	49730600	49740600	15
chr1	92943400	92953400	14
chr2	74722600	74732600	15
chr1	223195400	223205400	8
chr12	49731600	49741600	15
chr9	131151600	131161600	14
chr11	31835200	31845200	14
chr10	77155000	77165000	14
chr3	128198800	128208800	14
chr13	28536200	28546200	14
chr1	46949800	46959800	15
chr2	237066000	237076000	15
chr2	63274600	63284600	14
chr18	56525200	56535200	8
chr2	72367600	72377600	15
chr8	99952000	99962000	14
chr17	8020600	8030600	14
chr2	43444800	43454800	3
chr7	100808000	100818000	15
chr17	17580200	17590200	15
chr12	113900800	113910800	14
chr20	31359800	31369800	8
chr6	5994000	6004000	14
chr10	124901000	124911000	15
chr3	147101800	147111800	15
chr20	37350200	37360200	14
chr1	8930800	8940800	8
chr2	73138800	73148800	15
chr10	8080200	8090200	15
chr3	147106400	147116400	15
chr9	79628200	79638200	14
chr1	8930600	8940600	8
chr4	54960800	54970800	15
chr17	14199000	14209000	14
chr12	9058600	9068600	1
chr6	26196600	26206600	1
chr9	102581400	102591400	14
chr10	71330200	71340200	14
chr6	41510600	41520600	15
chr1	17758200	17768200	3
chr16	49308200	49318200	14
chr7	2857200	2867200	3
chr20	21496400	21506400	15
chr3	109048600	109058600	8
chr6	137808800	137818800	14
chr8	65489600	65499600	15
chr15	53078800	53088800	14
chr8	22546400	22556400	14
chr9	96707400	96717400	14
chr11	128555000	128565000	14
chr10	80994400	81004400	15
chr1	18975200	18985200	15
chr17	46124600	46134600	3
chr13	51741600	51751600	8
chr21	43181600	43191600	15
chr3	184278400	184288400	15
chr9	131152800	131162800	14
chr2	175192800	175202800	14
chr1	25251600	25261600	15
chr3	62350600	62360600	15
chr3	147121400	147131400	15
chr7	129417400	129427400	15
chr16	54315600	54325600	14
chr2	64069600	64079600	3
chr5	172660000	172670000	15
chr3	137480200	137490200	14
chr1	25251200	25261200	15
chr6	33392600	33402600	3
chr2	64067200	64077200	3
chr4	55088800	55098800	14
chr3	138659800	138669800	15
