chr17	39846000	39847200	8
chr14	70235000	70235800	8
chr19	3983400	3984600	8
chr19	1253600	1256400	8
chr16	30078200	30079200	8
chr11	65271400	65274200	8
chr2	232576200	232577400	8
chr17	7477400	7479000	8
chr19	1274000	1275200	8
chr19	1270800	1272400	8
chr12	56553600	56555400	8
chr11	62650200	62651800	8
chr14	35870200	35873000	8
chr22	39918600	39919800	8
chr10	3821800	3824400	8
chr12	6645000	6646000	8
chr7	5566000	5568800	8
chr5	172194600	172196800	8
chr16	29819800	29821400	8
chr12	49523400	49524000	8
chr3	48508400	48509400	8
chr13	45007800	45009000	8
chr19	49992800	49993400	8
chr19	18389400	18390200	8
chr17	7143600	7144600	8
chr5	140699400	140699600	8
chr17	8064200	8065000	8
chr3	52028400	52029200	8
chr1	234740600	234743800	8
chr19	49376800	49378400	8
chr20	47896400	47898000	8
chr4	6643800	6644400	8
chr22	39711800	39714400	8
chr3	186502400	186504400	8
chr19	49378600	49379400	8
chr19	2271600	2272000	8
chr5	179047200	179049200	8
chr19	13050600	13051800	8
chr11	6632200	6632600	8
chr9	136216000	136216400	8
chr22	50356400	50357200	8
chr19	55898400	55899600	8
chr5	180668800	180669600	8
chr8	146016000	146017000	8
chr10	74034600	74036000	8
chr17	62500000	62501200	8
chr3	48732000	48733000	8
chr6	31506800	31508400	8
chr2	85768200	85769400	8
chr6	32942200	32943800	8
chr19	42365200	42366400	8
chr19	50000600	50001800	8
chr14	103802000	103802800	8
chr6	36564800	36568200	8
chr1	150547200	150550000	8
chr16	89628200	89629000	8
chr12	53575600	53576800	8
chr19	14626800	14627400	8
chr11	61732400	61733200	8
chr14	69255600	69257400	8
chr7	26236200	26237400	8
chr3	51429800	51430200	8
chr5	176562200	176562800	8
chr3	156875400	156876800	8
chr2	232577600	232579000	8
chr1	200377800	200378200	8
chr19	54705400	54707000	8
chr17	79476000	79478000	8
chr1	26800000	26800800	8
chr19	15363400	15363800	8
chr3	134084000	134086600	8
chr1	145440000	145442400	8
chr12	46761600	46764600	8
chr19	3434600	3434800	8
chr17	56082200	56083400	8
chr11	64888400	64888800	8
chr11	62559800	62560200	8
chr11	8705600	8706200	8
chr2	217364400	217365400	8
chr12	54676200	54678000	8
chr11	62621000	62622200	8
chr19	59057000	59058200	8
chr11	57093600	57093800	8
chr5	177633000	177633800	8
chr12	53775600	53777400	8
chr14	102551200	102552200	8
chr6	31805000	31805800	8
chr4	184367200	184367600	7
chr1	28834800	28835800	8
chr17	46128200	46129000	8
chr20	34327400	34328600	8
chrX	48433800	48434800	8
chr19	57988000	57988200	4
chr1	155937200	155939200	8
chr19	41313200	41313400	8
chr11	64543800	64544600	8
chr11	10827400	10828800	8
chr7	99697000	99697600	8
chr9	127622600	127623200	8
chr19	58950600	58950800	4
