chr7	5458600	5468600	1
chr19	1248400	1258400	8
chr19	1248600	1258600	8
chr2	133025200	133035200	14
chr6	32935800	32945800	8
chr10	3818200	3828200	2
chr11	31830000	31840000	14
chr10	42375600	42385600	14
chr10	3819600	3829600	8
chr14	69253400	69263400	3
chr3	134084000	134094000	8
chr21	10773800	10783800	12
chr15	68112600	68122600	15
chr10	42355600	42365600	14
chr12	122235000	122245000	4
chr21	10790400	10800400	12
chr19	54704000	54714000	1
chr15	25298800	25308800	12
chr21	11118600	11128600	12
chr2	219260400	219270400	1
chr3	134080400	134090400	8
chr9	96713000	96723000	14
chr21	10800600	10810600	12
chr19	58713400	58723400	12
chr17	7136800	7146800	1
chr3	5019000	5029000	1
chr22	39706400	39716400	8
chr6	32938200	32948200	8
chr4	49650000	49660000	14
chr10	77155000	77165000	1
chr19	2041000	2051000	3
chr18	19744600	19754600	1
chr21	11106400	11116400	12
chr9	96710000	96720000	14
chr11	65185200	65195200	1
chr2	219261400	219271400	1
chr2	89869800	89879800	14
chr11	65264000	65274000	1
chr2	43445600	43455600	1
chr22	36723400	36733400	8
chr11	118787000	118797000	1
chr22	39915400	39925400	1
chr2	66659800	66669800	3
chr12	6442000	6452000	1
chr11	118791200	118801200	1
chr3	187455200	187465200	1
chr17	79476000	79486000	8
chr19	12895000	12905000	1
chr15	76629600	76639600	14
chr2	28612800	28622800	1
chr4	49637200	49647200	12
chr21	10817600	10827600	12
chr19	39895200	39905200	1
chr21	10830200	10840200	12
chr11	65335400	65345400	4
chr2	232569600	232579600	1
chr2	172958000	172968000	14
chr19	12894800	12904800	1
chr10	104401600	104411600	1
chr15	25313800	25323800	12
chr19	58768600	58778600	12
chr17	2295800	2305800	1
chr5	172191600	172201600	2
chr19	1266400	1276400	8
chr19	4058200	4068200	1
chr1	113240600	113250600	1
chr1	234739600	234749600	1
chr21	11129600	11139600	12
chr15	96872800	96882800	8
chr16	33949600	33959600	14
chr3	75781000	75791000	12
chr22	46499600	46509600	8
chr19	39209200	39219200	8
chr1	37937000	37947000	1
chr19	41303600	41313600	1
chr10	42387000	42397000	14
chr19	4058600	4068600	1
chr11	203400	213400	1
chr15	44083800	44093800	1
chr5	172191200	172201200	2
chr16	33949400	33959400	14
chr3	39185600	39195600	1
chr9	126771000	126781000	14
chr21	38068200	38078200	14
chr4	49148200	49158200	12
chr17	2295200	2305200	1
chr5	170734600	170744600	15
chr17	7475200	7485200	2
chr17	8050600	8060600	8
chr2	8816200	8826200	3
chr18	3446600	3456600	1
chr1	17018600	17028600	14
chr3	137481000	137491000	14
chr4	49113200	49123200	14
chr17	35290200	35300200	15
chr19	796400	806400	2
chr11	44324000	44334000	14
chr19	58637000	58647000	12
chr2	73142000	73152000	14
chr22	50352800	50362800	2
