chr15	25046653	25096653	8
chr10	41839408	42105752	8
chr19	58227434	58277434	1
chr19	58166833	58217034	8
chr21	10688256	10738256	8
chr19	57960432	58010432	8
chr21	10654256	10704256	8
chr12	133079214	133129214	1
chr19	57529232	57579232	8
chr10	38783469	38833469	8
chr10	38788669	38838669	8
chr2	89787797	89844190	8
chr10	38485272	38581269	8
chr19	51992947	52042947	1
chr19	36513498	36563498	1
chr3	75695849	75745849	8
chr19	36710098	36760098	8
chr3	75709649	75759649	8
chr4	421011	471011	8
chr19	36617498	36667498	2
chr21	10371256	10421256	8
chr19	52361947	52411947	1
chr4	49106583	49156583	8
chr19	58150033	58200033	8
chr19	9376124	9426124	8
chr2	176066872	176116872	11
chr12	132907014	132957014	2
chr19	58093433	58143433	8
chr5	180233600	180283600	8
chr19	44447015	44501148	8
chr7	27142581	27192581	1
chr20	30399524	31247597	8
chr19	44445816	44500148	8
chr5	178921199	178971199	1
chr16	34127733	34177733	8
chr16	3364600	3414600	1
chr19	37533898	37584099	8
chr19	56518231	56568231	2
chr16	3280600	3330600	8
chr4	49113983	49163983	8
chr19	37420098	37470098	1
chr17	48585238	48635238	2
chr19	36859098	36909098	8
chr5	141382633	141432633	8
chr19	37122898	37172898	1
chr19	52045947	52095947	1
chr19	51855147	51905147	1
chr4	40399	93713	8
chr12	133181214	133231214	2
chr12	53946416	53996416	11
chr19	52287347	52337347	1
chr19	56403231	56453231	1
chr5	141384033	141434033	8
chr4	409011	459011	8
chr12	132902014	132952014	8
chr12	133145814	133195814	2
chr19	57936032	57986032	8
chr19	36796498	36846498	1
chr17	7213881	7263881	3
chr9	35702603	35752603	1
chr19	23335198	23385198	8
chr19	9523124	9573124	8
chr10	100708243	100758243	12
chr4	336211	386211	1
chr19	56543031	56593232	1
chr13	99951346	100001346	12
chr22	36294354	36344555	6
chr5	178944399	178994399	8
chr19	9527124	9577124	8
chr19	57746632	57796632	1
chr19	37101098	37151098	8
chr19	9345724	9395724	8
chr16	34111533	34161533	8
chr14	101991663	102041663	4
chr10	38833669	41715608	8
chr20	49241463	49291463	3
chr19	53196947	53246947	1
chr3	147375213	147425213	11
chr2	132238227	132288227	11
chr19	41261895	41311895	1
chr6	31620023	31670023	1
chr4	189634046	189684046	8
chr2	118811624	118861624	11
chr19	56420831	56470831	8
chr19	51896947	51946947	1
chr7	6657569	6707569	2
chr19	9404524	9454524	8
chr19	57584032	57634032	2
chr19	58048632	58098833	1
chr1	19079306	19129306	4
chr17	28678982	28728982	3
chr19	5585189	5635189	1
chr19	52384347	52434347	1
chr22	36302954	36353155	6
chr19	57679432	57729432	2
chr6	33271023	33321023	1
chr19	37510698	37560698	8
chr20	30410324	31258397	8
chr2	96256662	96306662	1
chr4	189564646	189614646	8
