chr5	180668400	180669600	8
chr1	150546400	150550000	8
chr19	39924600	39925600	8
chr19	49992400	49994000	8
chr8	146015600	146016800	8
chr11	62620400	62622200	8
chr1	28834400	28837600	8
chr19	50000800	50002000	8
chr17	7477400	7479400	8
chr1	173833800	173836000	8
chr19	3983400	3984400	8
chr17	39846200	39847200	8
chr20	47896200	47901200	8
chr12	49523400	49524000	8
chr19	42365200	42367000	8
chr9	127622000	127623200	8
chr5	40833000	40834200	8
chr16	89628200	89630000	8
chr17	56081800	56083400	8
chr12	56553600	56554800	8
chr12	120636800	120637800	8
chr3	52028200	52029200	8
chr14	70235000	70236000	8
chr19	54705800	54707800	8
chr16	30078200	30079200	8
chr14	35870200	35873000	8
chr3	186502600	186505400	8
chr22	39918600	39919600	8
chr12	6645000	6646800	8
chr9	130210800	130212600	8
chr6	74226000	74227200	8
chr19	17972400	17973000	8
chr2	217364600	217365800	8
chr2	85768000	85769800	8
chr11	62650200	62651800	8
chr14	103801800	103802600	8
chr11	8705600	8706800	8
chr2	232576200	232577400	8
chr9	136216000	136217000	8
chr19	55898400	55899800	8
chr1	24019400	24020400	8
chr11	75112400	75113600	8
chr17	41151400	41152200	8
chr20	2634600	2635600	8
chr19	49120000	49121200	8
chr19	49376800	49378200	8
chr17	74729600	74731800	8
chr11	811200	811800	8
chr22	39711800	39714400	8
chr17	37007400	37008600	8
chr9	139620200	139621400	8
chr12	54676000	54678200	8
chr17	16344200	16346200	8
chr11	10827600	10828800	8
chr11	65623600	65624200	8
chr3	39449400	39450000	8
chr17	72201200	72201800	8
chr2	101620200	101621000	8
chr1	153964200	153965400	8
chr22	24238000	24238400	8
chr19	55917200	55918000	8
chr17	8284200	8285000	8
chr5	177633000	177634200	8
chr11	65271400	65274000	8
chr12	46761400	46764600	8
chr5	176562200	176562800	8
chr5	149827200	149827800	8
chr1	26800000	26800800	8
chr17	62500000	62501200	8
chr4	39458400	39459400	8
chr6	31507200	31508400	8
chr2	207025600	207026000	8
chr17	4848200	4850200	8
chr16	29819800	29820400	8
chr6	33242000	33243200	8
chr22	50356400	50357200	8
chr7	26235600	26237400	8
chr11	64888400	64888800	8
chr20	47901400	47904600	8
chr11	64544000	64544600	8
chr6	30690600	30691000	8
chr19	13050600	13051600	8
chr17	27048400	27049000	8
chr19	59057400	59058200	8
chrX	153628000	153628600	8
chr6	44216400	44217200	8
chr20	60963200	60963600	8
chr7	99697200	99697600	8
chr1	245023600	245024800	8
chr20	37062200	37062800	8
chr11	61196200	61196400	8
chrX	48433800	48434800	8
chr3	156874600	156876800	8
chr2	232327200	232327800	8
chr6	32942200	32943600	8
chr10	3822400	3824600	8
chr13	45913000	45914000	8
chr7	45024000	45025200	8
chr20	42087800	42088400	8
chr1	234742200	234743800	8
