chr1	145434600	145444600	3
chr7	5565000	5575000	3
chr17	73772400	73782400	3
chr6	30456800	30466800	3
chr14	35866400	35876400	3
chr14	70233200	70243200	3
chr6	36561200	36571200	3
chr6	32935200	32945200	3
chr3	186500200	186510200	3
chr19	3978200	3988200	3
chr17	39843600	39853600	3
chr11	65264200	65274200	3
chr1	150543000	150553000	3
chr11	122925600	122935600	3
chr19	39894000	39904000	3
chr17	79475800	79485800	3
chr22	39916000	39926000	3
chr20	37350800	37360800	11
chr10	3818400	3828400	3
chr5	54520600	54530600	11
chr1	35649400	35659400	3
chr1	203272400	203282400	3
chr5	172191600	172201600	3
chr16	89622800	89632800	3
chr6	30581200	30591200	3
chr1	234739400	234749400	3
chr5	179042000	179052000	3
chr12	125395200	125405200	3
chr1	212774400	212784400	11
chr1	245312400	245322400	11
chr11	57221200	57231200	11
chr17	43038000	43048000	11
chr5	131818800	131828800	3
chr17	4843000	4853000	3
chr2	172958800	172968800	11
chr9	77109000	77119000	10
chr1	145035200	145045200	11
chr1	197879800	197889800	11
chr1	29556600	29566600	11
chr2	43445600	43455600	3
chr7	26232200	26242200	3
chr3	156869200	156879200	3
chr17	62494400	62504400	3
chr11	64537400	64547400	3
chr20	34322400	34332400	3
chr20	42085400	42095400	3
chr6	107805000	107815000	11
chr1	228782400	228792400	11
chr17	7473600	7483600	3
chr19	18385000	18395000	3
chr5	40826400	40836400	3
chr12	92531000	92541000	3
chr14	103799400	103809400	3
chr12	56551000	56561000	3
chr15	28336600	28346600	11
chr5	54466800	54476800	11
chr6	31318600	31328600	3
chr14	69253600	69263600	3
chr2	136871000	136881000	3
chr6	150277000	150287000	11
chr6	74224200	74234200	3
chr6	89787800	89797800	3
chr1	121475600	121485600	11
chr12	20694600	20704600	11
chr6	5995000	6005000	11
chr19	49464600	49474600	3
chr9	68412400	68422400	11
chr12	54381200	54391200	11
chr19	49992600	50002600	3
chr11	61730600	61740600	3
chr17	56405400	56415400	3
chr12	49481800	49491800	11
chr8	82745200	82755200	1
chr14	61185200	61195200	11
chr15	45002000	45012000	3
chr15	81588200	81598200	3
chr17	74725400	74735400	3
chr1	151023400	151033400	3
chr13	114461000	114471000	11
chr2	172947400	172957400	11
chr4	13541200	13551200	11
chr10	102819600	102829600	11
chr6	29908400	29918400	3
chr6	31232400	31242400	3
chr8	80672600	80682600	11
chr11	46931800	46941800	11
chr9	102580800	102590800	11
chr6	126066400	126076400	11
chr6	170597400	170607400	11
chr4	113429400	113439400	11
chr4	78976000	78986000	11
chr10	92609600	92619600	11
chr10	74032200	74042200	3
chr6	150303800	150313800	11
chr2	91668400	91678400	11
chr19	2266400	2276400	3
chr15	68118800	68128800	11
chr16	30193400	30203400	3
chr16	31190000	31200000	3
chr14	102545200	102555200	3
