chr2	132267427	132277427	12
chr3	134362758	134372758	8
chr17	61396239	61406239	15
chr16	34147333	34157333	14
chr22	36327155	36337155	8
chr17	61400839	61410839	15
chr18	15410201	20940439	14
chr20	49279063	49289063	8
chr7	27164381	27174381	1
chr2	172093872	172103872	15
chr7	27143181	27153181	2
chr19	27240892	27250892	14
chr8	98939372	98949372	15
chr2	172092672	172102672	15
chr16	34151733	34161733	14
chr7	27100781	27110781	1
chr5	2747486	2757486	1
chr19	44748943	44758943	8
chr7	27179381	27189381	15
chr10	41837808	41847808	14
chr6	10409767	10419767	14
chr9	63816666	63826666	14
chr17	48589438	48599438	14
chr3	128480957	128490957	15
chr16	54929088	54939088	15
chr8	98940972	98950972	15
chr4	48604	59307	14
chr2	132256627	132266627	14
chr19	1252801	1262801	8
chr20	31710997	31720997	8
chr14	60640882	60650882	15
chr6	1386765	1396765	15
chr15	76335059	76345059	14
chr2	63047065	63057065	15
chr4	54225033	54235033	14
chr12	53993016	54003016	15
chr4	173521449	173531449	15
chr16	86570194	86580194	14
chr17	48569638	48579638	1
chr7	23465181	23475181	14
chr11	31808452	31818452	14
chr18	48938230	48948230	8
chr10	8049437	8059437	14
chr12	4271234	4281234	16
chr18	22164639	22174639	1
chr10	8049637	8059637	14
chr6	1604965	1614965	14
chr6	1605365	1615365	14
chr12	4270034	4280034	8
chr8	143933432	143943432	8
chr22	46084120	46094120	8
chr17	48046838	48056838	8
chr15	76335859	76345859	14
chr2	63047865	63057865	15
chr2	19350039	19360039	15
chr12	57234217	57244217	15
chr19	1265401	1275401	8
chr6	5998767	6008767	14
chr11	825400	835400	4
chr11	114058078	114068078	8
chr1	170661059	170671059	14
chr1	150567524	150577524	8
chr17	2053306	2063306	6
chr7	27110981	27120981	3
chr6	5997167	6007167	14
chr15	96351771	96361771	3
chr17	48541038	48551038	3
chr7	25852780	25862780	2
chr12	54012616	54022616	15
chr17	2053106	2063106	6
chr19	40797895	40807895	8
chr13	99978146	99988146	15
chr16	86503994	86513994	15
chr19	1250401	1260401	8
chr6	170286912	170296912	15
chr4	10105976	10115976	3
chr11	69636032	69646032	4
chr8	143935032	143945032	8
chr1	220876658	220886658	5
chr10	3774608	3784608	8
chr2	176128272	176138272	14
chr12	54024616	54034616	14
chr4	110614044	110624044	14
chr19	54201132	54211331	8
chr7	101163519	101173519	14
chr17	72115659	72125659	8
chr12	114671595	114681595	1
chr11	114059078	114069078	8
chr19	40596694	40606694	14
chr4	10092976	10102976	8
chr4	10092776	10102776	8
chr17	2055706	2065706	14
chr9	137294148	137304148	3
chr15	96320171	96330171	3
chr16	73061901	73071901	14
chr10	129956136	129966136	14
chr1	118979377	118989377	15
chr7	155802906	155812906	2
chr17	48603638	48613638	15
chr17	14296683	14306683	15
