chr19	52584800	52585000	20	7.64725	1	(3,20)	4.74988	1	18.5501
chr6	111732200	111732400	10	7.73856	1	(10,20)	9.14127	1	18.3282
chr14	71651800	71652000	20	7.57157	1	(17,20)	9.29976	1	18.2742
chr17	13596600	13596800	13	3.84995	1	(3,5)	2.17494	1	18.1947
chr15	49428400	49428600	5	7.48631	1	(2,5)	9.39976	1	18.1101
chr6	58452600	58452800	3	6.54638	1	(3,11)	4.2855	1	17.9829
chr13	48320200	48320400	20	9.51858	1	(20,23)	6.79263	1	17.6131
chr19	2847800	2848000	18	6.96041	1	(18,20)	4.24544	1	17.5061
chr7	62509000	62509200	21	6.32243	1	(2,21)	4.07175	1	17.455
chr18	20939000	20939200	21	6.32243	1	(2,21)	4.07175	1	17.455
chr5	37209200	37209400	4	6.55908	1	(4,7)	4.34988	1	17.4277
chr3	149937000	149937200	2	3.78999	1	(2,6)	2.37494	1	17.4093
chr12	10000	10200	21	6.16114	1	(13,21)	4.64988	1	17.3938
chr3	127768400	127768600	14	6.70797	1	(14,20)	4.54988	1	17.3086
chr12	20551400	20551600	20	7.40738	1	(20,23)	8.63538	1	17.2886
chr7	94649200	94649400	19	3.70815	1	(3,19)	2.17494	1	17.2877
chrX	132025000	132025200	3	3.81748	1	(3,8)	2.21644	1	17.2789
chr7	135180000	135180200	20	6.47626	1	(18,20)	4.49139	1	17.2403
chr14	71651600	71651800	15	6.44473	1	(11,15)	6.63676	1	17.2318
chr19	38304400	38304600	1	6.22868	1	(1,18)	3.81065	1	17.2286
chr6	58450800	58451000	21	6.3615	1	(9,21)	4.14988	1	17.1862
chr9	34371000	34371200	20	4.51769	1	(2,20)	2.37494	1	17.1579
chr6	143800800	143801000	20	7.08056	1	(20,22)	8.07244	1	17.0838
chr15	34791400	34791600	1	6.96696	1	(1,8)	4.64988	1	17.0678
chr19	38304200	38304400	18	3.59127	1	(1,14)	1.97494	1	17.0466
chr19	38304600	38304800	11	3.7737	1	(1,11)	2.21644	1	17.0448
chr3	127768600	127768800	13	6.42365	1	(13,21)	4.08841	1	17.0243
chr4	79964800	79965000	11	7.05778	1	(1,11)	4.49139	1	17.0191
chr9	34372600	34372800	20	9.3916	1	(20,24)	6.76633	1	17.0105
chr21	43818400	43818600	22	7.13724	1	(20,22)	8.51135	1	16.9784
chr7	27145200	27145400	3	6.78237	1	(3,12)	7.59085	1	16.9643
chr17	67047400	67047600	14	6.04089	1	(14,21)	4.1007	1	16.9495
chr1	27360800	27361000	7	6.99583	1	(7,23)	8.78277	1	16.9458
chr16	2029400	2029600	22	3.90883	1	(6,14)	2.37494	1	16.9422
chr9	19125600	19125800	4	6.01594	1	(4,11)	3.495	1	16.9286
chr17	13596400	13596600	14	3.61825	1	(5,14)	1.96619	1	16.9091
chr5	37209000	37209200	11	6.8259	1	(11,22)	7.6591	1	16.9019
chr6	15416600	15416800	21	3.73063	1	(10,21)	2.09421	1	16.8787
chr7	27123800	27124000	11	3.58427	1	(2,11)	2.21644	1	16.7606
chr4	79964000	79964200	11	6.04977	1	(11,22)	3.83065	1	16.7511
chr11	2651600	2651800	21	6.95576	1	(14,21)	8.55058	1	16.7494
chr10	44975200	44975400	1	6.72556	1	(1,9)	4.29139	1	16.7483
chr8	17748400	17748600	4	6.28987	1	(4,21)	3.96659	1	16.7461
chr12	133129200	133129400	4	6.43229	1	(4,21)	4.16659	1	16.735
chr10	74673200	74673400	20	6.64362	1	(16,20)	4.33289	1	16.7328
chr12	108632200	108632400	10	3.7338	1	(2,10)	2.21644	1	16.7172
chr5	180314200	180314400	1	6.87335	1	(1,8)	4.54988	1	16.712
chr9	34371200	34371400	23	6.05239	1	(20,23)	4.35919	1	16.7111
chr11	2131600	2131800	23	3.52076	1	(7,23)	2.37494	1	16.6872
chr1	222893400	222893600	20	6.94146	1	(2,20)	4.34988	1	16.6817
chr6	145898800	145899000	20	6.57397	1	(18,20)	4.058	1	16.6487
chr7	130960200	130960400	22	6.19024	1	(9,22)	4.02509	1	16.6475
chr5	141392800	141393000	23	9.23769	1	(20,23)	12.8946	1	16.5997
chr7	124762400	124762600	5	3.62815	1	(3,5)	2.05795	1	16.5796
chr12	114673800	114674000	9	6.28601	1	(9,12)	6.34778	1	16.5606
chr13	48317200	48317400	4	3.60453	1	(4,20)	2.04275	1	16.5571
chr11	2662400	2662600	11	6.78123	1	(11,20)	7.84223	1	16.5554
chr1	9248000	9248200	3	7.32486	1	(3,7)	8.80908	1	16.5435
chr6	341600	341800	20	6.90005	1	(16,20)	4.25919	1	16.5364
chr13	40598000	40598200	17	6.35043	1	(9,17)	4.027	1	16.523
chr1	32755000	32755200	12	6.72505	1	(2,12)	4.74988	1	16.5207
chr6	43096000	43096200	13	6.83534	1	(12,13)	8.36578	1	16.5193
chr1	226972000	226972200	21	7.02098	1	(10,21)	8.01839	1	16.5122
chr2	91629200	91629400	11	5.92028	1	(11,20)	3.76377	1	16.5097
chr8	58146200	58146400	11	3.79945	1	(3,11)	2.37494	1	16.5028
chr18	57804000	57804200	5	3.64754	1	(3,5)	2.27494	1	16.4951
chr2	91658200	91658400	3	6.49075	1	(3,8)	4.43289	1	16.4902
chr6	342600	342800	17	6.1843	1	(17,20)	3.79597	1	16.4745
chr1	77927400	77927600	4	6.11208	1	(4,6)	4.21065	1	16.4449
chr19	51949400	51949600	22	6.90464	1	(21,22)	7.62844	1	16.4295
chr19	51948400	51948600	22	6.90464	1	(21,22)	7.62844	1	16.4295
chr19	58034800	58035000	21	6.36739	1	(16,21)	4.49139	1	16.429
chr2	25250800	25251000	12	6.63035	1	(3,12)	8.13903	1	16.4237
chr19	15194200	15194400	24	5.64665	1	(6,24)	3.99753	1	16.423
chr5	177368600	177368800	12	3.74544	1	(11,12)	1.929	1	16.4213
chr10	29628000	29628200	19	6.58615	1	(4,19)	4.10394	1	16.4141
chr12	51009400	51009600	5	3.46195	1	(3,5)	1.95795	1	16.4106
chr7	64045600	64045800	1	5.65475	1	(1,20)	4.44988	1	16.3744
chr1	111474600	111474800	13	3.60982	1	(12,13)	2.11644	1	16.3722
chr21	34180600	34180800	1	6.53886	1	(1,17)	4.39139	1	16.3693
chr22	35848200	35848400	1	6.53405	1	(1,4)	6.76001	1	16.3663
chr7	112869000	112869200	20	3.6909	1	(6,16)	2.21644	1	16.3525
chr1	153615800	153616000	18	6.04016	1	(1,18)	3.81065	1	16.3514
chr13	48317000	48317200	6	5.75296	1	(4,6)	4.19139	1	16.3467
chr14	70643600	70643800	3	6.25554	1	(3,24)	4.1007	1	16.3296
chr19	38304000	38304200	1	3.63176	1	(1,14)	1.97494	1	16.3283
chr5	173035800	173036000	11	6.50412	1	(11,16)	4.00394	1	16.3246
chr4	185774200	185774400	1	6.39259	1	(1,14)	3.8007	1	16.3246
chr19	15198600	15198800	14	5.84374	1	(14,24)	4.04988	1	16.3201
chr14	23426400	23426600	20	3.90173	1	(9,20)	2.21644	1	16.3132
chr17	68289400	68289600	23	6.39982	1	(10,23)	4.27984	1	16.3087
chr15	72198200	72198400	23	6.46729	1	(11,23)	7.26179	1	16.3071
chr17	50202200	50202400	3	6.97255	1	(3,12)	8.13903	1	16.2982
chr7	94649600	94649800	18	6.10529	1	(3,18)	3.9604	1	16.2961
chr1	220884600	220884800	11	5.69633	1	(4,11)	3.86659	1	16.2925
chr6	166625200	166625400	12	5.99029	1	(12,19)	3.92414	1	16.2708
chr4	15488600	15488800	11	6.75267	1	(11,21)	8.03114	1	16.2604
chr2	188978600	188978800	1	6.34552	1	(1,9)	4.19139	1	16.2444
chr22	25477600	25477800	11	6.69654	1	(11,20)	7.6613	1	16.2319
chr8	42486400	42486600	20	6.66627	1	(10,20)	7.44504	1	16.2257
