chr11	3133400	3158400	13
chr11	3175200	3200200	3
chr8	84770000	84795000	12
chr14	63247400	63272400	7
chr1	88241200	88266200	5
chr11	96326600	96351600	4
chr11	96291600	96316600	3
chr9	3013400	3038400	3
chr6	52201800	52226800	3
chr6	52192400	52217400	3
chr6	94673600	94698600	6
chr6	94674200	94699200	6
chr10	80141000	80166000	12
chr6	52205200	52230200	3
chr10	80140800	80165800	12
chr11	96278600	96303600	6
chr10	80137000	80162000	12
chr11	98922400	98947400	4
chr11	98927400	98952400	4
chr8	121069600	121094600	3
chr13	63549200	63574200	11
chr11	96319400	96344400	4
chr11	119034000	119059000	6
chr11	94927200	94952200	10
chr18	37731600	37756600	9
chr18	75368000	75393000	4
chr12	57531200	57556200	5
chr3	34642200	34667200	7
chr15	102995000	103020000	5
chr10	82137000	82162000	14
chr18	75366200	75391200	4
chr1	88274600	88299600	7
chr3	129198000	129223000	4
chr12	112657600	112682600	3
chr8	84763000	84788000	12
chr14	63232000	63257000	3
chr8	57312000	57337000	6
chr8	108695400	108720400	12
chr7	142469400	142494400	6
chr1	88256600	88281600	5
chr8	108702000	108727000	12
chr10	127508400	127533400	12
chr8	108699600	108724600	12
chr8	57317600	57342600	6
chr2	26481200	26506200	4
chr15	77815400	77840400	6
chr15	76184600	76209600	4
chr13	40718600	40743600	3
chr2	26484400	26509400	4
chr18	37670600	37695600	9
chr1	85269800	85294800	6
chr5	41743800	41768800	3
chr12	112655200	112680200	3
chr11	85824400	85849400	4
chr7	45698000	45723000	12
chr2	71523400	71548400	3
chr2	9874600	9899600	3
chr19	43594000	43619000	2
chr8	108693600	108718600	12
chr4	147413400	147438400	14
chr11	94924200	94949200	10
chr7	45703600	45728600	12
chr14	63230600	63255600	3
chr18	75373600	75398600	4
chr1	85241200	85266200	14
chr2	148028600	148053600	3
chr10	127595000	127620000	6
chr7	70345800	70370800	6
chr11	97797800	97822800	6
chr11	85821000	85846000	4
chr8	69368400	69393400	14
chr2	165866000	165891000	12
chr16	3231000	3256000	14
chr8	70487200	70512200	11
chr13	78180800	78205800	3
chr4	137467200	137492200	6
chr17	28327200	28352200	12
chr17	28327600	28352600	12
chr18	84068800	84093800	12
chr11	3188000	3213000	3
chr17	13206400	13231400	14
chr1	184712400	184737400	3
chr17	28327800	28352800	12
chr1	74282800	74307800	4
chr7	130242200	130267200	12
chr8	69212200	69237200	14
chr4	147509200	147534200	14
chr1	74280200	74305200	4
chr16	98001600	98026600	14
chr5	104574200	104599200	14
chr15	76183000	76208000	4
chr14	63229800	63254800	3
chr13	63542800	63567800	6
chr5	29466600	29491600	7
chr17	22769800	22794800	14
chr18	61642600	61667600	6
chr8	84965000	84990000	12
chr6	83433200	83458200	2
chr17	85674400	85699400	6
chr1	74783600	74808600	3
