chr15	25320600	25330600	20
chr19	58757000	58767000	20
chr19	58641400	58651400	20
chr12	133616200	133626200	20
chr19	58696800	58706800	20
chr19	52467800	52477800	20
chr19	52394200	52404200	20
chr19	9672200	9682200	20
chr8	146062800	146072800	20
chr19	7075400	7085400	20
chr19	58490200	58500200	20
chr19	58767400	58777400	20
chr16	68586000	68596000	20
chr12	133582600	133592600	20
chr7	6729600	6739600	20
chr19	52817000	52827000	20
chr12	133759800	133769800	20
chr19	37201400	37211400	20
chr5	179681400	179691400	20
chr15	25330800	25340800	20
chr19	44982000	44992000	20
chr5	178139800	178149800	20
chr19	37037800	37047800	20
chr19	58715800	58725800	20
chr12	133673600	133683600	20
chr19	9637200	9647200	20
chr19	12052800	12062800	20
chr19	37725800	37735800	20
chr19	9404400	9414400	20
chr19	37240600	37250600	20
chr19	44994400	45004400	20
chr12	133517600	133527600	20
chr12	133657200	133667200	20
chr19	58042200	58052200	20
chr19	52495800	52505800	20
chr19	8917200	8927200	20
chr19	58126400	58136400	20
chr19	20726400	20736400	20
chr19	52619600	52629600	20
chr9	99520000	99530000	20
chr19	58502200	58512200	20
chr19	52566800	52576800	20
chr16	3357400	3367400	20
chr19	37309600	37319600	20
chr19	37004400	37014400	20
chr12	133720400	133730400	20
chr19	23526200	23536200	20
chr19	52878800	52888800	20
chr19	44339200	44349200	20
chr19	58054000	58064000	20
chr5	178301000	178311000	20
chr19	52518800	52528800	20
chr19	21991400	22001400	20
chr19	52536400	52546400	20
chr19	12633000	12643000	20
chr4	457200	467200	20
chr19	9486800	9496800	20
chr2	95811400	95821400	20
chr19	56918200	56928200	20
chr19	37870800	37880800	20
chr16	3333800	3343800	20
chr19	52439000	52449000	20
chr19	9521200	9531200	20
chr19	58080800	58090800	20
chr19	9445800	9455800	20
chr19	19819200	19829200	20
chr4	344000	354000	20
chr2	95876400	95886400	20
chr11	65265400	65275400	9
chr4	444000	454000	20
chr19	58192800	58202800	4
chr19	57079800	57089800	20
chr11	65187000	65197000	9
chr19	58942400	58952400	20
chr19	37380400	37390400	20
chr19	53051400	53061400	20
chr19	37915000	37925000	20
chr12	133694800	133704800	20
chr7	5097200	5107200	20
chr16	3450000	3460000	1
chr11	118786800	118796800	9
chr19	14823400	14833400	20
chr19	53643600	53653600	20
chr6	27415600	27425600	20
chr12	133626400	133636400	20
chr19	58435600	58445600	20
chr19	24300000	24310000	20
chr19	37643800	37653800	20
chr4	422000	432000	20
chr4	71200	81200	20
chr19	53452000	53462000	20
chr19	53300200	53310200	20
chr19	38068600	38078600	20
chr19	37130000	37140000	20
chr19	44464800	44474800	20
chr19	52372000	52382000	20
chr4	128000	138000	20
chr12	122235200	122245200	9
chr19	53849000	53859000	20
chr5	178453600	178463600	20
