chr15	25291200	25341200	20
chr12	133655400	133705400	20
chr19	58740600	58790600	20
chr19	37903400	37953400	20
chr19	58676800	58726800	20
chr19	37003800	37053800	20
chr4	418400	468400	4
chr19	37350400	37400400	20
chr19	37107000	37157000	20
chr19	37200400	37250400	20
chr19	57048800	57098800	20
chr19	9447200	9497200	20
chr19	38026600	38076600	20
chr19	56918200	56968200	20
chr19	37614800	37664800	20
chr19	58471800	58521800	20
chr19	58041000	58091000	20
chr19	52495200	52545200	20
chr22	46439200	46489200	22
chr19	13106200	13156200	22
chr12	133705600	133755600	20
chr19	52359000	52409000	20
chr19	37285800	37335800	20
chr19	44955600	45005600	20
chr4	401600	451600	20
chr19	58612800	58662800	20
chr19	58613400	58663400	20
chr19	37876600	37926600	20
chr5	178344800	178394800	1
chr7	27196400	27246400	23
chr15	96864000	96914000	1
chr2	145233000	145283000	1
chr12	133484000	133534000	20
chr19	23518000	23568000	20
chr12	133746600	133796600	20
chr17	46654000	46704000	23
chr17	46641800	46691800	23
chr16	3414600	3464600	20
chr19	58665200	58715200	20
chr15	96865600	96915600	1
chr19	53706600	53756600	20
chr7	27132000	27182000	23
chr22	36687800	36737800	6
chr19	44339200	44389200	20
chr19	44339600	44389600	20
chr2	145201000	145251000	3
chr19	53707600	53757600	20
chr12	54364200	54414200	23
chr19	13156400	13206400	3
chr4	329800	379800	20
chr10	126384200	126434200	1
chr19	39137800	39187800	3
chr5	178365000	178415000	1
chr1	227818400	227868400	20
chr15	31616800	31666800	1
chr15	31616600	31666600	1
chr2	176952200	177002200	23
chr4	336000	386000	20
chr12	124963400	125013400	9
chr20	45940800	45990800	13
chr15	93424200	93474200	1
chr8	144985600	145035600	3
chr22	36699400	36749400	6
chr20	45942000	45992000	3
chr20	34282400	34332400	1
chr22	36712400	36762400	6
chr19	44941800	44991800	20
chr19	39144800	39194800	9
chr9	135975400	136025400	22
chr10	102464000	102514000	23
chr1	27881400	27931400	14
chr17	7107000	7157000	1
chr19	56150400	56200400	1
chr1	2158600	2208600	1
chr17	7108200	7158200	1
chr10	120788800	120838800	4
chr8	144988200	145038200	3
chr8	26434000	26484000	1
chr4	174415200	174465200	23
chr5	139027400	139077400	1
chr17	7106200	7156200	1
chr19	1230600	1280600	1
chr17	17625000	17675000	1
chr22	29662200	29712200	1
chr16	68562600	68612600	20
chr19	15356400	15406400	9
chr10	80826200	80876200	1
chr17	38462800	38512800	4
chr17	75430400	75480400	9
chr4	46800	96800	4
chr10	126801200	126851200	1
chr2	207982800	208032800	1
chr3	147083400	147133400	2
chr2	177004800	177054800	23
chr10	80997600	81047600	1
chr17	75420400	75470400	9
chr19	52872800	52922800	20
chr17	38215800	38265800	3
chr13	100601600	100651600	22
chr19	42711200	42761200	1
