chr15	25048053	25098053	20
chr19	58229634	58279634	1
chr12	133078814	133128814	1
chr19	37412498	37462498	20
chr19	51956147	52006147	20
chr19	23335398	23385398	20
chr19	36513698	36563698	20
chr4	424811	474811	20
chr19	58163833	58214034	20
chr19	52273747	52323747	1
chr12	133000814	133050814	4
chr19	36859498	36909498	20
chr19	57529832	57579832	1
chr19	36705498	36755498	20
chr19	36616098	36666098	4
chr19	52084347	52134347	4
chr4	336011	386011	1
chr19	51855747	51905747	4
chr19	36789298	36839298	1
chr12	133032814	133082814	1
chr19	51851547	51901547	20
chr19	52365547	52415547	20
chr19	37531498	37581699	20
chr19	57963632	58013632	4
chr19	56537631	56587832	1
chr19	52539147	52589147	1
chr19	37530898	37581099	20
chr4	408411	458411	20
chr19	56527231	56577432	1
chr19	37123898	37173898	1
chr19	58096433	58146433	20
chr12	133129014	133179014	20
chr5	180244200	180294200	1
chr19	37386698	37436698	20
chr4	345011	395011	20
chr19	56373431	56423431	1
chr16	3364600	3414600	1
chr19	51919947	51969947	4
chr19	56392831	56442831	20
chr19	58157033	58207234	20
chr19	37605899	37655899	1
chr19	52351747	52401747	1
chr19	9336724	9386724	20
chr19	36729298	36779298	20
chr19	53196947	53246947	1
chr4	123918	184611	4
chr17	77423518	77473518	9
chr19	56594432	56644432	4
chr19	44447612	44501548	1
chr19	56600632	56650632	20
chr4	122520	183411	4
chr16	31873279	31923279	20
chr12	133155414	133205414	20
chr19	37126898	37176898	1
chr22	36328755	36378755	9
chr19	52094947	52144947	1
chr19	37608299	37658299	1
chr7	64321422	64371422	20
chr7	64320622	64370622	20
chr19	57952432	58002432	20
chr1	227629499	227679499	20
chr16	31727279	31777279	20
chr19	57746032	57796032	1
chr12	132907614	132957614	1
chr16	31733879	31783879	20
chr12	132908014	132958014	1
chr19	37459098	37509098	20
chr19	53441547	53491746	1
chr15	31324597	31374597	1
chr14	73738497	73788497	9
chr19	44449612	44503548	1
chr10	80453444	80503444	22
chr19	9376324	9426324	20
chr7	27155781	27205781	22
chr8	143912832	143962832	9
chr17	40306548	40356548	9
chr12	111402796	111452796	1
chr19	43834848	43884848	20
chr7	27163581	27213581	22
chr1	40453128	40503128	1
chr11	128691905	128741905	3
chr22	36294754	36344955	9
chr16	3279000	3329000	1
chr10	38783469	38833469	21
chr19	36910498	36960498	1
chr19	36493898	36543898	20
chr19	57678632	57728632	20
chr15	92880170	92930170	1
chr10	38499672	38595669	21
chr13	40970464	41020464	3
chr15	96321171	96371171	22
chr11	62514328	62564328	9
chr11	67240929	67290929	22
chr15	92900770	92950770	20
chr5	141271231	141321833	4
chr21	10651656	10701656	21
chr2	176092672	176142672	23
chr19	20519794	20569794	20
chr19	24330598	24380598	21
chr19	36325698	36375698	20
