chr19	13050586	13060586	16
chr17	2056306	2066306	23
chr12	114668795	114678795	20
chr19	13014586	13024586	10
chr19	13052186	13062186	23
chr4	50106	60307	20
chr19	13015386	13025386	10
chr19	13053186	13063186	23
chr19	13053386	13063386	23
chr1	201014672	201024672	12
chr10	62050241	62060241	5
chr17	48548038	48558038	11
chr19	13053786	13063786	23
chr1	1351420	1361420	14
chr19	24447998	27250092	3
chr9	22000001	22010001	24
chr12	114672595	114682595	20
chr1	1352020	1362020	14
chr17	2053106	2063106	23
chr1	201015472	201025472	12
chr19	13006986	13016986	10
chr4	140090446	140100446	14
chr17	45240433	45250433	23
chr12	57145017	57155017	12
chr22	45964120	45974120	9
chr9	21983401	21993401	16
chr11	122093892	122103892	1
chr7	44972001	44982001	1
chr17	65551882	65561882	16
chr12	114674195	114684195	20
chr5	141485833	141495833	3
chr2	66437268	66447268	22
chr6	10400167	10410167	9
chr6	10399967	10409967	9
chr9	21984801	21994801	16
chr3	55475972	55485972	4
chr1	54856127	54866127	11
chr1	54856527	54866527	11
chr17	65549882	65559882	16
chr12	57133417	57143417	9
chr17	48543438	48553438	11
chr17	61399839	61409839	24
chr22	30248011	30258011	19
chr1	202009472	202019472	22
chr2	215416077	215426077	4
chr12	53984616	53994616	24
chr5	149414837	149424837	11
chr1	1031420	1041420	12
chr10	71761843	71771843	10
chr17	48575038	48585038	22
chr17	48596038	48606038	12
chr12	57133017	57143017	12
chr3	112632153	112642153	18
chr17	45237233	45247233	23
chr7	27113981	27123981	22
chr3	55476572	55486572	9
chr17	48596238	48606238	12
chr22	20422510	20432913	6
chr10	62046641	62056641	11
chr19	13092386	13102386	24
chr4	140093046	140103046	9
chr2	215428077	215438077	23
chr10	62046441	62056441	11
chr3	48557567	48567567	16
chr4	140089446	140099446	14
chr1	201647072	201657072	24
chr7	27131781	27141781	15
chr12	34340865	34350865	21
chr2	172433672	172443672	13
chr15	73921859	73931859	16
chr21	34810303	34820303	14
chr2	47033461	47043461	3
chr13	110303053	110313053	6
chr17	65552882	65562882	14
chr13	110297453	110307453	23
chr10	71760843	71770843	10
chr4	140093446	140103446	9
chr2	47031661	47041661	3
chr6	10402767	10412767	9
chr1	20473107	20483107	15
chr5	1103285	1113285	4
chr18	77063644	77073644	4
chr5	132420108	132430108	15
chr2	132265627	132275627	23
chr17	50183439	50193439	16
chr2	120733824	120743824	9
chr5	132419508	132429508	15
chr1	200892072	200902072	1
chr5	149405837	149415837	22
chr10	72327442	72337442	11
chr5	1103485	1113485	4
chr15	96338371	96348371	11
chr16	86564394	86574394	1
chr2	102141140	102151140	21
chr7	27162381	27172381	4
chr9	22001401	22011401	4
chr7	41693202	41703202	19
chr1	170665259	170675259	18
chr7	94393288	94403288	23
chr2	127078024	127088024	10
