chr22	36319955	36344955	8
chr1	207804055	207829055	8
chr1	201482872	201507872	8
chr4	10092976	10117976	8
chr5	149406637	149431637	8
chr22	31082414	31107414	8
chr3	134350958	134375958	8
chr2	217833277	217858277	8
chr15	63046201	63071201	8
chr21	10683056	10708056	14
chr12	4271434	4296434	8
chr12	4271634	4296634	8
chr19	58189233	58214434	12
chr10	38485872	38510872	12
chr21	10708256	10733256	12
chr15	25049253	25074253	12
chr10	38829269	38854269	12
chr4	49632983	51794034	14
chr10	38783469	38808469	12
chr10	38511072	38582069	12
chr10	42295152	42320152	12
chr21	10651656	10676656	12
chr20	31216170	31242197	12
chr10	41841408	41866408	14
chr2	89810390	89835390	14
chr2	172083872	172108872	14
chr8	30544483	30569483	8
chr2	217814277	217839277	8
chr2	217897277	217922277	8
chr4	10085576	10110576	8
chr17	40089147	40114147	8
chr2	217913877	217938877	8
chr22	36300754	36325955	8
chr9	121307922	121332922	8
chr21	10789456	12965879	12
chr7	62334149	62359149	12
chr4	49096183	49121183	12
chr17	40090147	40115147	8
chr3	123675753	123700753	8
chr1	202561672	202586672	8
chr16	34074933	34099933	12
chr2	205709076	205734076	8
chr22	36339155	36364155	8
chr12	133096614	133121614	12
chr2	217901477	217926477	8
chr19	16066390	16091390	8
chr9	40886572	40917171	12
chr15	99109795	99134795	8
chr12	133039214	133064214	12
chr11	31797052	31822253	14
chr19	16066190	16091190	8
chr22	46069320	46094320	8
chr19	1251601	1276601	8
chr10	101212643	101237643	15
chr2	205705476	205730476	8
chr11	65485929	65510929	8
chr3	75724649	75749649	12
chr19	1249801	1274801	8
chr19	44472383	44499948	4
chr16	46397288	46422288	14
chr19	36533698	36558698	12
chr19	9330124	9355124	12
chr8	30535683	30560683	8
chr14	68887883	68912883	8
chr2	217858477	217883477	8
chr3	123637553	123662553	8
chr17	45282633	45307834	8
chr9	123996521	124021521	15
chr19	58247634	58272634	12
chr9	121279722	121304722	8
chr2	205744076	205769076	8
chr3	66392376	66417376	8
chr10	8032837	8057837	14
chr19	36618898	36643898	12
chr2	217889877	217914877	8
chr8	123501160	123526160	8
chr19	37106498	37131498	12
chr17	50187439	50212439	8
chr19	58116033	58141033	12
chr11	65419129	65444129	8
chr2	132254227	132279227	14
chr19	38689760	38714760	8
chr11	6594770	6619969	8
chr19	36807298	36832298	12
chr14	68879283	68904283	8
chr2	176079272	176104272	14
chr10	117530889	117555889	14
chr4	4850673	4875673	14
chr2	222287881	222312881	14
chr11	65416129	65441129	8
chr19	57969432	57994432	12
chr15	25074453	25099453	12
chr10	100725043	100750043	14
chr12	53994216	54019216	14
chr19	36873298	36898298	12
chr17	79789801	79814801	14
chr15	96321571	96346571	8
chr2	118832624	118857624	14
chr22	36350555	36375555	8
chr11	64853528	64878528	8
