chr11	65496729	65506729	3
chr2	132265627	132275627	10
chr20	49278063	49288063	3
chr12	6951437	6961437	3
chr10	11167037	11177037	3
chr12	6952437	6962437	3
chr1	150570724	150580724	3
chr2	43218461	43228461	3
chr15	81295659	81305659	3
chr2	132263027	132273027	10
chr4	38794579	38804579	8
chr6	159035568	159045568	3
chr12	92137024	92147024	3
chr10	3776008	3786008	3
chr1	169700259	169710259	3
chr2	63047465	63057465	10
chr2	172094272	172104272	10
chr5	170285796	170295796	3
chr1	169700859	169710859	3
chr19	54200133	54210332	3
chr11	67266329	67276329	3
chr10	3776808	3786808	3
chr14	92654055	92664055	3
chr8	98939372	98949372	11
chr7	26192580	26202580	3
chr15	76333859	76343859	11
chr7	26192780	26202780	3
chr10	11171837	11181837	3
chr1	197911470	197921470	11
chr6	1605365	1615365	10
chr7	27160381	27170381	3
chr1	150568524	150578524	3
chr7	27161781	27171781	3
chr1	44407328	44417328	3
chr15	81294059	81304059	3
chr17	79796801	79806801	12
chr21	33019692	33029692	12
chr22	37232160	37242160	3
chr7	27159381	27169381	3
chr2	174334272	174344272	12
chr11	67277729	67287729	3
chr1	44405128	44415128	3
chr1	44405328	44415328	3
chr17	61402839	61412839	10
chr6	5994767	6004767	11
chr12	12716266	12726266	3
chr19	58182033	58192033	2
chr19	10286524	10296524	11
chr7	27142181	27152181	3
chr12	14948466	14958466	3
chr2	66434668	66444668	12
chr19	57771432	57781432	8
chr7	27156981	27166981	3
chr19	10286124	10296124	11
chr2	66434868	66444868	12
chr14	92650855	92660855	3
chr19	51887347	51897347	8
chr3	128483357	128493357	3
chr9	114367320	114377320	6
chr12	12715666	12725666	3
chr8	98937772	98947772	11
chr12	93569424	93579424	3
chr2	172079872	172089872	11
chr12	12715266	12725266	3
chr6	32967223	32977223	3
chr1	206558472	206568472	3
chr7	129777160	129787160	10
chr1	234603254	234613254	3
chr7	5417369	5427369	11
chr7	138553855	138563855	8
chr19	51964547	51974547	8
chr19	51934547	51944547	8
chr12	133185414	133195414	8
chr12	133041214	133051214	8
chr16	68550697	68560697	8
chr17	4938705	4948705	3
chr11	73973355	73983355	3
chr9	95502918	95512918	10
chr3	128481357	128491357	3
chr19	57614232	57624232	2
chr9	36982203	36992203	11
chr8	144838015	144848015	8
chr19	52311547	52321547	8
chr11	31808652	31818652	11
chr16	34153133	34163133	8
chr19	58245634	58255634	8
chr12	6331034	6341034	3
chr19	58201433	58211634	8
chr7	27146181	27156181	13
chr19	57979032	57989032	8
chr11	65493329	65503329	3
chr22	37301959	37311959	3
chr16	9091143	9101143	3
chr19	51993547	52003547	8
chr6	32968423	32978423	3
chr1	198638870	198649071	3
chr19	52950947	52960947	8
chr9	124008521	124018521	11
chr19	40798095	40808095	3
chr4	112508444	112518444	11
