chr20	47896400	47900400	3
chr1	145439600	145442400	3
chr3	186502400	186504000	3
chr6	32942200	32943000	3
chr7	5567200	5569200	3
chr6	36564600	36567000	3
chr10	3822400	3824400	3
chr11	65268000	65273600	3
chr17	39846000	39846600	3
chr14	70234800	70235800	3
chr19	3983800	3984400	3
chr16	89628000	89628600	3
chr17	62500200	62501200	3
chr14	35870400	35873000	3
chr1	35655800	35657000	3
chr1	150546800	150551000	3
chr22	39917600	39918200	3
chr1	203276800	203278400	3
chr2	136872400	136873400	3
chr14	88237600	88238000	11
chr17	33478000	33478400	11
chr2	230045400	230045800	11
chr2	133029000	133031200	11
chr13	28033600	28034200	11
chr6	58776600	58779400	11
chr19	36066400	36066800	11
chr11	122929400	122931800	3
chr20	34327600	34328600	3
chr17	73773000	73775000	3
chr17	79476200	79479000	3
chr11	64544000	64545000	3
chr6	30584000	30584800	3
chr5	71146600	71147000	11
chr21	9827000	9827600	11
chr6	30458200	30460600	3
chr8	70602200	70602600	11
chr16	28998400	28999000	3
chr1	121484200	121485400	11
chr1	91852600	91853200	11
chr6	116599200	116599800	3
chr2	133034400	133034800	8
chr7	26236600	26237200	3
chr14	69256000	69256400	3
chr6	29912000	29913400	3
chr15	81592200	81595600	3
chr6	31321800	31324000	3
chr12	20704200	20704600	11
chr16	33956400	33957800	11
chr10	98561200	98561600	11
chrX	106957800	106959200	3
chr19	16436800	16437800	3
chr14	103801800	103802400	3
chr12	125398000	125398400	3
chr5	172195800	172196800	3
chr5	179047200	179049400	3
chr2	133022800	133024200	11
chr2	43449600	43451400	3
chr19	39898600	39899600	3
chr6	10412600	10412800	10
chr16	33955600	33956000	11
chr6	159461200	159464400	3
chr17	4849400	4850200	3
chr17	7477400	7478000	3
chr6	89792800	89793400	3
chr19	18389400	18390200	3
chr3	156874600	156876800	3
chr12	34372400	34372800	11
chr17	76353800	76354600	3
chr1	156186200	156186800	8
chr5	131822000	131825000	3
chr16	33958600	33959600	8
chr17	41381600	41382400	8
chr2	133015000	133015400	8
chr2	133025200	133025800	11
chr15	45006400	45006600	3
chr9	77112000	77112600	10
chr16	29754800	29755200	3
chr8	82754600	82755000	11
chr8	99953400	99954000	11
chr15	28341000	28341800	11
chr15	68127600	68127800	11
chr11	57226400	57226800	11
chr19	10402400	10403000	11
chr1	212780400	212781400	11
chr5	54528400	54528800	11
chr6	137365400	137365800	10
chr12	12873000	12873600	3
chr1	234743000	234743600	3
chr2	201726000	201726600	3
chr20	42087800	42088000	3
chr19	7515200	7515800	8
chr9	68412600	68413400	11
chr12	92536200	92537800	3
chr11	66407600	66409200	3
chr17	74730400	74731400	3
chr11	61732600	61733400	3
chr11	85195000	85195200	8
chr2	133012000	133013200	8
chr6	29692400	29693400	3
chr2	85551800	85552200	3
