chr15	25291600	25341600	20
chr19	58740400	58790400	4
chr12	133655600	133705600	4
chr19	39137800	39187800	22
chr7	27137200	27187200	22
chr7	27140000	27190000	22
chr19	58678200	58728200	4
chr17	46645200	46695200	1
chr17	46618800	46668800	1
chr22	46462400	46512400	22
chr7	27176200	27226200	15
chr19	58475200	58525200	4
chr22	36719800	36769800	9
chr17	46648800	46698800	1
chr4	418400	468400	1
chr19	37201400	37251400	20
chr19	37023400	37073400	20
chr12	54375400	54425400	4
chr19	37107000	37157000	4
chr15	96863200	96913200	9
chr19	58041000	58091000	4
chr12	54373400	54423400	4
chr19	52462400	52512400	4
chr19	57044600	57094600	4
chr2	218759200	218809200	14
chr19	1230400	1280400	23
chr19	37903600	37953600	20
chr1	22220600	22270600	22
chr19	23518600	23568600	20
chr19	37346400	37396400	20
chr19	52868200	52918200	20
chr12	133609800	133659800	4
chr17	38462800	38512800	9
chr19	37614800	37664800	20
chr19	37286200	37336200	12
chr8	144984200	145034200	1
chr22	36701600	36751600	9
chr19	37615200	37665200	20
chr19	57052400	57102400	4
chr4	405200	455200	20
chr19	13122600	13172600	22
chr11	62295600	62345600	13
chr12	124859000	124909000	13
chr15	96866000	96916000	9
chr19	58606400	58656400	23
chr14	74183400	74233400	9
chr19	38022400	38072400	22
chr19	37340400	37390400	4
chr14	74182400	74232400	9
chr19	15356200	15406200	9
chr10	80870800	80920800	13
chr1	27881000	27931000	1
chr19	52590200	52640200	22
chr19	15358000	15408000	9
chr10	126384600	126434600	1
chr7	27204400	27254400	23
chr19	9447600	9497600	22
chr17	38220200	38270200	13
chr19	58667800	58717800	4
chr20	45940600	45990600	13
chr4	330600	380600	4
chr5	179671000	179721000	22
chr19	13162200	13212200	14
chr9	137217800	137267800	22
chr3	50263400	50313400	22
chr14	69397400	69447400	4
chr5	178342800	178392800	22
chr11	802000	852000	22
chr19	52358800	52408800	4
chr1	156431800	156481800	13
chr4	46800	96800	4
chr5	139015000	139065000	1
chr19	56914400	56964400	4
chr17	1944200	1994200	22
chr19	37895400	37945400	20
chr17	75358200	75408200	9
chr12	109203400	109253400	13
chr17	75414000	75464000	9
chr10	126801400	126851400	9
chr16	3420400	3470400	1
chr12	133484000	133534000	20
chr19	15367400	15417400	9
chr17	37023600	37073600	22
chr19	37219600	37269600	4
chr19	52357000	52407000	22
chr9	130283200	130333200	20
chr10	82217400	82267400	18
chr12	7033400	7083400	1
chr12	124957000	125007000	9
chr12	120654200	120704200	22
chr2	218677800	218727800	13
chr12	124963600	125013600	9
chr1	2158000	2208000	19
chr15	67393600	67443600	13
chr15	93424400	93474400	1
chr9	137232800	137282800	9
chr4	337400	387400	20
chr10	81157000	81207000	13
chr9	97806200	97856200	3
chr19	44955600	45005600	4
