chr4	293800	314200	20
chr3	149926800	149947200	20
chr19	15187600	15208200	23
chr5	141420400	141442200	20
chr12	50776600	50797000	22
chr10	17702800	17723400	4
chr2	60520200	60542200	3
chr17	43294400	43315000	11
chr16	8821400	8842200	6
chr1	101229800	101250600	22
chr17	7828000	7848400	9
chr11	59169200	59189800	20
chr5	116536000	116556400	20
chr13	95631000	95651200	4
chr2	216627400	216647800	10
chr10	21498600	21519000	2
chr17	7693000	7713200	11
chr11	63751200	63771600	9
chr6	317600	338000	21
chr19	48604200	48624800	18
chr2	85754800	85775800	2
chr19	48239400	48259800	11
chr19	13807400	13827800	19
chr5	173313200	173333600	12
chr16	85164400	85184800	23
chr11	57635800	57656600	23
chr10	15338800	15359000	5
chr11	46372800	46393400	19
chr19	12863000	12883400	20
chr19	52482600	52503200	21
chr19	56660400	56681000	13
chr15	32720800	32741000	22
chr16	89754400	89775000	11
chr12	6953600	6974400	18
chr7	42218800	42239000	23
chr4	123393200	123413400	4
chr5	141411600	141432000	20
chr14	99226400	99246600	24
chr12	6953200	6973400	18
chr11	63905400	63925600	22
chr6	28343800	28364200	20
chr19	45605600	45626000	11
chr20	37374800	37395000	13
chr5	16729800	16750400	4
chr19	12586800	12607200	11
chr5	141399200	141420400	20
chr10	99908600	99928800	4
chr17	21301000	21321400	11
chr9	127409000	127429200	11
chr14	73709000	73729200	10
chr19	57695800	57716200	4
chr5	88383400	88403600	18
chr2	60534000	60555000	9
chr19	15186600	15207200	24
chr22	43915200	43935400	3
chr13	48308000	48329800	4
chr12	109753000	109773200	21
chr5	141408400	141428800	22
chr9	106611200	106631400	1
chr9	34361200	34381400	20
chr14	93917000	93937600	18
chr19	15186200	15206400	23
chr3	42043200	42063400	18
chr6	138488800	138509200	4
chr19	18426400	18446800	9
chr16	49828200	49848400	23
chr19	52574800	52595200	20
chr12	65883000	65903200	14
chr16	31467200	31488000	22
chr2	26932800	26953200	23
chr18	58877200	58897800	3
chr16	56771600	56792200	3
chr1	151898000	151918400	4
chr17	79784600	79805200	4
chr19	41416600	41436800	4
chr5	173313800	173335800	4
chr16	49843400	49864000	9
chr19	50522400	50543000	21
chr19	37242600	37262800	4
chr14	91386000	91406600	16
chr5	140865400	140885800	21
chr6	107625000	107645200	11
chr17	836800	857200	23
chr5	37199000	37219200	13
chr16	85163000	85183400	23
chr10	15338400	15358600	5
chr1	205437400	205458200	16
chr22	37475200	37496000	14
chr6	35475600	35496400	10
chr2	221553600	221573800	4
chr14	75271600	75291800	11
chr4	159258400	159278600	1
chr7	70726600	70746800	16
chr5	141392800	141413200	4
chr19	45769600	45789800	11
chr11	65581800	65602400	11
chr6	41630200	41650600	23
chr19	34669000	34690000	4
chr17	41774000	41794200	16
chr3	17391800	17412200	11
