chr2	172094272	172104272	14
chr15	81297059	81307059	8
chr6	5994767	6004767	14
chr9	114362320	114372320	8
chr8	98939372	98949372	14
chr1	197910670	197920670	14
chr17	36932500	36943301	14
chr5	170283396	170293396	8
chr5	132483308	132493308	8
chr11	73974155	73984155	8
chr2	174333872	174343872	15
chr6	159035568	159045568	8
chr11	65496729	65506729	8
chr17	79796401	79806401	2
chr11	65496929	65506929	8
chr2	170813690	170823690	14
chr9	114373920	114383920	8
chr11	31808652	31818652	14
chr2	170813490	170823490	14
chr15	76335259	76345259	14
chr10	8043437	8053437	14
chr6	24855572	24865572	8
chr10	3776208	3786208	2
chr22	37231560	37241560	8
chr15	44710002	44720002	8
chr6	36593423	36603423	8
chr10	123141684	123151684	14
chr11	67278729	67288729	8
chr7	101164719	101174719	15
chr7	26192580	26202580	8
chr3	138935758	138945758	14
chr17	61402839	61412839	2
chr19	10286324	10296324	14
chr7	129777360	129787360	14
chr7	27183581	27193581	14
chr6	137488463	137498463	15
chr1	150570524	150580524	1
chr17	61403239	61413239	2
chr15	81293059	81303059	8
chr6	32968023	32978023	8
chr6	32841423	32851423	8
chr2	172083072	172093072	14
chr5	55224572	55234572	14
chr17	48609238	48619238	14
chr7	26191380	26201380	8
chr6	5991967	6001967	14
chr21	33019692	33029692	14
chr9	37028403	37038403	14
chr3	158097611	158107611	14
chr5	132486908	132496908	8
chr2	174329472	174339472	15
chr11	117985685	117995685	8
chr9	114378520	114388520	8
chr4	112508444	112518444	14
chr6	170288312	170298312	2
chr3	138937958	138947958	15
chr7	27182581	27192581	14
chr5	154473040	154483040	15
chr20	38722357	38732357	14
chr11	64770128	64780128	8
chr13	78599865	78609865	14
chr20	21097559	21107559	14
chr4	112514044	112524044	14
chr22	31282814	31292814	8
chr12	53992216	54002216	14
chr8	96152172	96162172	14
chr4	112514444	112524444	14
chr2	199455477	199465477	14
chr6	170288712	170298712	2
chr2	43218261	43228261	1
chr1	111188378	111198378	8
chr17	4939705	4949705	8
chr11	128474505	128484505	8
chr1	206557072	206567072	8
chr12	14944866	14954866	8
chr11	123055092	123065092	8
chr12	6951237	6961237	8
chr17	58330239	58340239	1
chr6	108112996	108122996	14
chr1	180228265	180238265	14
chr2	199455877	199465877	14
chr13	50123464	50133464	14
chr9	37029203	37039203	14
chr19	31347694	31357694	14
chr15	59997001	60007001	14
chr15	67826462	67836462	14
chr9	93950718	93960718	14
chr17	39597747	39607747	15
chr6	1604165	1614165	15
chr6	98826524	98836524	14
chr7	5418769	5428769	14
chr2	199456077	199466077	14
chr2	72914871	72924871	14
chr4	13539376	13549376	14
chr10	101222643	101232643	14
chr2	85318677	85328677	8
chr7	5419969	5429969	14
chr17	78122919	78132919	8
chr2	72913871	72923871	14
chr15	89406369	89416369	14
