chr4	183806200	183806400	8	7.80746	1	(8,12)	12.3803	1	15.0505
chr5	140699200	140699400	12	6.89049	1	(8,12)	5.8568	1	14.7538
chr20	47897400	47897600	8	10.1833	1	(8,12)	9.07769	1	14.7221
chr7	63386600	63386800	12	7.20457	1	(1,12)	12.3033	1	14.3576
chr5	140706200	140706400	12	7.20457	1	(1,12)	12.3033	1	14.3576
chr14	107253000	107253200	12	7.20457	1	(1,12)	12.3033	1	14.3576
chr11	114169200	114169400	13	4.25032	1	(8,13)	3.12109	1	14.2861
chr11	114172200	114172400	13	6.27767	1	(8,13)	6.57551	1	14.1815
chr19	46915000	46915200	8	7.2184	1	(8,14)	11.2022	1	14.0677
chr3	196625600	196625800	14	6.44947	1	(7,14)	5.95571	1	13.9474
chr6	74228400	74228600	8	9.7415	1	(8,14)	8.1941	1	13.8385
chr10	42400400	42400600	12	6.20468	1	(8,12)	5.8568	1	13.8236
chr3	130329600	130329800	7	7.23446	1	(7,13)	12.0673	1	13.823
chr18	346800	347000	7	7.23446	1	(7,13)	12.0673	1	13.823
chr9	66458800	66459000	14	7.22924	1	(13,14)	11.9619	1	13.7651
chr19	58693800	58694000	3	6.12835	1	(3,12)	5.91229	1	13.7644
chr11	113934400	113934600	8	7.23592	1	(8,16)	11.2372	1	13.7425
chr7	63387200	63387400	12	6.59961	1	(1,12)	5.81831	1	13.7417
chr5	140792600	140792800	12	6.59961	1	(1,12)	5.81831	1	13.7417
chr5	140480000	140480200	12	6.59961	1	(1,12)	5.81831	1	13.7417
chr19	58693600	58693800	12	6.59961	1	(1,12)	5.81831	1	13.7417
chr2	120979800	120980000	4	7.068	1	(4,12)	11.2168	1	13.7293
chr19	58259800	58260000	4	7.068	1	(4,12)	11.2168	1	13.7293
chr19	20842800	20843000	4	7.068	1	(4,12)	11.2168	1	13.7293
chr16	90037600	90037800	4	7.068	1	(4,12)	11.2168	1	13.7293
chr11	35685600	35685800	4	7.068	1	(4,12)	11.2168	1	13.7293
chr6	58778000	58778200	14	6.10549	1	(8,14)	5.26775	1	13.7245
chr22	18878400	18878600	14	6.10549	1	(8,14)	5.26775	1	13.7245
chr17	45214600	45214800	14	6.10549	1	(8,14)	5.26775	1	13.7245
chr19	48218600	48218800	7	6.64162	1	(7,14)	5.95571	1	13.5757
chr14	107253400	107253600	1	6.77328	1	(1,12)	5.81831	1	13.427
chr5	150051200	150051400	14	6.61663	1	(7,14)	5.95571	1	13.4186
chr7	64459200	64459400	12	6.56217	1	(3,12)	5.91229	1	13.4166
chr7	134842000	134842200	12	6.56217	1	(3,12)	5.91229	1	13.4166
chr2	48573600	48573800	12	6.56217	1	(3,12)	5.91229	1	13.4166
chr16	47526800	47527000	12	6.56217	1	(3,12)	5.91229	1	13.4166
chr16	31488000	31488200	8	6.60762	1	(8,16)	5.28527	1	13.4027
chrX	57901600	57901800	13	6.17551	1	(1,13)	5.72544	1	13.3915
chr10	31740600	31740800	13	6.23661	1	(3,13)	5.84764	1	13.3838
chr3	75692000	75692200	4	9.27386	1	(4,12)	8.20505	1	13.3764
chr19	58950600	58950800	4	9.27386	1	(4,12)	8.20505	1	13.3764
chr19	58194400	58194600	4	9.27386	1	(4,12)	8.20505	1	13.3764
chr19	57988200	57988400	4	9.27386	1	(4,12)	8.20505	1	13.3764
chr8	1845200	1845400	8	6.86468	1	(8,15)	10.4947	1	13.3331
chr13	110951200	110951400	8	6.86468	1	(8,15)	10.4947	1	13.3331
chr6	28058800	28059000	14	8.91925	1	(13,14)	8.76394	1	13.3012
chr19	53561400	53561600	14	8.91925	1	(13,14)	8.76394	1	13.3012
chr4	183806400	183806600	12	6.44472	1	(8,12)	5.8568	1	13.2999
chr20	47897800	47898000	12	6.44472	1	(8,12)	5.8568	1	13.2999
chr20	39821000	39821200	12	6.44472	1	(8,12)	5.8568	1	13.2999
chr19	2850400	2850600	12	6.44472	1	(8,12)	5.8568	1	13.2999
chr19	57569200	57569400	13	6.34142	1	(3,13)	5.84764	1	13.2791
chr1	95388600	95388800	8	6.70821	1	(8,14)	5.26775	1	13.2617
chr6	32074400	32074600	8	6.52589	1	(8,14)	5.26775	1	13.2059
chr19	15309000	15309200	8	6.52589	1	(8,14)	5.26775	1	13.2059
chr12	4385400	4385600	8	6.52589	1	(8,14)	5.26775	1	13.2059
chr5	178367200	178367400	12	6.36787	1	(3,12)	5.91229	1	13.1964
chr22	31363800	31364000	12	6.36787	1	(3,12)	5.91229	1	13.1964
chr19	58285000	58285200	12	6.24355	1	(4,12)	5.27505	1	13.1846
chr2	162138600	162138800	15	6.65675	1	(12,15)	10.8713	1	13.1453
chr7	152108400	152108600	12	8.53172	1	(3,12)	9.16092	1	13.1122
chr17	22247000	22247200	13	5.71717	1	(13,14)	5.64764	1	13.1033
chr10	78534800	78535000	12	6.24813	1	(1,12)	5.81831	1	13.0931
chr19	58195000	58195200	12	6.15384	1	(4,12)	5.27505	1	13.0792
chr19	20842600	20842800	12	6.15384	1	(4,12)	5.27505	1	13.0792
chr11	35685400	35685600	12	3.71236	1	(8,12)	2.76173	1	13.0488
chr4	5713800	5714000	14	5.84948	1	(13,14)	5.64764	1	13.0419
chr6	89747200	89747400	12	6.29512	1	(3,12)	5.91229	1	13.029
chr4	83302400	83302600	12	6.29512	1	(3,12)	5.91229	1	13.029
chr11	51581000	51581200	12	8.49011	1	(8,12)	9.07769	1	13.029
chr19	34883000	34883200	12	6.26737	1	(8,12)	5.8568	1	13.0277
chr17	65044000	65044200	12	6.26737	1	(8,12)	5.8568	1	13.0277
chr7	107641400	107641600	8	6.422	1	(8,15)	4.91402	1	13.0199
chr13	110962600	110962800	8	6.422	1	(8,15)	4.91402	1	13.0199
chr19	34883200	34883400	8	6.25823	1	(8,12)	5.8568	1	13.0185
chr17	65045800	65046000	8	6.25823	1	(8,12)	5.8568	1	13.0185
chr7	6744800	6745000	4	6.08825	1	(4,12)	5.27505	1	13.0136
chr1	95389800	95390000	8	6.59886	1	(8,14)	5.26775	1	13.0077
chr18	12309600	12309800	8	6.59886	1	(8,14)	5.26775	1	13.0077
chr13	77456400	77456600	8	6.59886	1	(8,14)	5.26775	1	13.0077
chr19	58739200	58739400	4	5.84965	1	(4,13)	5.51582	1	12.9968
chr19	37328200	37328400	4	5.84965	1	(4,13)	5.51582	1	12.9968
chr3	127487600	127487800	12	6.49246	1	(9,12)	10.8791	1	12.9836
chr2	240179200	240179400	12	6.49246	1	(9,12)	10.8791	1	12.9836
chr2	238560600	238560800	12	6.49246	1	(9,12)	10.8791	1	12.9836
chr18	68001400	68001600	12	6.49246	1	(9,12)	10.8791	1	12.9836
chr13	27704200	27704400	12	6.49246	1	(9,12)	10.8791	1	12.9836
chr13	103362200	103362400	12	6.49246	1	(9,12)	10.8791	1	12.9836
chr9	130211800	130212000	8	9.31218	1	(2,8)	7.33547	1	12.9799
chr9	127623000	127623200	8	9.31218	1	(2,8)	7.33547	1	12.9799
chr8	146016200	146016400	8	9.31218	1	(2,8)	7.33547	1	12.9799
chr8	128752400	128752600	8	9.31218	1	(2,8)	7.33547	1	12.9799
chr7	45024800	45025000	8	9.31218	1	(2,8)	7.33547	1	12.9799
chr6	17292400	17292600	8	9.31218	1	(2,8)	7.33547	1	12.9799
chr4	6643600	6643800	8	9.31218	1	(2,8)	7.33547	1	12.9799
chr3	52029000	52029200	8	9.31218	1	(2,8)	7.33547	1	12.9799
chr3	23959800	23960000	8	9.31218	1	(2,8)	7.33547	1	12.9799
chr3	156876400	156876600	8	9.31218	1	(2,8)	7.33547	1	12.9799
chr22	39918200	39918400	8	9.31218	1	(2,8)	7.33547	1	12.9799
chr19	54705800	54706000	8	9.31218	1	(2,8)	7.33547	1	12.9799
