chr5	141431400	141431600	23	5.86025	1	(20,23)	6.29942	1	11.9596
chr5	141430800	141431000	20	4.60962	1	(20,23)	4.95161	1	11.8813
chrX	131711000	131711200	22	8.10515	1	(20,22)	5.62074	1	11.877
chr12	57235200	57235400	11	6.3132	1	(11,23)	6.9284	1	11.8134
chr7	137882000	137882200	20	6.05485	1	(11,20)	5.17365	1	11.7841
chr14	49599600	49599800	1	6.76841	1	(1,4)	7.78501	1	11.7611
chr19	58004200	58004400	4	6.42228	1	(4,20)	7.84634	1	11.7429
chr19	57683600	57683800	4	6.42228	1	(4,20)	7.84634	1	11.7429
chr19	58184400	58184600	20	6.0419	1	(4,20)	7.91845	1	11.7225
chr22	46535400	46535600	24	5.93426	1	(20,24)	8.75606	1	11.7097
chrX	131741000	131741200	1	7.38495	1	(1,20)	4.43584	1	11.7033
chr16	89996000	89996200	11	7.67545	1	(11,11)	4.59801	1	11.6689
chr17	8187000	8187200	1	5.68553	1	(1,13)	7.24611	1	11.6194
chr19	57615600	57615800	20	6.70112	1	(4,20)	7.55839	1	11.5805
chr15	72198200	72198400	11	6.66833	1	(11,23)	5.48221	1	11.5805
chr5	141319200	141319400	20	5.76669	1	(4,20)	7.48653	1	11.5574
chr12	57213800	57214000	23	5.89532	1	(11,23)	6.9284	1	11.536
chr7	64999000	64999200	20	4.74672	1	(11,20)	4.4694	1	11.5359
chr5	141319400	141319600	4	6.25565	1	(4,20)	7.34298	1	11.522
chr19	57615400	57615600	4	7.54447	1	(4,20)	6.77104	1	11.5102
chr19	58230000	58230200	4	6.7832	1	(4,20)	7.0089	1	11.4791
chr17	8226200	8226400	1	4.76347	1	(1,13)	5.23782	1	11.4771
chr19	57577400	57577600	20	6.41952	1	(4,20)	7.19966	1	11.4334
chrX	131816800	131817000	1	5.8955	1	(1,20)	4.80261	1	11.4333
chr19	57476400	57476600	4	7.75484	1	(4,20)	6.41547	1	11.4255
chr16	81095200	81095400	1	5.64375	1	(1,4)	7.2449	1	11.4052
chr5	172765200	172765400	13	7.95601	1	(1,13)	5.30949	1	11.3445
chr11	65497400	65497600	22	3.57934	1	(1,10)	2.565	1	11.3319
chr19	58004400	58004600	20	7.30601	1	(4,20)	6.77104	1	11.3202
chr17	8226400	8226600	13	5.99936	1	(1,13)	6.19937	1	11.3201
chr2	121531400	121531600	1	6.98809	1	(1,13)	6.68465	1	11.3161
chr11	73010400	73010600	20	8.3531	1	(20,24)	5.69085	1	11.2902
chr19	20659600	20659800	4	6.35523	1	(4,20)	6.67607	1	11.2862
chrX	131740800	131741000	19	4.10229	1	(19,20)	3.25673	1	11.2777
chr22	46535000	46535200	20	5.63208	1	(20,24)	8.30506	1	11.2706
chr7	5523800	5524000	11	7.67712	1	(11,19)	5.79916	1	11.2582
chrX	53081400	53081600	22	6.96801	1	(18,22)	6.32561	1	11.2557
chr12	94424800	94425000	22	10.4957	1	(22,22)	9.75284	1	11.2387
chrX	131741600	131741800	1	6.30892	1	(1,20)	4.58844	1	11.2371
chr19	58001000	58001200	4	6.57418	1	(4,20)	6.46279	1	11.2229
chr1	778200	778400	1	6.98753	1	(1,4)	6.68353	1	11.2129
chr19	9673600	9673800	20	7.49731	1	(4,20)	6.41547	1	11.2084
chr19	57683800	57684000	20	7.49731	1	(4,20)	6.41547	1	11.2084
chr19	57476200	57476400	20	7.49731	1	(4,20)	6.41547	1	11.2084
chrX	131746400	131746600	1	7.36998	1	(1,11)	4.90682	1	11.2006
chrX	131817000	131817200	2	6.16338	1	(2,20)	5.14817	1	11.1901
chr15	64731200	64731400	16	6.7048	1	(11,16)	5.98548	1	11.1901
chr5	141419800	141420000	20	5.14289	1	(20,23)	3.62869	1	11.175
chrX	131793000	131793200	1	6.85184	1	(1,11)	5.21562	1	11.1598
chrX	131752600	131752800	1	7.37174	1	(1,11)	4.90682	1	11.1457
chr12	123942000	123942200	20	4.98904	1	(11,20)	4.19009	1	11.1427
chr17	8187400	8187600	13	5.76508	1	(1,13)	6.32042	1	11.1356
chr5	141650600	141650800	16	7.76995	1	(4,16)	5.64806	1	11.0973
chrX	131778600	131778800	1	7.21987	1	(1,7)	3.95266	1	11.09
chr19	57585200	57585400	4	5.22512	1	(4,20)	5.82637	1	11.0776
chr19	57748600	57748800	4	6.79825	1	(4,20)	4.52464	1	11.076
chr4	673000	673200	11	5.54788	1	(4,11)	5.24535	1	11.0728
chr1	23360400	23360600	20	8.22209	1	(20,20)	5.50767	1	11.0641
chr1	174990400	174990600	1	4.1678	1	(1,11)	3.82316	1	11.0606
chr22	50445000	50445200	11	11.0589	1	(11,11)	11.0589	1	11.0589
chr1	8859400	8859600	11	11.0589	1	(11,11)	11.0589	1	11.0589
chr17	40168400	40168600	11	11.0589	1	(11,11)	11.0589	1	11.0589
chr7	6009600	6009800	4	7.10318	1	(1,4)	6.07746	1	11.0572
chr19	52396400	52396600	4	4.83384	1	(4,20)	4.70893	1	11.0484
chr19	56540000	56540200	4	4.71376	1	(4,20)	4.34095	1	11.0476
chrX	49191000	49191200	22	11.0411	1	(22,22)	11.0411	1	11.0411
chrX	48801600	48801800	22	11.0411	1	(22,22)	11.0411	1	11.0411
chrX	150568200	150568400	22	11.0411	1	(22,22)	11.0411	1	11.0411
chrX	135974200	135974400	22	11.0411	1	(22,22)	11.0411	1	11.0411
chrX	129932200	129932400	22	11.0411	1	(22,22)	11.0411	1	11.0411
chr9	93095800	93096000	22	11.0411	1	(22,22)	11.0411	1	11.0411
chr9	39809000	39809200	22	11.0411	1	(22,22)	11.0411	1	11.0411
chr9	39791200	39791400	22	11.0411	1	(22,22)	11.0411	1	11.0411
chr9	29000	29200	22	11.0411	1	(22,22)	11.0411	1	11.0411
chr9	178800	179000	22	11.0411	1	(22,22)	11.0411	1	11.0411
chr9	137605200	137605400	22	11.0411	1	(22,22)	11.0411	1	11.0411
chr9	137550800	137551000	22	11.0411	1	(22,22)	11.0411	1	11.0411
chr9	137240800	137241000	22	11.0411	1	(22,22)	11.0411	1	11.0411
chr9	135907400	135907600	22	11.0411	1	(22,22)	11.0411	1	11.0411
chr9	127224800	127225000	22	11.0411	1	(22,22)	11.0411	1	11.0411
chr9	105519600	105519800	22	11.0411	1	(22,22)	11.0411	1	11.0411
chr8	98825600	98825800	22	11.0411	1	(22,22)	11.0411	1	11.0411
chr8	56211400	56211600	22	11.0411	1	(22,22)	11.0411	1	11.0411
chr8	28622400	28622600	22	11.0411	1	(22,22)	11.0411	1	11.0411
chr8	232000	232200	22	11.0411	1	(22,22)	11.0411	1	11.0411
chr8	22599200	22599400	22	11.0411	1	(22,22)	11.0411	1	11.0411
chr8	1763400	1763600	22	11.0411	1	(22,22)	11.0411	1	11.0411
chr8	145052200	145052400	22	11.0411	1	(22,22)	11.0411	1	11.0411
chr8	142777200	142777400	22	11.0411	1	(22,22)	11.0411	1	11.0411
chr8	12601200	12601400	22	11.0411	1	(22,22)	11.0411	1	11.0411
chr8	12437400	12437600	22	11.0411	1	(22,22)	11.0411	1	11.0411
chr7	876200	876400	22	11.0411	1	(22,22)	11.0411	1	11.0411
chr7	76461800	76462000	22	11.0411	1	(22,22)	11.0411	1	11.0411
chr7	75739000	75739200	22	11.0411	1	(22,22)	11.0411	1	11.0411
chr7	75442200	75442400	22	11.0411	1	(22,22)	11.0411	1	11.0411
chr7	75157000	75157200	22	11.0411	1	(22,22)	11.0411	1	11.0411
chr7	74891200	74891400	22	11.0411	1	(22,22)	11.0411	1	11.0411
chr7	73235200	73235400	22	11.0411	1	(22,22)	11.0411	1	11.0411
chr7	6825800	6826000	22	11.0411	1	(22,22)	11.0411	1	11.0411
chr7	65770000	65770200	22	11.0411	1	(22,22)	11.0411	1	11.0411
