chr17	78347000	78368800	11
chr2	132257400	132280000	11
chr17	43294200	43315000	11
chr4	79342200	79363600	11
chr2	132260600	132284200	8
chr1	121732400	121753600	11
chr6	30480400	30500800	3
chr17	43312800	43333800	11
chr2	207757000	207778200	3
chr14	87761000	87781600	11
chr16	34144400	34165400	11
chr12	20541200	20561600	11
chr12	4266000	4287200	3
chr19	58219600	58240200	3
chr13	27449400	27470000	8
chr12	89338200	89359600	11
chr2	229170600	229191000	11
chr1	223013400	223034400	3
chr3	32808400	32830200	3
chr13	99955400	99976000	3
chr9	63355600	63376000	11
chr13	99972400	99993600	3
chr5	138457000	138478000	3
chr17	32812200	32832800	8
chr20	49269800	49296800	3
chr17	47179000	47199400	11
chrX	137428000	137448400	11
chr14	64530800	64552400	8
chr15	70082000	70102800	6
chr16	14476800	14497200	8
chr12	12709000	12729400	3
chr12	93564800	93587000	3
chr5	53473200	53493400	3
chr15	63033800	63054800	3
chr1	112689000	112710400	6
chr19	36320000	36340400	3
chr13	99958800	99979400	3
chr2	132265000	132286000	8
chr4	41248400	41268800	3
chr7	101290400	101312000	3
chr8	70058000	70079600	3
chr5	2737200	2759600	3
chr2	202024800	202047400	3
chr17	32478000	32498400	3
chr8	8880000	8901400	3
chr14	67034400	67054800	11
chr17	7841800	7862200	12
chrX	112303200	112323600	11
chr19	20226200	20246800	3
chr6	131939200	131960400	3
chr7	131543400	131565600	3
chr17	7841200	7861600	10
chrX	48565400	48586400	3
chr17	35140800	35161200	8
chr17	21308000	21329000	11
chr17	43376200	43396600	11
chr17	42659600	42679800	2
chr1	230861800	230882000	8
chr15	84593800	84614400	3
chrX	154389000	154410200	3
chr17	38841200	38861600	3
chr20	43449000	43469200	3
chr3	51382200	51403000	3
chr1	212941600	212962600	3
chr3	75648000	75669000	10
chr2	144501800	144523400	12
chr2	85126000	85147200	3
chrX	109043800	109064600	8
chr17	49004600	49024800	3
chr1	203297800	203318800	11
chr3	54623600	54644200	3
chr20	41020600	41041200	11
chr2	144504000	144525200	11
chr11	3367000	3387800	3
chr12	121787600	121809200	3
chr17	48561000	48581200	12
chr14	75270600	75291600	3
chr1	91377000	91397600	8
chr12	34209400	34229800	8
chr5	172759400	172779800	3
chr16	34146400	34167000	8
chrX	153679800	153700000	8
chr1	35180000	35200800	3
chr3	181702800	181723400	3
chr2	150474600	150495000	3
chr7	141073400	141093600	11
chr2	66431400	66452000	12
chr6	44239400	44259800	3
chr19	57874400	57894800	8
chr12	127155800	127176600	8
chr15	63037400	63057600	3
chr1	28499400	28520000	3
chr11	70194800	70215000	3
chr14	103325600	103346000	3
chrX	8718400	8739000	12
chr5	175104600	175124800	8
chr18	48937600	48957800	12
