chr22	36723600	36733600	8
chr10	42375600	42385600	12
chr20	47894400	47904400	8
chr2	133025000	133035000	14
chr10	3818200	3828200	8
chr11	65264200	65274200	8
chr10	42355400	42365400	14
chr2	89865000	89875000	12
chr10	42390800	42400800	14
chr21	10774000	10784000	12
chr21	10797400	10807400	12
chr16	33949600	33959600	14
chr18	18510800	18520800	14
chr16	46385800	46395800	14
chr4	49650000	49660000	14
chr4	49148400	49158400	12
chr15	25300400	25310400	12
chr21	10808400	10818400	12
chr21	11118800	11128800	12
chr19	1248400	1258400	8
chr15	25311200	25321200	12
chr19	58765600	58775600	12
chr19	58702000	58712000	12
chr21	10818600	10828600	12
chr19	1266600	1276600	8
chr1	150543000	150553000	8
chr19	58125200	58135200	4
chr6	32935800	32945800	8
chr19	54704000	54714000	8
chr4	49113200	49123200	12
chr3	75784200	75794200	12
chr12	133621000	133631000	12
chr19	1251600	1261600	8
chr21	10830200	10840200	12
chr21	10850800	10860800	12
chr19	27731800	27741800	14
chr10	38808800	38818800	12
chr19	58715200	58725200	12
chr9	68412400	68422400	14
chr17	35288000	35298000	14
chr6	36561200	36571200	8
chr11	31830000	31840000	14
chr2	43445200	43455200	3
chr14	69253400	69263400	8
chr4	10109400	10119400	3
chr6	36561400	36571400	8
chr2	232570200	232580200	8
chr5	54520400	54530400	14
chr8	146061800	146071800	12
chr19	44977400	44987400	12
chr10	39137400	39147400	12
chr1	197879400	197889400	14
chr17	4842200	4852200	8
chr19	58636200	58646200	12
chr19	1253800	1263800	8
chr2	73142000	73152000	14
chr7	57546800	57556800	12
chr19	58490600	58500600	12
chr19	7076200	7086200	12
chr1	234739400	234749400	8
chr10	42808000	42818000	12
chr17	77770000	77780000	14
chr2	133029000	133039000	14
chr7	6727000	6737000	12
chr10	39078600	39088600	12
chr2	171670400	171680400	14
chr19	41303800	41313800	3
chr19	58080400	58090400	4
chr11	31828600	31838600	14
chr1	8930400	8940400	8
chr17	7474600	7484600	8
chr17	4841400	4851400	8
chr17	7474800	7484800	2
chr10	38776400	38786400	12
chr7	100807000	100817000	15
chr2	172958200	172968200	14
chr1	180197200	180207200	14
chr17	79475800	79485800	8
chr20	47897600	47907600	8
chr12	122235200	122245200	8
chr10	39102800	39112800	12
chr20	29813200	29823200	12
chr6	32938200	32948200	8
chr11	65185200	65195200	8
chr11	118782000	118792000	3
chr9	37028000	37038000	14
chr12	6641000	6651000	8
chr20	29823400	29833400	12
chr11	118782800	118792800	3
chr12	133762200	133772200	12
chr7	26232800	26242800	8
chr17	7136800	7146800	8
chr12	46758000	46768000	8
chr1	150538800	150548800	8
chr11	31826200	31836200	14
chr12	46757800	46767800	8
chr19	9636600	9646600	12
chr16	46403200	46413200	14
chr17	8020800	8030800	14
chr5	54521600	54531600	14
