chr3	147093200	147143200	15
chr15	96863200	96913200	15
chr3	147099800	147149800	15
chr15	89902800	89952800	8
chr13	100600800	100650800	15
chr8	26466200	26516200	8
chr21	11090600	11140600	14
chr4	190472000	190522000	12
chr15	96848800	96898800	15
chr22	46460800	46510800	8
chr16	33929800	33979800	14
chr11	46671200	46721200	2
chr18	74685600	74735600	8
chr13	100591400	100641400	15
chr20	1871800	1921800	8
chr22	39108200	39158200	8
chr18	74690600	74740600	8
chr4	190579200	190629200	4
chr11	118479600	118529600	8
chr4	190502600	190552600	16
chr18	74692000	74742000	8
chr14	67998600	68048600	8
chr14	99691800	99741800	15
chr22	18340600	18390600	3
chr17	72199000	72249000	4
chr1	207976600	208026600	8
chr15	64402800	64452800	8
chr11	125308200	125358200	8
chr2	127810600	127860600	8
chr19	39177400	39227400	2
chr11	125310600	125360600	8
chr5	92900800	92950800	15
chr19	39831200	39881200	8
chr1	204927000	204977000	8
chr12	57520400	57570400	8
chr7	27182400	27232400	15
chr2	176993600	177043600	15
chr1	226022000	226072000	8
chr19	39167200	39217200	8
chr16	729200	779200	8
chr22	38360200	38410200	8
chr21	45497400	45547400	4
chr22	41892400	41942400	8
chr16	46385800	46435800	14
chr7	22148200	22198200	8
chr1	156431200	156481200	8
chr17	40114200	40164200	8
chr19	52358800	52408800	2
chr20	1862600	1912600	8
chr21	11050600	11100600	16
chr11	113932400	113982400	8
chr21	45482600	45532600	4
chr1	160051400	160101400	8
chr6	163835200	163885200	8
chr1	204400200	204450200	8
chr22	37772200	37822200	1
chr20	1862000	1912000	8
chr11	118460800	118510800	8
chr5	140855000	140905000	15
chr19	1238200	1288200	15
chr18	74680000	74730000	8
chr2	132995800	133045800	14
chr1	204403600	204453600	8
chr4	159131000	159181000	8
chr15	89917400	89967400	8
chr19	57024400	57074400	4
chr15	25292200	25342200	5
chr20	62082800	62132800	15
chr16	33910800	33960800	14
chr1	109778200	109828200	8
chr12	124863800	124913800	4
chr17	37778400	37828400	15
chr2	176930800	176980800	15
chr7	96607200	96657200	15
chr20	30257800	30307800	8
chr20	39763800	39813800	8
chr17	37779000	37829000	15
chr20	31024400	31074400	8
chr12	133652400	133702400	4
chr2	47232800	47282800	8
chr12	54378600	54428600	15
chr2	89830400	89880400	14
chr17	36583200	36633200	8
chr22	38354200	38404200	8
chr6	10380400	10430400	15
chr10	102467600	102517600	15
chr3	50267400	50317400	8
chr14	104158600	104208600	8
chr10	42355000	42405000	14
chr2	132991400	133041400	14
chr10	81144400	81194400	8
chr17	20897800	20947800	4
chr20	39786600	39836600	8
chr3	58368800	58418800	4
chr10	118885600	118935600	15
chr17	38217200	38267200	8
chr8	17498000	17548000	12
chr1	205000200	205050200	8
chr3	181405200	181455200	3
chr2	54851800	54901800	8
