chr2	172959000	172969000	14
chr6	5995000	6005000	14
chr9	117124600	117134600	8
chr15	81589600	81599600	8
chr2	175198200	175208200	15
chr8	99951600	99961600	14
chr5	131819000	131829000	8
chr17	77770200	77780200	15
chr11	65264200	65274200	8
chr11	31830200	31840200	14
chr11	65264400	65274400	8
chr17	35289200	35299200	14
chr1	197879800	197889800	14
chr11	73685200	73695200	8
chr10	8085400	8095400	14
chr2	171670200	171680200	14
chr15	76627600	76637600	14
chr2	171670000	171680000	14
chr22	37627600	37637600	8
chr10	3818400	3828400	2
chr9	117136200	117146200	8
chr15	45002200	45012200	8
chr6	159456600	159466600	8
chr6	36561200	36571200	8
chr5	169710800	169720800	8
chr10	124901200	124911200	14
chr7	26232200	26242200	8
chr7	100808000	100818000	14
chr3	138654600	138664600	14
chr2	172947800	172957800	14
chr5	54520400	54530400	14
chr7	129417200	129427200	14
chr6	24855800	24865800	8
chr6	32809200	32819200	8
chr6	5992400	6002400	14
chr17	59480200	59490200	2
chr1	150542800	150552800	1
chr19	10397000	10407000	14
chr2	175194200	175204200	15
chr6	32935800	32945800	8
chr7	27223200	27233200	14
chr6	137809600	137819600	14
chr17	46686600	46696600	14
chr7	26230800	26240800	8
chr15	81585400	81595400	8
chr6	170597400	170607400	14
chr13	79174000	79184000	14
chr5	153852800	153862800	15
chr20	21078200	21088200	14
chr11	64537400	64547400	8
chr20	37350800	37360800	14
chr3	157815400	157825400	14
chr5	131822600	131832600	8
chr11	67046200	67056200	8
chr12	7060400	7070400	8
chr1	206730400	206740400	8
chr6	1604400	1614400	15
chr2	73142000	73152000	14
chr4	113429600	113439600	14
chr1	111731000	111741000	8
chr12	15097800	15107800	8
chr9	117140800	117150800	8
chr3	138656800	138666800	15
chr2	73141000	73151000	14
chr17	4843000	4853000	8
chr6	108434400	108444400	14
chr12	54386200	54396200	14
chr7	27222200	27232200	14
chr1	180197400	180207400	14
chr13	50697600	50707600	14
chr9	37028400	37038400	14
chr15	60289200	60299200	14
chr2	43445400	43455400	1
chr17	56407600	56417600	1
chr15	68118800	68128800	14
chr11	122926200	122936200	8
chr4	13541000	13551000	14
chr21	34392200	34402200	14
chr11	128344400	128354400	8
chr8	97162800	97172800	14
chr17	37754000	37764000	15
chr11	31823600	31833600	14
chr2	85545800	85555800	8
chr2	200320200	200330200	14
chr6	108435000	108445000	14
chr11	117856400	117866400	8
chr17	76119000	76129000	8
chr17	59481000	59491000	2
chr17	43298600	43308600	2
chr1	245018600	245028600	1
chr17	8020400	8030400	14
chr1	111729200	111739200	8
chr2	63274400	63284400	14
chr6	10411400	10421400	2
chr22	36724000	36734000	8
chr17	46688200	46698200	14
chr7	27190800	27200800	14
chr2	200320600	200330600	14
chr2	158269400	158279400	8
chr7	5459400	5469400	14
