chr22	36323155	36333155	8
chr8	143929232	143939232	8
chr7	101163919	101173919	14
chr17	36932100	36942703	14
chr19	10286924	10296924	14
chr17	48046638	48056638	8
chr20	3798153	3808153	8
chr12	57087217	57097217	8
chr11	31810052	31820253	14
chr2	170814090	170824090	14
chr22	38308595	38318595	8
chr19	4058002	4068002	2
chr19	1248401	1258401	8
chr3	52047984	52057984	8
chr19	40797895	40807895	8
chr15	75646459	75656459	8
chr19	1465201	1475201	14
chr17	79835801	79845801	14
chr7	155802906	155812906	14
chr12	13195266	13205266	8
chr11	837400	847400	8
chr17	4938705	4948705	8
chr11	69636832	69646832	8
chr8	143942632	143952632	3
chr11	65416729	65426729	1
chr12	13194666	13204666	8
chr10	100345843	100355843	8
chr11	69638432	69648432	8
chr17	7231881	7241881	8
chr11	65416129	65426129	1
chr1	44799728	44809728	8
chr11	65496529	65506529	3
chr2	43218461	43228461	3
chr19	1267201	1277201	8
chr4	10090376	10100376	8
chr4	10092576	10102576	8
chr7	5418769	5428769	2
chr1	156114009	156124009	2
chr1	156115009	156125009	2
chr5	171307196	171317196	14
chr14	104786463	104796463	2
chr9	136841548	136851548	14
chr11	65607529	65617529	8
chr19	795800	805800	8
chr4	10106976	10116976	1
chr16	88802792	88812792	3
chr12	121797294	121807294	8
chr7	98280688	98290688	8
chr22	19169287	19179287	14
chr19	42246848	42256848	2
chr1	156743408	156753408	4
chr3	134356558	134366558	8
chr9	121279922	121289922	8
chr19	58553833	58563833	8
chr1	50418328	50428328	14
chr10	101222043	101232043	14
chr6	10405367	10415367	1
chr1	154966324	154976324	3
chr20	47351656	47361656	3
chr7	26195780	26205780	2
chr1	154966124	154976124	3
chr19	12937386	12947386	8
chr19	58553633	58563633	8
chr17	8117482	8127482	2
chr14	68786483	68796483	3
chr11	65854729	65864729	1
chr2	236163756	236173957	14
chr16	87846594	87856594	3
chr9	93950718	93960718	14
chr11	118915691	118925691	3
chr17	81391600	81401600	3
chr16	54927288	54937288	2
chr9	130657613	130667613	14
chr1	228140499	228150499	8
chr17	7571282	7581282	1
chr2	44934861	44944861	14
chr19	3978202	3988202	8
chr12	121793894	121803894	3
chr11	62538128	62548128	4
chr11	65381929	65391929	3
chr21	36697100	36707100	14
chr17	77449318	77459318	3
chr9	93950518	93960518	14
chr12	12716666	12726666	1
chr19	1854001	1864001	2
chr2	226790884	226800884	8
chr17	2393106	2403106	3
chr17	2392706	2402706	3
chr5	171306396	171316396	14
chr22	36318155	36328155	8
chr20	49275663	49285663	3
chr1	197908670	197918670	14
chr9	127533921	127543921	8
chr1	234603654	234613654	2
chr17	28716982	28726982	1
chr17	79796001	79806001	2
chr17	81509774	81519774	1
chr2	72142871	72152871	14
chr17	28717182	28727182	1
chr18	3447202	3457202	1
