chr1	9661400	9682000	16
chr4	150572600	150594200	20
chr22	46524200	46546000	20
chr8	133515200	133535600	15
chr9	134650600	134670800	21
chr17	45230400	45251800	23
chr3	197837800	197858200	20
chr1	180936200	180957200	20
chr1	7816800	7837600	20
chr11	111546000	111566400	11
chr20	35480400	35501200	11
chr2	160419800	160440200	20
chr2	24795800	24816000	3
chr5	180819600	180840200	4
chr4	112351200	112371600	20
chr9	34361000	34381800	20
chr19	34668800	34689000	4
chr17	31515000	31535200	16
chr4	44800	69200	20
chr19	27231200	27252200	21
chr9	127513200	127534000	10
chr9	127514800	127535400	10
chr6	131043800	131064200	10
chr12	114666600	114687600	20
chr19	57993600	58014600	4
chr17	5180400	5200600	4
chr19	57738400	57758800	4
chr19	56558400	56578600	4
chr5	141309200	141329600	4
chr19	57673600	57694000	4
chr11	65636800	65657800	1
chr12	34336000	34358200	1
chr19	20918000	20938600	20
chr12	1524200	1544400	23
chr1	1022400	1042800	23
chr1	1028600	1049200	12
chr17	2047800	2070000	23
chr1	192801400	192821800	11
chr3	10158400	10179000	10
chr19	56395200	56415600	4
chr16	69907600	69928000	11
chr1	36311400	36332200	11
chr5	141345000	141365400	23
chr16	34146600	34167000	23
chr2	132263000	132283600	23
chr2	132247400	132267600	23
chr7	50359200	50379600	21
chr16	3296400	3316600	4
chr16	10395200	10415600	11
chr12	104692800	104713000	19
chr7	120981200	121001600	1
chr12	6634200	6654800	21
chr6	27799800	27820000	1
chr17	57363400	57383800	20
chr19	20649600	20670000	20
chr22	40452200	40472400	6
chr5	177361400	177381800	16
chr19	8515400	8535600	1
chr1	201760800	201781000	10
chr10	72877000	72897400	11
chr15	79863600	79884600	20
chr19	10806400	10827600	11
chr12	93389200	93409400	22
chr1	8729200	8749400	10
chr12	48990400	49010800	23
chr4	1240400	1261200	4
chr19	58174400	58194800	4
chr1	151897800	151918200	4
chr4	40400	62400	21
chr18	98000	119400	21
chr1	192800800	192821200	22
chr7	73693600	73713800	11
chr5	141392800	141413000	23
chr9	63808600	63828800	23
chr16	3276000	3296400	4
chr1	156066400	156087000	11
chr14	102977400	102998000	20
chr11	65632000	65652400	11
chr11	65631200	65651600	11
chr15	66745400	66765800	20
chr8	8352400	8373000	20
chr2	102139200	102159600	10
chr12	65219400	65239800	20
chr19	1217000	1238000	11
chr19	56827800	56848800	22
chr16	30324200	30344400	4
chr1	768200	788400	4
chr10	43425800	43446000	4
chr15	42539400	42559600	4
chr1	223983200	224003400	4
chr2	26022800	26043000	4
chr10	45962600	45983000	4
chr9	127434200	127454800	11
chr12	123931800	123952400	11
chr10	99731200	99751400	11
chr12	118179400	118200000	11
chr5	172361000	172381400	11
chr17	28702400	28722600	11
chr5	170623400	170643600	16
chr15	40357800	40378000	16
