chr12	133037014	133047014	1
chr19	52953947	52963947	1
chr10	3776808	3786808	1
chr17	48046638	48056638	1
chr22	30967814	30977814	1
chr17	4938705	4948705	1
chr5	143396035	143406035	1
chr19	56538031	56548031	1
chr1	154966724	154976724	1
chr19	55653634	55663634	1
chr5	179614799	179624799	1
chr6	31619623	31629623	1
chr6	108556997	108566997	1
chr3	150407213	150417213	1
chr5	57172173	57182173	1
chr13	110711253	110721253	1
chr19	41261895	41271895	1
chr14	23089391	23099391	1
chr14	58290282	58300282	1
chr3	126466957	126476957	1
chr5	171386996	171396996	1
chr13	50123064	50133064	1
chr17	46184634	46194634	1
chr5	6624687	6634687	1
chr9	128683521	128693521	1
chr2	231455889	231465889	1
chr12	53213216	53223216	1
chr14	20452641	20462641	1
chr11	64769928	64779928	1
chr7	39948401	39958401	1
chr4	102819643	102829643	1
chr1	45679528	45689528	1
chr14	100236663	100246663	1
chr9	136474348	136484348	1
chr15	78872058	78882058	1
chr2	241312585	241322585	1
chr6	87693282	87703282	1
chr1	24641509	24651509	1
chr22	41090596	41100596	1
chr8	143591030	143601030	1
chr10	24715471	24725471	1
chr15	31324997	31334997	1
chr12	71656620	71666620	1
chr16	8859943	8869943	1
chr16	10937143	10947143	1
chr16	74658102	74668102	1
chr11	68459732	68469732	1
chr12	110280195	110290195	1
chr2	68244068	68254068	1
chr19	8444116	8454116	1
chr20	43456560	43466560	1
chr2	111116423	111126423	1
chr16	56930688	56940688	1
chr16	3225600	3235600	1
chr2	177211072	177221072	1
chr9	114586920	114596920	1
chr1	110337378	110347378	1
chr9	94165518	94175518	1
chr6	12007567	12017567	1
chr15	67064062	67074062	1
chr2	152711086	152721086	1
chr2	47897861	47907861	1
chr2	12714474	12724474	1
chr3	19946108	19956108	1
chr1	2522761	2532761	1
chr5	109688499	109698499	1
chrX	44871354	44881354	1
chr7	151056713	151066713	1
chr6	43170062	43180062	1
chr1	231413254	231423254	1
chr7	30022984	30032984	1
chr2	64644266	64654266	1
chr11	67117529	67127529	1
chr1	226398899	226408899	1
chr14	45130997	45140997	1
chr9	71908484	71918484	1
chr13	44568864	44578864	1
chr2	173956872	173966872	1
chr18	51188630	51198630	1
chr2	206153676	206163676	1
chr19	50023343	50033343	1
chr19	42267648	42277648	1
chr2	65121266	65131266	1
chr10	125887431	125897431	1
chr3	9730516	9740516	1
chr11	68205133	68215133	1
chr4	83004247	83014247	1
chr1	86908117	86918117	1
chr12	95215424	95225424	1
chr19	35715498	35725699	1
chr2	127878026	127888026	1
chr12	48707817	48717817	1
chr2	216108477	216118477	1
chr1	174998663	175008864	1
chr10	58262840	58272840	1
chr1	1882761	1892761	1
chr16	20893878	20903878	1
chr7	152427515	152437515	1
chr21	44809085	44819085	1
chr9	37457403	37467403	1
