chr2	132254227	132279227	11
chr7	27141781	27166781	11
chr15	96321371	96346371	3
chr5	141407633	141432633	1
chr2	172082072	172107072	11
chr16	34139133	34164133	11
chr5	141397833	141422833	1
chr10	8041837	8066837	11
chr15	96331971	96356971	3
chr17	48574238	48599238	12
chr7	27168581	27193581	1
chr4	46804	73108	8
chr2	132265227	132290227	11
chr17	79790201	79815201	11
chr16	34132333	34157333	11
chr11	31797052	31822253	11
chr4	39599	65708	8
chr19	58182033	58207234	1
chr17	61392639	61417639	12
chr9	63811266	63836266	11
chr13	99966946	99991946	12
chr12	53985016	54010016	11
chr7	27094581	27119581	12
chr10	41839408	41864408	8
chr6	10402167	10427167	11
chr5	93570294	93595294	10
chr15	25066453	25091453	8
chr12	4268434	4293434	3
chr12	114664595	114689595	11
chr17	61395639	61420639	12
chr19	58241834	58266834	8
chr17	48602238	48627238	11
chr6	1603165	1628165	11
chr14	60635482	60660482	11
chr17	79794401	79819401	11
chr4	110613244	110638244	12
chr4	49632983	51794034	8
chr12	54010216	54035216	1
chr10	123132484	123157484	11
chr2	89816190	89841190	8
chr19	57980432	58005432	2
chr21	10704856	10729856	8
chr12	133039214	133064214	8
chr6	98823724	98848724	11
chr12	133081414	133106414	2
chr9	123996521	124021521	11
chr10	8049437	8074437	11
chr19	44472583	44500148	8
chr4	173515049	173540049	11
chr12	57219417	57244417	11
chr5	88659582	88684783	11
chr2	176116272	176141272	10
chr5	141350033	141375033	8
chr12	57220017	57245017	11
chr2	104842342	104867342	11
chr4	13524576	13549576	11
chr3	181695012	181720012	12
chr19	36537698	36562698	8
chr4	49096183	49121183	8
chr3	128475357	128500357	11
chr7	97002888	97027888	11
chr7	6682569	6707569	3
chr7	156998906	157023906	10
chr12	133133214	133158214	8
chr10	101213443	101238443	11
chr2	222288481	222313481	11
chr2	118833624	118858624	11
chr19	13007786	13032786	11
chr2	44931661	44956661	11
chr19	57530432	57555432	8
chr4	4850873	4875873	11
chr19	1250401	1275401	3
chr15	67816662	67841662	10
chr22	46063520	46088520	3
chr3	147389813	147414813	11
chr4	10091576	10116576	3
chr16	86493394	86518394	11
chr15	52782603	52807603	11
chr19	13010186	13035186	11
chr4	430611	455611	8
chr17	48994038	49019038	11
chr10	117530889	117555889	12
chr10	38510872	38581869	8
chr10	38834669	38859669	8
chr2	174321872	174346872	11
chr19	36811298	36836298	8
chr1	90706043	90731043	11
chr6	1372765	1397765	11
chr7	101158119	101183119	11
chr21	36688500	36713500	11
chr10	129949536	129974536	11
chr3	75655049	75680049	8
chr10	41864608	42105952	8
chr10	42297552	42322552	8
chr2	91608974	91633974	8
chr5	180248000	180273000	8
chr20	30416924	31239997	8
chr19	36705498	36730498	8
chr16	67154097	67179097	11
chr2	144500633	144525633	3
