chr15	25075453	25085453	20
chr19	58245634	58255634	20
chr19	58130033	58140033	20
chr12	133039614	133049614	20
chr19	58185433	58195433	20
chr19	7075389	7085389	20
chr19	51964547	51974547	20
chr16	68552097	68562097	20
chr8	144837415	144847415	20
chr19	57978632	57988632	20
chr19	52313947	52323947	20
chr19	58256034	58266034	20
chr19	9560524	9570524	20
chr5	178712799	178722799	20
chr7	6689969	6699969	20
chr12	133005814	133015814	20
chr19	44476983	44487790	20
chr19	51891347	51901347	20
chr15	25085653	25095653	20
chr12	133183214	133193214	20
chr19	9526324	9536324	20
chr5	180254400	180264400	20
chr19	58204233	58214434	20
chr19	37234898	37244898	20
chr19	36710498	36720498	20
chr19	36546898	36556898	20
chr19	11941785	11951785	20
chr12	133096814	133106814	20
chr19	9293724	9303724	20
chr12	132940214	132950214	20
chr12	133080614	133090614	20
chr19	36749698	36759698	20
chr19	8805524	8815524	20
chr19	51992547	52002547	20
chr19	57615032	57625032	20
chr19	20543594	20553594	20
chr19	57990632	58000632	20
chr19	57530832	57540832	20
chr16	3307400	3317400	20
chr9	96757518	96767518	20
chr19	44490349	44500948	20
chr19	52116347	52126347	20
chr2	95145655	95155655	20
chr19	36818698	36828698	20
chr19	52063547	52073547	20
chr19	23344598	23354598	20
chr19	57542632	57552632	20
chr19	43835048	43845048	20
chr19	9376124	9386124	20
chr19	52375747	52385747	20
chr19	52031747	52041747	20
chr19	36513498	36523498	20
chr19	12522186	12532186	20
chr12	133143814	133153814	20
chr5	178873999	178883999	20
chr19	52015547	52025547	20
chr4	463411	473411	20
chr19	21808398	21818398	20
chr19	57569432	57579432	20
chr19	56568431	56578632	20
chr19	56406831	56416831	20
chr2	95210652	95220652	20
chr19	9335124	9345124	20
chr19	36889498	36899498	20
chr19	9410324	9420324	20
chr19	37379898	37389898	20
chr19	58430833	58440833	20
chr19	14712588	14722588	20
chr19	19708391	19718391	20
chr4	428211	438211	20
chr19	52548147	52558147	20
chr19	51935947	51945947	20
chr4	350211	360211	20
chr19	57681432	57691432	4
chr16	3283800	3293800	20
chr12	132925214	132935214	20
chr7	5057569	5067569	20
chr19	53140347	53150347	20
chr19	36639098	36649098	20
chr4	450211	460211	20
chr12	133118214	133128214	20
chr16	3403600	3413600	20
chr11	65419529	65429529	9
chr19	52796947	52806947	20
chr19	37424098	37434098	20
chr19	43960648	43970648	20
chr11	65498129	65508129	9
chr6	27447821	27457821	20
chr19	24117598	24127598	20
chr12	133049814	133059814	20
chr19	57924032	57934032	20
chr19	37152498	37162498	20
chr11	118916091	118926091	9
chr19	53345947	53355947	20
chr19	56541231	56551231	20
chr4	71308	81907	20
chr19	51868747	51878747	20
chr9	113042720	113052720	20
chr19	53234547	53244547	20
chr19	52948747	52958747	20
