chr17	49003438	49053438	6
chr14	22485412	22547058	1
chr22	46062920	46112920	3
chr17	48978438	49028438	6
chr20	31672197	31722197	2
chr11	128468505	128518505	1
chr22	39910196	39960196	3
chr22	39914196	39964196	3
chr11	128466105	128516105	1
chr14	22461808	22517622	3
chr20	31667797	31717797	1
chr22	46052920	46102920	3
chr12	123036653	123086653	2
chr5	141350033	141400033	8
chr17	48975438	49025438	6
chr10	97152043	97202043	3
chr10	97152843	97202843	3
chr12	123102853	123152853	1
chr20	62968648	63018648	6
chr15	31328797	31378797	3
chr20	62969848	63019848	6
chr15	31321997	31371997	3
chr15	25048053	25098053	8
chr20	62966248	63016248	6
chr8	74273365	74323365	6
chr22	46032720	46082720	3
chr6	42003662	42053662	3
chr5	141359833	141409833	8
chr17	21276288	21326288	4
chr14	99225263	99275263	3
chr5	134092909	134142909	3
chr17	49031638	49081638	8
chr19	58227634	58277634	7
chr17	77417918	77467918	3
chr15	22222649	22272649	12
chr10	97144243	97194243	3
chr3	45870708	45920708	3
chr17	79789201	79839201	3
chr17	79771601	79821601	6
chr7	27143181	27193181	9
chr1	160605610	160655610	3
chr4	8193073	8243073	3
chr17	3681106	3731106	8
chr10	124636631	124686631	3
chr7	23441981	23491981	6
chr7	50307804	50369902	2
chr16	68243497	68293497	3
chr10	124693031	124743031	3
chr10	41835008	41885008	7
chr19	57960832	58010832	6
chr4	108126444	108176444	3
chr5	134077109	134127109	3
chr19	10255924	10305924	6
chr22	39931796	39981796	1
chr8	74291365	74341365	6
chrX	40060947	40110947	12
chr16	68187897	68237897	3
chr2	86813077	86863077	3
chr2	86813477	86863477	3
chr3	18399708	18449708	3
chr10	26440671	26490671	3
chr1	204517272	204567272	1
chr2	86782877	86832877	3
chr1	167466963	167516963	3
chr19	52272947	52322947	8
chr19	52272547	52322547	8
chr4	448211	498211	8
chr1	204518472	204568472	1
chr15	25063853	25113853	8
chr19	51961147	52011147	2
chr19	52364947	52414947	3
chr12	123118253	123168253	1
chr9	129851921	129901921	2
chr5	134110509	134160509	3
chr1	230071853	230121853	2
chr21	10362656	10412656	8
chr16	67518097	67568097	3
chrX	7048959	7098959	3
chr1	155044724	155094724	4
chr4	108134244	108184244	3
chr12	123014453	123064453	2
chr5	139642415	139692415	3
chr4	40194780	40244780	3
chr11	67395529	67445529	3
chrX	2690159	2740159	3
chr4	336211	386211	7
chr14	99208863	99258863	3
chr19	52115147	52165147	8
chr11	67395929	67445929	3
chr5	181182000	181232000	3
chr19	52539747	52589747	8
chr19	52547947	52597947	8
chr17	78336919	78386919	3
chr21	10372056	10422056	8
chr12	133079014	133129014	2
chr11	67394529	67444529	3
chr11	67392929	67442929	3
chr12	133079814	133129814	2
chr1	155045724	155095724	4
chr19	57529632	57579632	2
