chr17	46623000	46673000	9
chr17	46618000	46668000	9
chr15	25291000	25341000	20
chr19	39139000	39189000	9
chr16	73056000	73106000	9
chr22	36719800	36769800	9
chr1	27881600	27931600	13
chr12	133658400	133708400	4
chr4	418400	468400	22
chr19	58740600	58790600	4
chr19	1230400	1280400	13
chr15	96863000	96913000	9
chr22	36711800	36761800	9
chr17	17584000	17634000	9
chr20	45940600	45990600	13
chr19	52362800	52412800	13
chr15	96859400	96909400	9
chr20	45939400	45989400	13
chr1	27877400	27927400	1
chr10	80870400	80920400	9
chr17	75428400	75478400	9
chr19	37004000	37054000	16
chr5	139023200	139073200	9
chr19	23518600	23568600	20
chr5	139014200	139064200	13
chr19	39164800	39214800	9
chr19	13122600	13172600	23
chr20	45934200	45984200	9
chr7	27179000	27229000	23
chr7	27134000	27184000	9
chr3	32862200	32912200	13
chr15	93424200	93474200	13
chr15	72488600	72538600	11
chr22	46438600	46488600	22
chr17	38462600	38512600	4
chr8	145002400	145052400	13
chr8	145001200	145051200	13
chr10	80857200	80907200	9
chr9	134268200	134318200	22
chr11	62294000	62344000	13
chr10	126801600	126851600	9
chr22	46446000	46496000	22
chr7	27187800	27237800	23
chr19	58475000	58525000	4
chr1	2158000	2208000	9
chr17	7107000	7157000	13
chr19	58676000	58726000	22
chr4	330800	380800	4
chr5	92903200	92953200	9
chr17	37023400	37073400	9
chr17	76347400	76397400	23
chr9	134267200	134317200	22
chr20	10606400	10656400	11
chr10	21782800	21832800	9
chr13	100601600	100651600	9
chr12	54377400	54427400	23
chr17	75445600	75495600	9
chr19	15359200	15409200	9
chr17	38457200	38507200	11
chr10	82217400	82267400	9
chr11	12696800	12746800	9
chr19	58041000	58091000	22
chr17	76349800	76399800	23
chr10	21794600	21844600	9
chr21	10774000	10824000	22
chr2	235858200	235908200	9
chr16	73063400	73113400	9
chr14	69398800	69448800	9
chr16	85602200	85652200	14
chr5	140855400	140905400	9
chr3	50263400	50313400	11
chr19	52591600	52641600	22
chr1	157961800	158011800	13
chr4	10070600	10120600	13
chr19	37201400	37251400	20
chr9	130282000	130332000	20
chr14	21688600	21738600	22
chr12	109193200	109243200	13
chr17	7111400	7161400	13
chr17	75366000	75416000	9
chr19	56145600	56195600	22
chr19	52463000	52513000	4
chr17	77767000	77817000	11
chr19	37109600	37159600	22
chr17	46668200	46718200	3
chr17	17612400	17662400	1
chr20	61529600	61579600	11
chr2	235872000	235922000	9
chr19	4367400	4417400	9
chr19	4367200	4417200	9
chr19	57044600	57094600	4
chr19	1212200	1262200	9
chr14	74178600	74228600	22
chr1	22221400	22271400	22
chr15	67393600	67443600	18
chr15	67394200	67444200	18
chr5	179671000	179721000	4
chr12	124981200	125031200	9
chr11	802200	852200	13
chr1	43388600	43438600	13
