chr6	58773600	58774800	14
chr9	111928200	111930400	2
chr3	122512800	122513000	3
chr13	113242600	113242800	3
chr5	180668200	180669000	8
chr2	74725200	74726600	15
chr8	71315600	71316000	2
chr19	50354800	50356000	2
chr22	39267800	39268200	2
chr1	20810200	20813800	2
chr1	197170400	197170600	2
chr2	133012000	133012600	14
chr1	876200	877200	15
chr17	27027200	27030800	8
chr2	193057200	193061800	1
chr1	36640400	36641800	8
chr4	121993400	121994200	14
chr19	39211600	39216400	8
chr2	180725800	180726600	2
chr17	56164800	56168000	8
chr22	36724400	36732200	8
chr15	76352400	76353400	14
chr5	42991400	42993600	14
chr6	39083000	39083200	3
chr2	217364800	217365400	7
chrX	153595800	153597000	8
chr10	88149000	88149800	2
chr17	41982800	41986200	14
chr6	101840200	101841200	14
chr13	45011000	45011200	2
chr16	18798600	18800400	8
chr22	41920800	41928600	8
chr12	123875400	123876800	8
chr14	81687800	81688200	1
chr15	88798600	88800200	2
chr14	54422200	54423600	14
chr5	115151000	115152800	1
chr2	105465600	105471600	1
chr10	76584600	76585400	1
chr1	16265200	16266400	8
chr14	94596000	94596800	1
chr2	64978000	64978200	1
chr6	42418800	42419600	1
chr16	77822000	77824000	2
chr2	11623200	11623800	1
chrX	106693400	106694200	2
chr16	29911000	29911600	1
chr10	18429200	18430600	2
chr2	97482800	97483600	4
chr21	37529200	37530000	1
chr7	116660200	116660800	1
chr5	87964800	87978600	1
chr17	72206200	72206800	7
chr11	66385600	66386600	4
chr1	110164000	110164600	3
chr19	49993200	49993600	8
chr5	10857000	10858000	4
chr1	160178800	160182400	7
chr6	70576200	70577800	14
chr2	72375400	72376400	14
chr11	112831400	112835000	14
chrX	71524800	71527400	14
chr6	99279600	99290200	14
chr15	80697000	80698600	1
chr17	43044400	43045000	14
chr19	42365800	42367200	8
chr9	131647200	131649200	8
chr6	133136600	133138200	8
chr15	89901800	89902600	14
chr14	88788400	88790200	2
chr15	38857000	38857400	2
chr18	76745000	76746200	14
chr13	58203400	58207600	1
chr12	48576400	48578200	1
chr18	107400	108800	14
chr1	121355600	121356200	14
chr12	31079000	31080200	2
chr7	89748000	89749000	2
chr15	66544400	66546200	2
chr14	51559600	51562800	1
chr6	26249800	26251000	14
chrY	13479000	13479800	14
chr6	127835400	127838000	1
chr13	96742400	96743600	2
chr10	134349800	134350200	3
chrX	39868000	39868800	2
chr5	87954400	87957800	1
chr9	38424000	38424800	2
chr18	3447400	3448000	3
chr16	29816200	29816600	3
chr10	70660400	70660600	3
chr3	24870400	24872200	2
chr6	41471600	41472000	2
chr7	143058000	143062200	1
chr7	115850600	115852000	14
chrX	101975200	101975800	1
chr8	33456200	33458400	14
chr9	126770400	126771600	14
chr16	54961800	54962400	2
chr6	99290800	99293800	1
