chr7	64987600	65010200	20
chr19	53066800	53087200	20
chr4	79954400	79975200	2
chr9	34361000	34381600	23
chr15	65294600	65315000	1
chr17	43294400	43315000	11
chr11	65487400	65507600	22
chr4	112351200	112371800	20
chr19	45518000	45538600	13
chr5	180303800	180324400	22
chr1	7816800	7837400	11
chr19	58086800	58107000	4
chr19	18580000	18600800	1
chr17	7828000	7848400	22
chr15	39966200	39986800	13
chr17	51036800	51057200	1
chr17	42660200	42681400	11
chr3	65346400	65367000	22
chr20	35480400	35501200	3
chr16	2080800	2101800	1
chr19	15187800	15208200	11
chr5	37199000	37219400	22
chr17	51035600	51056400	13
chr11	65596800	65617400	22
chr2	144379400	144400000	11
chr3	197837800	197858200	13
chr5	141420400	141442000	22
chr20	37374800	37395000	11
chr7	23336800	23357200	22
chr19	45768800	45789600	9
chr5	180819600	180840200	20
chr9	95484000	95504800	9
chr19	51878400	51898600	22
chr19	15186200	15207200	11
chr19	47216000	47236200	1
chr3	149927000	149947200	12
chr19	38293600	38315200	11
chr15	23555800	23577000	22
chr6	58440200	58462000	22
chr22	38204600	38225000	16
chr19	56530000	56550200	4
chrX	3690000	3710400	1
chr12	121565800	121586400	9
chr5	140662600	140682800	11
chr16	31466000	31488000	11
chr8	60703800	60724400	1
chr11	65631600	65652600	11
chr19	45605800	45626600	13
chr14	99224400	99245400	21
chr1	179132600	179152800	4
chr17	21305800	21326200	11
chr10	101774000	101794200	11
chr17	7250200	7270400	11
chr6	28343800	28364200	9
chr19	18922000	18942600	2
chr17	49026000	49046200	13
chr17	17813600	17833800	1
chr8	8314200	8335400	11
chr19	15170800	15191000	11
chr19	12863000	12883600	22
chr11	63751800	63774000	3
chr5	78576000	78596400	20
chr7	130950400	130970800	22
chr19	56660400	56681200	22
chr19	47720000	47740200	9
chr19	49679000	49699200	23
chr8	47649400	47669600	1
chr18	58877200	58897800	11
chr2	231400200	231420600	21
chr19	13807800	13828200	22
chr19	56466200	56486400	4
chr19	58172000	58192200	4
chrX	131773600	131793800	22
chr12	6215800	6237000	3
chr8	8336800	8357400	10
chr12	0	20200	19
chr19	14396000	14416200	18
chr19	9488000	9508800	23
chr19	49920600	49940800	2
chr19	52574800	52595400	20
chr5	171997800	172018000	4
chr4	183108600	183129000	3
chr4	41248400	41269000	19
chr19	48239400	48259800	13
chr5	178110800	178131800	2
chr7	70726600	70747400	2
chr5	61398600	61418800	22
chr17	14297600	14317800	23
chr7	137872000	137892600	20
chr7	131498000	131518400	16
chr1	148879000	148899800	2
chrX	131806400	131827000	22
chr1	192800800	192821800	4
chr17	28702400	28722600	2
chr7	151115600	151136000	1
chr1	151146800	151167600	22
chr19	18424000	18444200	22
chr4	294000	314200	4
chr4	169650800	169671000	4
chr10	29428000	29448800	20
