chr15	25045853	25095853	20
chr19	58227634	58277634	20
chr12	133078814	133128814	20
chr19	58164233	58214434	20
chr4	424611	474611	1
chr19	36513098	36563098	20
chr19	36710498	36760498	20
chr19	57964232	58014232	20
chr19	57529832	57579832	20
chr19	56533231	56583432	20
chr19	56540031	56590232	20
chr19	58093633	58143633	20
chr12	133033214	133083214	20
chr19	23344598	23394598	20
chr19	58157433	58207634	20
chr4	411411	461411	20
chr19	51992747	52042747	20
chr12	133181414	133231414	20
chr21	10651656	10701656	21
chr10	38483472	38579469	21
chr19	36617898	36667898	20
chr10	38809669	38859669	21
chr12	34355665	34405665	21
chr19	52086947	52136947	4
chr5	180244000	180294000	20
chr19	51855347	51905347	20
chr19	36794698	36844698	20
chr12	132907414	132957414	20
chr22	36326155	36376155	9
chr19	38647160	38697160	2
chr22	36329155	36379155	9
chr15	92881570	92931570	1
chr19	37123498	37173498	20
chr19	36721298	36771298	20
chr19	52283947	52333947	1
chr8	143911832	143961832	1
chr15	92900370	92950370	20
chr22	46052320	46102320	22
chr12	34286065	34336065	21
chr19	56398831	56448831	20
chr14	21220441	21270441	1
chr10	79066643	79116643	1
chr21	10371256	10421256	21
chr22	36293754	36343955	9
chr4	40599	93913	20
chr20	35694878	35744878	1
chr7	130876641	130926641	9
chr19	15251389	15301389	9
chr19	38653360	38703360	9
chr10	119031888	119081888	4
chr19	15256189	15306189	9
chr19	36858698	36908698	20
chr19	43827048	43877048	20
chr12	132910814	132960814	20
chr19	36605298	36655298	20
chr10	79073443	79123443	6
chr17	82225324	82275324	3
chr12	133143814	133193814	20
chr14	73738497	73788497	3
chr17	40306348	40356348	11
chr19	52369547	52419547	20
chr20	31674397	31724397	1
chr17	38867347	38917347	1
chr16	31873079	31923079	20
chr4	336211	386211	4
chr21	34841503	34891503	1
chr19	55634034	55684034	1
chr11	62527528	62577528	1
chr17	20994687	21044687	1
chr19	37384098	37434098	20
chr14	68930683	68980683	3
chr11	62526328	62576328	1
chr12	53964416	54014416	3
chr19	1236801	1286801	1
chr1	2226561	2276561	1
chr19	37438098	37488098	1
chr17	1350906	1400906	2
chr19	57948432	57998432	20
chr16	70520897	70570897	4
chr12	110280195	110330195	1
chr15	67063862	67113862	1
chr12	120216397	120266397	22
chr17	77361918	77411918	3
chr19	9336924	9386924	20
chr19	36868898	36918898	20
chr1	19437506	19487506	1
chr9	131393013	131443013	1
chr17	17680686	17730686	1
chr17	7213881	7263881	1
chr17	77408118	77458118	9
chr14	61695082	61745082	1
chr1	19438506	19488506	1
chr15	67100862	67150862	9
chr19	42206648	42256648	1
chr19	53196547	53246547	20
chr2	89327643	89841190	21
chr19	37536098	37586299	20
chr7	73473270	73523270	1
chr17	17680086	17730086	1
chr3	9388116	9438116	1
