chr15	25296000	25321000	8
chr19	58700800	58725800	8
chr19	58753400	58778400	8
chr10	42373800	42398800	8
chr12	133616000	133641000	8
chr21	10782600	10807600	8
chr2	89855000	89880000	8
chr4	49635000	49660000	8
chr19	58481600	58506600	8
chr2	133011800	133036800	11
chr19	44977200	45002200	8
chr4	49098200	49123200	8
chr7	6718800	6743800	8
chr19	58629600	58654600	8
chr16	33942400	33967400	11
chr4	424400	449400	8
chr21	10807800	10832800	8
chr12	133674800	133699800	8
chr7	6713000	6738000	8
chr19	37028600	37053600	8
chr19	58042800	58067800	8
chr15	25321200	25346200	8
chr21	10835600	10860600	8
chr21	10833000	10858000	8
chr12	133760200	133785200	8
chr16	46388400	46413400	8
chr3	75766800	75791800	8
chr16	68584400	68609400	8
chr19	37197000	37222000	8
chr10	39128000	39153000	8
chr10	39116400	39141400	8
chr20	29808200	29833200	8
chr10	38793800	38818800	8
chr12	133711400	133736400	8
chr19	58624400	58649400	8
chr10	42793000	42818000	8
chr2	176943400	176968400	11
chr3	75765600	75790600	8
chr5	179674200	179699200	8
chr1	91171600	91196600	11
chr19	58679800	58704800	1
chr10	102487400	102512400	12
chr4	49400	74400	8
chr10	39076600	39101600	8
chr11	31820000	31845000	10
chr19	37300600	37325600	8
chr10	124890600	124915600	11
chr19	52808400	52833400	8
chr7	155240200	155265200	11
chr11	44324000	44349000	11
chr12	133502200	133527200	8
chr21	11108800	11133800	8
chr16	46410800	46435800	8
chr9	68402600	68427600	10
chr19	52519200	52544200	8
chr8	146051400	146076400	8
chr15	53074800	53099800	11
chr12	133569800	133594800	8
chr14	36971800	36996800	11
chr10	8075200	8100200	11
chr2	89836200	89861200	8
chr4	10094400	10119400	3
chr10	102973600	102998600	11
chr16	33931000	33956000	8
chr17	35283000	35308000	12
chr17	77764000	77789000	12
chr8	11546000	11571000	11
chr9	68406800	68431800	10
chr19	37365200	37390200	8
chr17	46687400	46712400	11
chr7	156791800	156816800	12
chr2	45158200	45183200	11
chr16	68588600	68613600	8
chr19	37115200	37140200	8
chr10	102880600	102905600	11
chr19	37114800	37139800	8
chr15	68109000	68134000	11
chr4	411800	436800	8
chr12	133628400	133653400	8
chr4	13524600	13549600	10
chr10	101279000	101304000	11
chr12	133567800	133592800	8
chr9	126758600	126783600	11
chr19	58471600	58496600	8
chr2	176968800	176993800	11
chr21	38060800	38085800	11
chr4	49143000	49168000	8
chr11	65251000	65276000	3
chr19	1250200	1275200	3
chr16	86526400	86551400	11
chr19	9625000	9650000	8
chr19	9670600	9695600	8
chr17	46808800	46833800	13
chr6	100042400	100067400	10
chr9	37019000	37044000	11
chr12	133769200	133794200	8
chr14	37112800	37137800	11
chr3	134069800	134094800	3
chr2	219844400	219869400	11
chr1	18955000	18980000	11
