chr7	5567800	5568000	3	11.5202	1	11.5202
chr6	32942400	32942600	3	11.2612	1	11.3079
chr5	172196200	172196400	3	11.0028	1	11.0993
chr14	35871800	35872000	3	11.0028	1	11.0777
chr22	39917600	39917800	3	10.7451	1	10.9248
chr1	145440400	145440600	3	10.7451	1	10.9248
chr17	39846200	39846400	3	10.7451	1	10.8943
chr11	65273000	65273200	3	10.4879	1	10.6825
chr17	79478200	79478400	3	10.2314	1	10.6508
chr3	186503400	186503600	3	10.4879	1	10.6237
chr10	3823400	3823600	3	10.2314	1	10.6182
chr1	234743200	234743400	3	10.2314	1	10.6046
chr11	122930200	122930400	3	9.72022	1	10.3755
chr13	45008600	45008800	3	9.97546	1	10.3598
chr19	13050800	13051000	3	9.72022	1	10.3498
chr19	49377400	49377600	3	9.97546	1	10.3413
chr12	56554000	56554200	3	9.97546	1	10.325
chr19	3984000	3984200	3	9.97546	1	10.2935
chr6	36565000	36565200	3	9.97546	1	10.2754
chr14	70235200	70235400	3	9.97546	1	10.2475
chr20	47896600	47896800	3	9.46566	1	10.225
chr20	42087800	42088000	3	9.46566	1	10.2014
chr1	35656400	35656600	3	9.46566	1	10.0251
chr19	18389800	18390000	3	9.46566	1	10.0175
chr14	102551800	102552000	3	9.46566	1	9.99575
chr19	14627000	14627200	3	9.46566	1	9.97523
chr5	179048800	179049000	3	9.21177	1	9.95446
chr8	82754600	82754800	11	9.09457	1	9.83101
chr8	146016600	146016800	3	9.46566	1	9.82929
chr14	69256200	69256400	3	8.9586	1	9.81308
chr16	89628200	89628400	3	9.21177	1	9.81303
chr17	73774600	73774800	3	8.70614	1	9.71969
chr11	62650400	62650600	3	8.20347	1	9.6788
chr22	50356600	50356800	3	9.46566	1	9.67785
chr1	150548000	150548200	3	8.9586	1	9.67117
chr10	74035000	74035200	3	8.70614	1	9.66951
chr14	103802000	103802200	3	9.21177	1	9.6402
chr11	61732600	61732800	3	8.9586	1	9.5773
chr1	121485200	121485400	11	8.39094	1	9.56424
chr19	2271800	2272000	3	8.70614	1	9.55068
chr16	30078600	30078800	3	8.70614	1	9.54466
chr2	232576600	232576800	3	8.45443	1	9.538
chr13	80911000	80911200	3	8.9586	1	9.52571
chr17	48940600	48940800	3	8.70614	1	9.50301
chr19	55898600	55898800	3	8.70614	1	9.4843
chrX	136520400	136520600	11	8.39094	1	9.48041
chr17	8065000	8065200	3	8.70614	1	9.47102
chr9	140136800	140137000	3	8.45443	1	9.44963
chr6	30584600	30584800	3	8.20347	1	9.43238
chr1	91853000	91853200	11	7.92535	1	9.42308
chr1	145075400	145075600	11	8.62481	1	9.42229
chr17	7477600	7477800	3	8.70614	1	9.41059
chr11	8705600	8705800	3	8.70614	1	9.40886
chr21	9827400	9827600	11	7.69366	1	9.35767
chr12	53777200	53777400	3	7.45537	1	9.33912
chr12	54676400	54676600	3	8.20347	1	9.3374
chr19	49469600	49469800	3	7.9533	1	9.317
chr19	50000800	50001000	3	8.70614	1	9.31222
chr1	203276800	203277000	3	8.20347	1	9.16617
chr19	59057400	59057600	3	7.70392	1	9.11568
chr19	39898600	39898800	3	8.20347	1	9.11527
chr17	56082800	56083000	3	7.70392	1	9.11184
chr17	7144400	7144600	3	7.9533	1	9.10976
chr9	128001600	128001800	3	7.9533	1	9.10398
chr11	66407600	66407800	3	7.9533	1	9.10398
chr12	6645400	6645600	3	8.20347	1	9.09462
chr20	26190000	26190200	11	7.92535	1	9.09364
chr12	125398200	125398400	3	7.45537	1	9.09044
chr6	35437600	35437800	3	7.70392	1	9.05392
chr9	68412600	68412800	11	7.46272	1	9.05387
chr3	157815600	157815800	11	7.00321	1	9.03995
chr8	70602400	70602600	11	6.3202	1	9.0268
chr5	71146800	71147000	11	6.3202	1	9.0268
chr19	42365400	42365600	3	8.20347	1	9.02349
chr9	136216000	136216200	3	7.70392	1	9.01336
chr2	91670000	91670200	11	8.62481	1	9.01117
chr7	99129200	99129400	8	8.99226	1	8.99226
chr7	5104200	5104400	8	8.99226	1	8.99226
chr3	75789400	75789600	8	8.99226	1	8.99226
chr3	196625600	196625800	8	8.99226	1	8.99226
chr19	9677200	9677400	8	8.99226	1	8.99226
chr19	7515600	7515800	8	8.99226	1	8.99226
chr19	58946600	58946800	8	8.99226	1	8.99226
chr19	58774200	58774400	8	8.99226	1	8.99226
chr19	58721400	58721600	8	8.99226	1	8.99226
chr19	58641000	58641200	8	8.99226	1	8.99226
chr19	58494400	58494600	8	8.99226	1	8.99226
chr19	58132000	58132200	8	8.99226	1	8.99226
chr19	57985600	57985800	8	8.99226	1	8.99226
chr19	52474800	52475000	8	8.99226	1	8.99226
chr19	52394600	52394800	8	8.99226	1	8.99226
chr19	44985200	44985400	8	8.99226	1	8.99226
chr19	35449000	35449200	8	8.99226	1	8.99226
chr19	12639400	12639600	8	8.99226	1	8.99226
chr16	46435400	46435600	8	8.99226	1	8.99226
chr16	46427600	46427800	8	8.99226	1	8.99226
chr16	46417200	46417400	8	8.99226	1	8.99226
chr16	46401600	46401800	8	8.99226	1	8.99226
chr16	46396600	46396800	8	8.99226	1	8.99226
chr16	3458800	3459000	8	8.99226	1	8.99226
