chr8	84774200	84799200	6
chr3	88198200	88223200	6
chr6	6850200	6875200	6
chr13	78169600	78194600	3
chr11	98315800	98340800	6
chr7	79496000	79521000	6
chr7	79508000	79533000	6
chr7	70325200	70350200	7
chr3	34642200	34667200	6
chr11	24076200	24101200	6
chr9	91362800	91387800	3
chr3	88209400	88234400	6
chr2	71523400	71548400	3
chr9	91360200	91385200	6
chr7	70345800	70370800	6
chr11	3130600	3155600	6
chr4	82490400	82515400	6
chr9	91369600	91394600	3
chr12	107975400	108000400	6
chr5	111413800	111438800	6
chr11	3175000	3200000	12
chr17	85605800	85630800	6
chr15	85654200	85679200	6
chr11	119034000	119059000	12
chr8	84701000	84726000	6
chr15	85660000	85685000	6
chr11	119033800	119058800	12
chr2	105665800	105690800	6
chr2	38335200	38360200	3
chr14	122461200	122486200	3
chr1	42684600	42709600	9
chr2	105665000	105690000	6
chr8	108695000	108720000	7
chr8	84728000	84753000	3
chr8	84754000	84779000	6
chr2	116051600	116076600	6
chr8	108693600	108718600	7
chr12	49373000	49398000	6
chr8	12379400	12404400	6
chr12	56516200	56541200	3
chr12	56516000	56541000	3
chr17	85609000	85634000	6
chr5	106447600	106472600	3
chr5	106447200	106472200	3
chr18	37746800	37771800	6
chr13	83721200	83746200	6
chr11	24070600	24095600	6
chr10	80136400	80161400	6
chr18	69590000	69615000	6
chr2	26480000	26505000	6
chr14	48651200	48676200	2
chr1	56962800	56987800	3
chr2	36086600	36111600	3
chr18	37751400	37776400	6
chr4	22475000	22500000	7
chr2	36085800	36110800	3
chr19	59448400	59473400	6
chr5	139535200	139560200	12
chr13	116291400	116316400	3
chr10	80135200	80160200	6
chr7	137298800	137323800	4
chr2	105657600	105682600	3
chr12	86877400	86902400	9
chr2	165865000	165890000	6
chr10	127508800	127533800	5
chr2	45093200	45118200	6
chr5	75065800	75090800	3
chrX	12066400	12091400	6
chr15	98967800	98992800	6
chrX	12066600	12091600	6
chr12	117148400	117173400	6
chr1	77492600	77517600	6
chr9	61361800	61386800	9
chr12	107959800	107984800	6
chr9	41576000	41601000	6
chr8	84786800	84811800	6
chr1	77492200	77517200	6
chr12	117150800	117175800	6
chr18	37805000	37830000	6
chr8	70486600	70511600	7
chr6	23239800	23264800	1
chr1	77491600	77516600	6
chr2	30701800	30726800	6
chr9	118465600	118490600	3
chr2	147173800	147198800	3
chr3	127622800	127647800	6
chr5	142800200	142825200	6
chr8	120485200	120510200	6
chr11	84512400	84537400	9
chr2	26485200	26510200	6
chr2	73261000	73286000	6
chr16	91213600	91238600	3
chr14	64573800	64598800	2
chr11	69396200	69421200	6
chr1	56958200	56983200	3
chr15	85667400	85692400	6
chr12	86800600	86825600	6
chr8	105254600	105279600	3
chr5	123131400	123156400	6
chr9	44477400	44502400	6
