chr5	141410400	141451800	23
chrX	131690800	131731400	22
chr12	57215000	57255400	11
chr7	137862000	137902600	20
chr14	49579600	49619800	1
chr19	57984000	58024800	4
chr19	57663400	57704000	4
chr19	58164400	58204800	20
chr22	46514800	46555800	24
chrX	131720800	131761400	1
chr16	89974000	90016200	11
chr17	8166800	8207200	1
chr15	72178200	72218400	11
chr19	57595400	57636200	20
chr5	141298600	141339600	20
chr7	64978600	65019800	20
chr12	57193400	57234000	23
chr19	58210000	58250200	4
chr17	8206200	8247000	1
chr19	57557400	57597600	20
chrX	131796400	131837200	1
chr19	57455800	57496600	4
chr16	81075200	81115400	1
chr5	172745200	172785400	13
chr11	65477400	65517600	22
chr2	121511400	121551600	1
chr11	72990400	73030800	20
chr19	20639000	20680000	4
chr7	5503800	5545400	11
chrX	53061400	53101800	22
chrX	131721600	131762000	1
chr19	57981000	58021200	4
chr12	94404800	94445000	22
chr1	758200	798400	1
chr19	9653600	9693800	20
chrX	131726400	131766600	1
chr15	64711200	64751400	16
chr5	141399200	141440000	20
chrX	131773000	131813200	1
chrX	131732400	131773400	1
chr12	123922000	123962400	20
chr17	8167400	8207800	13
chrX	131726800	131767400	1
chr5	141630600	141670800	16
chrX	131758600	131798800	1
chr19	57728200	57768800	4
chr19	57565000	57605400	4
chr4	653000	693200	11
chr1	23339400	23380800	20
chr1	174970400	175010800	1
chr22	50424600	50465400	11
chr17	40148200	40188600	11
chr1	8838000	8879600	11
chr7	5989600	6029800	4
chr19	52376400	52416800	4
chr19	56520000	56560200	4
chr5	141401600	141442000	23
chr12	26811600	26851800	22
chr7	102458200	102498600	22
chr7	856200	896400	22
chr7	2611600	2651800	22
chr7	2824200	2864400	22
chr7	6805200	6846000	22
chr7	1439400	1479600	22
chr17	21023000	21063200	22
chr8	211600	252200	22
chr8	98805600	98845800	22
chr7	76441600	76482000	22
chr17	58063200	58103400	22
chr17	15542800	15583000	22
chr8	56191400	56231600	22
chr8	28602400	28642600	22
chr8	22579000	22619400	22
chr8	145032200	145072400	22
chr8	12417400	12457600	22
chr8	12581200	12621400	22
chr8	1743400	1783600	22
chr9	8800	49200	22
chr9	105499600	105539800	22
chr8	142757200	142797400	22
chr7	152443600	152483800	22
chr7	75137000	75177200	22
chr7	75422000	75462400	22
chr21	45535000	45575400	22
chr21	44318600	44358800	22
chr21	43407000	43447200	22
chr21	42954200	42994400	22
chr21	36136400	36176600	22
chr6	4115600	4155800	22
chr6	166607200	166647400	22
chr6	87303200	87343400	22
chr20	1205600	1245800	22
chr17	80240600	80280800	22
chr7	75719000	75759200	22
chr17	39932800	39973000	22
chr17	44948200	44988400	22
chr17	45031600	45072000	22
chr17	45600800	45641000	22
chr17	82002800	82043000	22
chr7	143816600	143857400	22
