chr6	30584600	30584800	3	9.89495	1	(3,3)	5.96569	1	14.5402
chr11	65269200	65269400	3	9.89495	1	(3,3)	5.96569	1	14.5402
chr17	79478400	79478600	3	11.1129	1	(3,3)	8.2125	1	14.2776
chr19	54928400	54928600	3	8.56559	1	(3,11)	7.50264	1	14.2289
chr20	47897200	47897400	3	12.4821	1	(3,3)	10.849	1	14.1153
chr11	65271800	65272000	3	12.4821	1	(3,3)	10.849	1	14.1153
chr1	145440000	145440200	3	12.4821	1	(3,3)	10.849	1	14.1153
chr8	146016400	146016600	3	13.8832	1	(3,3)	13.8832	1	13.8832
chr7	5568600	5568800	3	13.8832	1	(3,3)	13.8832	1	13.8832
chr7	26236800	26237000	3	13.8832	1	(3,3)	13.8832	1	13.8832
chr6	36566600	36566800	3	13.8832	1	(3,3)	13.8832	1	13.8832
chr6	32942600	32942800	3	13.8832	1	(3,3)	13.8832	1	13.8832
chr5	179047800	179048000	3	13.8832	1	(3,3)	13.8832	1	13.8832
chr5	172196400	172196600	3	13.8832	1	(3,3)	13.8832	1	13.8832
chr3	186503600	186503800	3	13.8832	1	(3,3)	13.8832	1	13.8832
chr22	39917800	39918000	3	13.8832	1	(3,3)	13.8832	1	13.8832
chr20	34328400	34328600	3	13.8832	1	(3,3)	13.8832	1	13.8832
chr19	55898600	55898800	3	13.8832	1	(3,3)	13.8832	1	13.8832
chr19	18389800	18390000	3	13.8832	1	(3,3)	13.8832	1	13.8832
chr19	13050800	13051000	3	13.8832	1	(3,3)	13.8832	1	13.8832
chr17	74731600	74731800	3	13.8832	1	(3,3)	13.8832	1	13.8832
chr17	62500600	62500800	3	13.8832	1	(3,3)	13.8832	1	13.8832
chr17	56082800	56083000	3	13.8832	1	(3,3)	13.8832	1	13.8832
chr17	39846400	39846600	3	13.8832	1	(3,3)	13.8832	1	13.8832
chr17	16286600	16286800	3	13.8832	1	(3,3)	13.8832	1	13.8832
chr16	89628400	89628600	3	13.8832	1	(3,3)	13.8832	1	13.8832
chr14	70235600	70235800	3	13.8832	1	(3,3)	13.8832	1	13.8832
chr14	35871800	35872000	3	13.8832	1	(3,3)	13.8832	1	13.8832
chr14	103802200	103802400	3	13.8832	1	(3,3)	13.8832	1	13.8832
chr14	102552000	102552200	3	13.8832	1	(3,3)	13.8832	1	13.8832
chr13	45008600	45008800	3	13.8832	1	(3,3)	13.8832	1	13.8832
chr12	46763200	46763400	3	13.8832	1	(3,3)	13.8832	1	13.8832
chr1	200378000	200378200	3	13.8832	1	(3,3)	13.8832	1	13.8832
chr11	66408000	66408200	3	13.8832	1	(3,3)	13.8832	1	13.8832
chr1	150548200	150548400	3	13.8832	1	(3,3)	13.8832	1	13.8832
chr11	122930200	122930400	3	13.8832	1	(3,3)	13.8832	1	13.8832
chr1	11074000	11074200	3	13.8832	1	(3,3)	13.8832	1	13.8832
chr10	3823200	3823400	3	13.8832	1	(3,3)	13.8832	1	13.8832
chr19	36066600	36066800	11	9.51177	1	(9,11)	5.76052	1	13.8645
chr16	3454000	3454200	8	7.62834	1	(3,8)	9.46476	1	13.8242
chr2	133012800	133013000	11	8.19614	1	(8,11)	8.89869	1	13.6276
chr17	41400400	41400600	11	8.19614	1	(8,11)	8.89869	1	13.6276
chr16	33953200	33953400	11	8.19614	1	(8,11)	8.89869	1	13.6276
chr16	14580800	14581000	11	8.19614	1	(8,11)	8.89869	1	13.6276
chr12	34372600	34372800	11	8.27727	1	(9,11)	4.87829	1	13.5934
chr8	70602400	70602600	11	9.32026	1	(8,11)	7.69646	1	13.5929
chr5	71146800	71147000	11	9.32026	1	(8,11)	7.69646	1	13.5929
chr4	54400	54600	11	9.32026	1	(8,11)	7.69646	1	13.5929
chr20	29611200	29611400	11	9.32026	1	(8,11)	7.69646	1	13.5929
chr1	91853000	91853200	11	9.32026	1	(8,11)	7.69646	1	13.5929
chr1	32800000	32800200	3	10.7658	1	(3,3)	8.2125	1	13.4848
chr9	79186800	79187000	11	7.01896	1	(8,11)	9.30219	1	13.4707
chr17	73774400	73774600	3	10.749	1	(3,3)	8.2125	1	13.4687
chr1	234743400	234743600	3	10.749	1	(3,3)	8.2125	1	13.4687
chr2	133023600	133023800	8	7.5826	1	(8,12)	7.44231	1	13.4538
chr21	9827400	9827600	11	10.4165	1	(11,11)	7.5543	1	13.385
chr10	98561400	98561600	11	10.4165	1	(11,11)	7.5543	1	13.385
chr3	156876000	156876200	3	12.1034	1	(3,3)	10.849	1	13.3578
chr12	49580000	49580200	3	12.1034	1	(3,3)	10.849	1	13.3578
chr20	47899400	47899600	3	6.73452	1	(3,8)	5.68945	1	13.2995
chr16	89789600	89789800	3	12.0585	1	(3,3)	10.849	1	13.2679
chr11	61732400	61732600	3	12.0585	1	(3,3)	10.849	1	13.2679
chr19	46145000	46145200	3	8.16077	1	(3,3)	4.0994	1	13.2441
chr16	33955800	33956000	11	7.03909	1	(8,11)	5.33566	1	13.2141
chr16	33957400	33957600	11	6.96335	1	(8,11)	7.29867	1	13.1849
chrX	108297800	108298000	11	6.5521	1	(8,11)	7.29867	1	13.1794
chr19	18124400	18124600	3	8.14758	1	(3,3)	4.0994	1	13.178
chr9	140084400	140084600	3	12.0128	1	(3,3)	10.849	1	13.1767
chr8	144898600	144898800	3	12.0128	1	(3,3)	10.849	1	13.1767
chr3	50394200	50394400	3	12.0128	1	(3,3)	10.849	1	13.1767
chr22	50356800	50357000	3	12.0128	1	(3,3)	10.849	1	13.1767
chr2	232577000	232577200	3	12.0128	1	(3,3)	10.849	1	13.1767
chr19	5621000	5621200	3	12.0128	1	(3,3)	10.849	1	13.1767
chr19	49470000	49470200	3	12.0128	1	(3,3)	10.849	1	13.1767
chr19	2271800	2272000	3	12.0128	1	(3,3)	10.849	1	13.1767
chr19	14627000	14627200	3	12.0128	1	(3,3)	10.849	1	13.1767
chr19	1271200	1271400	3	12.0128	1	(3,3)	10.849	1	13.1767
chr17	8064600	8064800	3	12.0128	1	(3,3)	10.849	1	13.1767
chr17	7144000	7144200	3	12.0128	1	(3,3)	10.849	1	13.1767
chr17	48940400	48940600	3	12.0128	1	(3,3)	10.849	1	13.1767
chr13	80911400	80911600	3	12.0128	1	(3,3)	10.849	1	13.1767
chr12	6645600	6645800	3	12.0128	1	(3,3)	10.849	1	13.1767
chr12	56554200	56554400	3	12.0128	1	(3,3)	10.849	1	13.1767
chr1	182357400	182357600	3	12.0128	1	(3,3)	10.849	1	13.1767
chr11	65429000	65429200	3	12.0128	1	(3,3)	10.849	1	13.1767
chr3	50128200	50128400	3	11.992	1	(3,3)	10.849	1	13.1349
chr2	85769200	85769400	3	11.992	1	(3,3)	10.849	1	13.1349
chr20	30307000	30307200	3	11.992	1	(3,3)	10.849	1	13.1349
chr19	5625400	5625600	3	11.992	1	(3,3)	10.849	1	13.1349
chr19	49379000	49379200	3	11.992	1	(3,3)	10.849	1	13.1349
chr17	7478000	7478200	3	11.992	1	(3,3)	10.849	1	13.1349
chr15	44085800	44086000	3	11.992	1	(3,3)	10.849	1	13.1349
chr14	94545200	94545400	3	11.992	1	(3,3)	10.849	1	13.1349
chr1	36180800	36181000	3	11.992	1	(3,3)	10.849	1	13.1349
chr12	125396000	125396200	3	11.992	1	(3,3)	10.849	1	13.1349
chr11	62651200	62651400	3	11.992	1	(3,3)	10.849	1	13.1349
chr17	41401000	41401200	12	5.19263	1	(8,12)	4.80555	1	13.1205
chr6	58779000	58779200	8	7.34531	1	(8,11)	8.89869	1	13.1171
chr2	133029200	133029400	8	7.34531	1	(8,11)	8.89869	1	13.1171
chr17	41382000	41382200	8	7.34531	1	(8,11)	8.89869	1	13.1171
