chr7	131533441	131558441	8
chr8	71671365	71696365	8
chr1	232115654	232140654	8
chr8	30383084	30408084	8
chr16	73031501	73056501	15
chr1	18629906	18654906	15
chr2	44925061	44950061	14
chr15	52782203	52807203	15
chr11	31803052	31828253	14
chr3	147389013	147414013	15
chr10	8039837	8064837	14
chr3	147384013	147409013	14
chr1	26408709	26433709	8
chr5	51375566	51400566	14
chr14	56794082	56819082	3
chr1	18626106	18651106	15
chr5	88670982	88696183	14
chr1	90706043	90731043	14
chr20	22556162	22581162	15
chr4	110618044	110643044	14
chr10	75392442	75417442	14
chrX	40083947	40108947	15
chr6	10402167	10427167	14
chrX	40084947	40109947	15
chr17	79788201	79813201	15
chr1	90703843	90728843	14
chr17	79787801	79812801	15
chr14	38188995	38213995	8
chr15	96320771	96345771	14
chr20	32760594	32785594	3
chr17	79787601	79812601	2
chr14	38188595	38213595	8
chr20	49269663	49294663	8
chr9	128381321	128406321	14
chr20	49270063	49295063	8
chr2	104842942	104867942	14
chr9	123997321	124022321	14
chr15	52785603	52810603	15
chr9	123996121	124021121	14
chr14	60635482	60660482	14
chr12	114664395	114689395	14
chr1	232111054	232136054	8
chr10	75397242	75422242	14
chr10	123131084	123156084	14
chr6	98823724	98848724	14
chr9	126607721	126632721	14
chr11	124738304	124763304	14
chr1	232110854	232135854	8
chr14	38187795	38212795	8
chr2	104843742	104868742	14
chr1	118979177	119004177	14
chr16	73021301	73046301	15
chr2	236155756	236180957	15
chr2	63840866	63865866	3
chr1	118976777	119001777	14
chr10	99516443	99541443	15
chr6	10383767	10408767	15
chr1	42931929	42956929	4
chr2	63840266	63865266	1
chr2	172082472	172107472	14
chr2	118831624	118856624	14
chr7	97000888	97025888	14
chr6	143952063	143977063	15
chr6	50822087	50847087	14
chr6	100446524	100471524	14
chr8	38429882	38454882	8
chr4	84479047	84504047	14
chr16	67150897	67175897	14
chr15	67816862	67841862	14
chr13	99973146	99998146	14
chr14	37579395	37604395	14
chrX	24999683	25024683	14
chr6	1604165	1629165	14
chr2	74495473	74520473	14
chr4	13524976	13549976	14
chr12	113460795	113485795	14
chr15	96341171	96366171	14
chr12	114661395	114686395	15
chr1	47428128	47453128	14
chr5	93569494	93594494	14
chr13	112051686	112076686	14
chr1	918220	943220	14
chr8	23693887	23718887	14
chr1	220874258	220899258	14
chr3	27709909	27734909	14
chr12	114680595	114705595	15
chr2	64250866	64275866	8
chr12	47999217	48024217	14
chr3	128472957	128497957	14
chr6	28764023	28789023	14
chr2	174322072	174347072	14
chr1	38985128	39010128	8
chr7	69597014	69622014	14
chr4	54087033	54112033	14
chr15	37090799	37115799	14
chr4	80182446	80207446	14
chr14	36502595	36527595	14
chr10	117151089	117176089	14
chr2	176168072	176193072	14
chr6	41538462	41563462	15
