chr5	151668839	151678839	8
chr7	94408888	94418888	8
chr7	94398688	94408688	8
chr12	46359817	46369817	8
chr17	50189039	50199039	8
chr2	215416077	215426077	8
chr15	39584799	39594799	8
chr5	149414437	149424437	8
chr5	136032711	136042711	8
chr10	62051241	62061241	8
chr15	60372401	60382401	8
chr14	52871482	52881482	8
chr22	36323155	36333155	8
chr11	65431329	65441329	8
chr18	48935230	48945230	8
chr9	95017118	95027118	8
chr4	118757645	118767645	8
chr7	134929049	134939049	8
chr2	215393677	215403677	8
chr6	36596823	36606823	8
chr6	75095284	75105284	8
chr7	134807849	134817849	8
chr7	94419088	94429088	8
chr17	64497682	64507682	8
chr7	137876654	137886654	8
chr11	122087892	122097892	8
chr15	60355601	60365601	8
chr2	150467286	150477286	8
chr5	136049911	136059911	8
chr2	215426477	215436477	8
chr10	3775808	3785808	8
chr3	112623153	112633153	8
chr22	46101720	46111720	8
chr22	46084320	46094320	8
chr10	17228001	17238001	8
chr14	61722682	61732682	8
chr6	75163884	75173884	8
chr5	173315997	173325997	8
chr21	34874503	34884503	8
chr12	57141417	57151417	8
chr15	48463803	48473803	8
chr7	134939849	134949849	8
chr14	61727682	61737682	8
chr5	122067905	122077905	8
chr20	49278263	49288263	8
chr15	48407403	48417403	8
chr16	55493688	55503688	8
chr10	62066441	62076441	8
chr22	36333355	36343355	8
chr6	75113284	75123284	8
chr14	61740082	61750082	8
chr15	60353001	60363001	8
chr11	114295278	114305278	8
chr1	150570724	150580724	8
chr4	10107776	10117776	8
chr15	48466003	48476003	8
chr4	137520646	137530646	8
chr3	120437553	120447553	8
chr11	93732834	93742834	8
chr11	128462905	128472905	8
chr4	133143245	133153245	14
chr15	88900369	88910369	8
chr15	48599603	48609603	8
chr3	101848956	101858956	8
chr11	122091292	122101292	8
chr3	156676011	156686011	8
chr15	63056201	63066201	8
chr1	8867341	8877341	8
chr6	75149084	75159084	8
chr6	75089084	75099084	8
chr15	88899769	88909769	8
chr14	61741882	61751882	8
chr4	10091976	10101976	8
chr9	72355284	72365284	8
chr11	62880328	62890328	8
chr20	35731078	35741078	8
chr2	28400133	28410133	8
chr15	48581203	48591203	8
chr15	60382601	60392601	8
chr5	151679039	151689039	8
chr15	92881970	92891970	8
chr1	200400872	200410872	8
chr18	12308401	12318401	8
chr4	77031447	77041447	8
chr14	52876482	52886482	8
chr4	95541249	95551249	14
chr15	48599003	48609003	8
chr15	48418203	48428203	8
chr7	134942449	134952449	8
chr11	114307078	114317078	8
chr9	121317122	121327122	8
chr19	13833186	13843186	8
chr4	77005447	77015447	8
chr4	118825845	118835845	8
chr6	134168862	134178862	8
chr6	30716423	30726423	8
chr22	36337755	36347755	8
chr7	94392088	94402088	8
chr3	4977115	4987115	8
chr7	26192980	26202980	8
