chr11	3148200	3158200	12
chr2	165878600	165888600	6
chr11	3179000	3189000	6
chr11	3159800	3169800	6
chr2	165876400	165886400	6
chr11	3190000	3200000	6
chr11	98742400	98752400	6
chr12	86888000	86898000	6
chr12	86888200	86898200	6
chr18	37746800	37756800	14
chr10	80151800	80161800	6
chr16	18581200	18591200	3
chr9	3026600	3036600	6
chr6	88189400	88199400	3
chr1	88248400	88258400	14
chr6	88189000	88199000	3
chr7	79506600	79516600	3
chr8	126659400	126669400	6
chr12	73044200	73054200	3
chr8	69880000	69890000	3
chr11	96337000	96347000	6
chr19	37691200	37701200	3
chr8	70487600	70497600	3
chr3	88200400	88210400	3
chr1	155738200	155748200	3
chr10	80150000	80160000	6
chr9	107624200	107634200	5
chr1	88275400	88285400	4
chr18	37761600	37771600	6
chr7	131542000	131552000	3
chr1	88211200	88221200	14
chr5	107719200	107729200	3
chr5	35382600	35392600	3
chr4	109974200	109984200	3
chr13	73262600	73272600	3
chr12	56690600	56700600	3
chr8	121082800	121092800	3
chr9	63140000	63150000	3
chr9	44485200	44495200	6
chr15	102970200	102980200	3
chr19	16868400	16878400	3
chr11	98739200	98749200	6
chr19	5840600	5850600	6
chr6	6854400	6864400	3
chr5	119832600	119842600	13
chr2	74696400	74706400	3
chr3	129199200	129209200	3
chr1	89922400	89932400	3
chr11	95140600	95150600	3
chr15	102998400	103008400	3
chr19	46499400	46509400	12
chr2	71528200	71538200	3
chr3	88140800	88150800	12
chr4	99648200	99658200	3
chr4	89286000	89296000	3
chr19	5802800	5812800	6
chr13	65258200	65268200	9
chr9	98950400	98960400	3
chr13	56249600	56259600	3
chr11	96256600	96266600	13
chr11	85885600	85895600	3
chr2	33632600	33642600	3
chr10	50892600	50902600	3
chr11	96319000	96329000	13
chr3	99244600	99254600	3
chr6	83710600	83720600	3
chr6	84580600	84590600	3
chr15	75996400	76006400	3
chr12	72938000	72948000	3
chr13	48656400	48666400	3
chr17	85684800	85694800	3
chr5	41758600	41768600	3
chr13	40733000	40743000	3
chr2	147178000	147188000	3
chr5	28160600	28170600	3
chr10	80155600	80165600	6
chr2	74646400	74656400	3
chr4	115934400	115944400	3
chr4	152116400	152126400	3
chr9	24772200	24782200	3
chr17	26841200	26851200	3
chr10	82144600	82154600	14
chr10	80488800	80498800	3
chr4	46342000	46352000	3
chr1	42689600	42699600	3
chr6	52208000	52218000	3
chr13	83719400	83729400	3
chr18	37714800	37724800	2
chr5	37816600	37826600	3
chr8	57319200	57329200	3
chr13	112986800	112996800	3
chr2	38343000	38353000	3
chr14	104464200	104474200	3
chr5	147185200	147195200	3
chr2	74672600	74682600	3
chr5	67221800	67231800	3
chr13	94702200	94712200	3
chr1	85586600	85596600	14
chr4	44703600	44713600	3
chr1	42688800	42698800	3
