chr15	25045853	25095853	20
chr12	133096614	133146614	20
chr4	424611	474611	20
chr19	51858947	51908947	18
chr22	36325355	36375355	9
chr19	38647160	38697160	9
chr22	36319155	36369155	9
chr3	32819708	32869708	9
chr20	47310056	47360056	9
chr20	47306056	47356056	9
chr19	36511698	36561698	4
chr3	32836708	32886708	9
chr8	30382484	30432484	9
chr19	38660760	38710760	9
chr10	125113031	125163031	9
chr9	131392613	131442613	9
chr3	32839908	32889908	9
chr8	127806354	127856354	9
chr21	10676656	10726656	22
chr21	10674656	10724656	22
chr6	15242369	15292369	9
chrX	40061947	40111947	22
chr8	127808954	127858954	9
chr15	92880970	92930970	22
chr14	21220441	21270441	9
chr9	131396613	131446613	9
chr20	47299256	47349256	9
chr19	58164233	58214434	20
chr1	27556489	27606489	9
chr17	77432118	77482118	9
chr17	77432518	77482518	9
chr8	143911232	143961232	9
chr19	36706098	36756098	20
chr7	131509041	131559041	9
chr3	185779212	185829212	20
chr11	12675253	12725253	9
chr20	62905048	62955048	9
chr19	23335398	23385398	20
chr19	58235834	58285834	20
chr14	68930683	68980683	9
chr19	20077591	20127591	9
chr19	57960232	58010232	20
chr8	127852154	127902154	9
chr12	133146814	133196814	20
chr19	57529832	57579832	20
chr8	38424882	38474882	9
chr5	116527104	116577104	9
chr5	139636015	139686015	9
chr1	26691909	26741909	9
chr6	15357769	15407769	4
chr17	77445318	77495318	11
chr1	2229161	2279161	9
chr4	24535177	24585177	1
chr10	119031088	119081088	4
chr15	72195459	72245459	9
chr7	157335106	157385106	9
chr15	98646171	98696171	9
chr3	185783412	185833412	20
chr1	56530128	56580327	4
chr19	15245389	15295389	10
chr2	63839666	63889666	9
chr3	58007673	58057673	9
chr19	52287747	52337747	1
chr3	172126410	172176410	9
chr1	27561089	27611089	9
chr19	4368003	4418003	9
chr8	30414084	30464084	9
chr22	40176596	40226596	9
chr2	36354257	36404257	9
chr2	207118276	207168276	9
chr12	133031014	133081014	1
chr3	9388316	9438316	9
chr10	41840208	42106552	22
chr17	79793801	79843801	22
chr4	87005648	87055648	9
chr12	132967614	133017614	4
chr12	120216197	120266197	22
chr19	1230601	1280601	9
chr12	110279595	110329595	9
chr17	20994687	21044687	22
chr14	68903683	68953683	10
chr5	154753440	154803440	9
chr19	58159233	58209434	20
chr5	14141891	14191891	9
chr4	128809245	128859245	9
chr6	158770568	158820568	9
chr17	48990238	49040238	18
chr8	143928832	143978832	9
chr6	15416769	15466769	10
chr12	124496654	124546654	9
chr19	55634234	55684234	9
chr19	15256389	15306389	10
chr5	14220291	14270291	9
chr17	46144434	46194434	9
chr10	112948641	112998641	9
chr10	21494071	21544071	1
chr12	124496254	124546254	9
chr20	35693878	35743878	9
chr1	54285927	54335927	9
chr19	19444591	19494591	9
