chr15	25296400	25321400	8
chr19	58700800	58725800	8
chr19	58753400	58778400	8
chr10	42375600	42400600	8
chr19	44980000	45005000	1
chr12	133616400	133641400	8
chr19	58481200	58506200	8
chr19	58629600	58654600	8
chr2	89855000	89880000	8
chr4	49635000	49660000	8
chr21	10782800	10807800	8
chr4	49098200	49123200	8
chr19	52803400	52828400	8
chr5	179671400	179696400	8
chr16	33942400	33967400	8
chr12	133758000	133783000	8
chr7	6722000	6747000	1
chr12	133658800	133683800	8
chr17	77764200	77789200	11
chr19	58043000	58068000	8
chr19	58623800	58648800	8
chr19	1248000	1273000	3
chr16	46386000	46411000	8
chr10	124890200	124915200	11
chr19	1247400	1272400	3
chr15	25321600	25346600	8
chr16	68584400	68609400	8
chr12	133625600	133650600	8
chr19	37196800	37221800	8
chr8	146051400	146076400	1
chr4	427600	452600	8
chr3	75766600	75791600	8
chr10	102487800	102512800	11
chr11	31820000	31845000	11
chr1	91171400	91196400	11
chr2	172946800	172971800	10
chr2	176943400	176968400	11
chr19	37029000	37054000	8
chr9	126759400	126784400	11
chr7	155240200	155265200	11
chr10	8074800	8099800	11
chr12	133569800	133594800	8
chr16	68586800	68611800	8
chr21	11106400	11131400	8
chr7	6712400	6737400	8
chr17	77770400	77795400	11
chr21	10808000	10833000	8
chr11	44323800	44348800	11
chr15	68109000	68134000	11
chr12	133505200	133530200	8
chr12	122230600	122255600	1
chr10	102973600	102998600	11
chr21	10833000	10858000	8
chr2	133010000	133035000	11
chr12	133709800	133734800	8
chr3	75777800	75802800	8
chr2	119592600	119617600	11
chr17	46687400	46712400	11
chr19	58679400	58704400	8
chr2	219844400	219869400	11
chr10	39117400	39142400	8
chr10	39128400	39153400	8
chr16	86526400	86551400	11
chr9	37018800	37043800	11
chr15	53074800	53099800	10
chr19	58472400	58497400	8
chr14	36971800	36996800	11
chr17	35285400	35310400	1
chr19	37298800	37323800	8
chr12	122232400	122257400	1
chr4	4852800	4877800	10
chr2	45158200	45183200	11
chr17	35287000	35312000	1
chr15	68110400	68135400	11
chr10	119290400	119315400	11
chr7	156792200	156817200	11
chr19	52519400	52544400	8
chr10	102880600	102905600	11
chr10	38794000	38819000	8
chr19	1245000	1270000	3
chr12	133767400	133792400	8
chr15	89899400	89924400	10
chr19	37231200	37256200	8
chr4	13524600	13549600	10
chr5	87967000	87992000	11
chr20	29807400	29832400	8
chr4	49144400	49169400	8
chr19	52465400	52490400	1
chr2	89841400	89866400	8
chr19	9624800	9649800	8
chr8	11543200	11568200	11
chr19	58078400	58103400	8
chr10	42793000	42818000	8
chr11	118776600	118801600	1
chr7	27221000	27246000	10
chr6	100042600	100067600	11
chr19	7069000	7094000	8
chr19	44965200	44990200	8
chr4	10094400	10119400	3
chr16	46403200	46428200	8
