chr10	14603801	14604001	10	11.3625	1	(10,14)	9.656	1	16.1905
chr3	196898729	196898929	8	7.8522	1	(8,14)	12.586	1	15.613
chrX	154443253	154443453	10	10.6452	1	(10,15)	8.22129	1	14.7558
chr10	92692643	92692843	8	10.086	1	(8,14)	9.232	1	14.702
chr18	9708203	9708403	10	7.31879	1	(10,14)	6.24235	1	14.5867
chr6	393800	394000	14	9.81175	1	(8,14)	9.232	1	14.4278
chr14	75280097	75280297	14	9.81175	1	(8,14)	9.232	1	14.4278
chr19	16326789	16326989	8	7.05274	1	(8,14)	5.95968	1	14.4094
chr1	143720144	143720344	10	7.36775	1	(10,14)	6.24235	1	14.4007
chr13	48320864	48321064	2	6.30907	1	(2,7)	5.74986	1	14.2849
chr17	47137234	47137434	14	6.72426	1	(8,14)	5.95968	1	14.2824
chr3	196898929	196899129	2	7.09751	1	(2,7)	5.74986	1	14.1536
chr6	32442623	32442823	8	9.79526	1	(2,8)	8.65048	1	14.1205
chr6	29944023	29944223	8	9.79526	1	(2,8)	8.65048	1	14.1205
chr12	12719466	12719666	8	9.79526	1	(2,8)	8.65048	1	14.1205
chr1	150577524	150577724	8	9.79526	1	(2,8)	8.65048	1	14.1205
chrX	49043674	49043874	10	14.0691	1	(10,10)	14.0691	1	14.0691
chrX	49002990	49003190	10	14.0691	1	(10,10)	14.0691	1	14.0691
chrX	154379040	154379240	10	14.0691	1	(10,10)	14.0691	1	14.0691
chr9	127736921	127737121	10	14.0691	1	(10,10)	14.0691	1	14.0691
chr5	178239599	178239799	10	14.0691	1	(10,10)	14.0691	1	14.0691
chr5	141605233	141605433	10	14.0691	1	(10,10)	14.0691	1	14.0691
chr3	49121567	49121767	10	14.0691	1	(10,10)	14.0691	1	14.0691
chr19	6199589	6199789	10	14.0691	1	(10,10)	14.0691	1	14.0691
chr19	49487343	49487543	10	14.0691	1	(10,10)	14.0691	1	14.0691
chr19	18522390	18522590	10	14.0691	1	(10,10)	14.0691	1	14.0691
chr18	12839001	12839201	10	14.0691	1	(10,10)	14.0691	1	14.0691
chr17	8156682	8156882	10	14.0691	1	(10,10)	14.0691	1	14.0691
chr14	51905282	51905482	10	14.0691	1	(10,10)	14.0691	1	14.0691
chr12	29389267	29389467	10	14.0691	1	(10,10)	14.0691	1	14.0691
chr11	62622728	62622928	10	14.0691	1	(10,10)	14.0691	1	14.0691
chr1	1505620	1505820	10	14.0691	1	(10,10)	14.0691	1	14.0691
chr10	63269840	63270040	10	14.0691	1	(10,10)	14.0691	1	14.0691
chr6	149450664	149450864	14	6.63426	1	(5,14)	6.88732	1	14.0295
chr17	47137434	47137634	2	7.20436	1	(2,5)	5.7857	1	13.9314
chr1	236097100	236097300	10	6.62359	1	(10,14)	6.24235	1	13.8587
chr20	13995154	13995354	14	9.46855	1	(13,14)	8.5456	1	13.7413
chr9	127735321	127735521	10	10.1062	1	(1,10)	7.14328	1	13.6778
chr6	12011767	12011967	10	10.1062	1	(1,10)	7.14328	1	13.6778
chr2	46542461	46542661	10	10.1062	1	(1,10)	7.14328	1	13.6778
chr2	219388078	219388278	10	10.1062	1	(1,10)	7.14328	1	13.6778
chr19	54137284	54137484	10	10.1062	1	(1,10)	7.14328	1	13.6778
chr18	76822844	76823044	10	10.1062	1	(1,10)	7.14328	1	13.6778
chr17	8173282	8173482	10	10.1062	1	(1,10)	7.14328	1	13.6778
chr16	8963943	8964143	10	10.1062	1	(1,10)	7.14328	1	13.6778
chr16	30096079	30096279	10	10.1062	1	(1,10)	7.14328	1	13.6778
chr1	228166099	228166299	10	10.1062	1	(1,10)	7.14328	1	13.6778
chr8	142326439	142326639	10	10.078	1	(10,12)	7.08694	1	13.6215
chr2	208359476	208359676	7	6.23617	1	(2,7)	5.74986	1	13.5934
chr5	170295196	170295396	8	9.52779	1	(8,15)	8.11554	1	13.5856
chr2	60545265	60545465	8	9.52779	1	(8,15)	8.11554	1	13.5856
chr16	85903794	85903994	8	9.52779	1	(8,15)	8.11554	1	13.5856
chr12	6334834	6335034	8	9.52779	1	(8,15)	8.11554	1	13.5856
chr12	92143424	92143624	8	6.8589	1	(2,8)	5.572	1	13.5797
chr14	105916741	105916941	12	6.01404	1	(1,12)	5.48493	1	13.5719
chr1	23903110	23903310	14	6.87208	1	(7,14)	6.54004	1	13.5528
chr3	40624309	40624509	1	6.90457	1	(1,12)	11.6365	1	13.5261
chr21	9129567	9129767	1	6.90457	1	(1,12)	11.6365	1	13.5261
chr2	113199223	113199423	7	9.03597	1	(2,7)	8.91726	1	13.4946
chr10	89224843	89225043	7	9.03597	1	(2,7)	8.91726	1	13.4946
chr17	78358519	78358719	14	3.63404	1	(7,14)	3.10335	1	13.4873
chrX	84501592	84501792	10	10.0082	1	(2,10)	6.94727	1	13.4818
chr9	136483348	136483548	10	10.0082	1	(2,10)	6.94727	1	13.4818
chr8	2127528	2127728	10	10.0082	1	(2,10)	6.94727	1	13.4818
chr6	34224023	34224223	10	10.0082	1	(2,10)	6.94727	1	13.4818
chr2	42169260	42169460	10	10.0082	1	(2,10)	6.94727	1	13.4818
chr22	37658393	37658593	10	10.0082	1	(2,10)	6.94727	1	13.4818
chr19	54361993	54362193	10	10.0082	1	(2,10)	6.94727	1	13.4818
chr19	50376943	50377143	10	10.0082	1	(2,10)	6.94727	1	13.4818
chr19	42284448	42284648	10	10.0082	1	(2,10)	6.94727	1	13.4818
chr19	10717924	10718124	10	10.0082	1	(2,10)	6.94727	1	13.4818
chr17	83051924	83052124	10	10.0082	1	(2,10)	6.94727	1	13.4818
chr17	80260401	80260601	10	10.0082	1	(2,10)	6.94727	1	13.4818
chr14	102777663	102777863	10	10.0082	1	(2,10)	6.94727	1	13.4818
chr1	30718553	30718753	10	10.0082	1	(2,10)	6.94727	1	13.4818
chr12	57079017	57079217	10	10.0082	1	(2,10)	6.94727	1	13.4818
chr12	53452016	53452216	10	10.0082	1	(2,10)	6.94727	1	13.4818
chr1	145010099	145010299	10	10.0082	1	(2,10)	6.94727	1	13.4818
chr10	26861071	26861271	10	10.0082	1	(2,10)	6.94727	1	13.4818
chr4	1268012	1268212	1	7.06915	1	(1,13)	11.9657	1	13.4737
chr11	46429250	46429450	2	6.54769	1	(2,5)	5.7857	1	13.4526
chr20	59222745	59222945	14	6.256	1	(7,14)	6.54004	1	13.4273
chr1	38005328	38005528	10	6.53018	1	(10,16)	4.66512	1	13.4233
chr6	108259596	108259796	10	9.9584	1	(4,10)	6.84774	1	13.3823
chr22	17774434	17774634	10	9.9584	1	(4,10)	6.84774	1	13.3823
chr12	106248222	106248422	10	9.9584	1	(4,10)	6.84774	1	13.3823
chr7	130941441	130941641	8	6.91995	1	(1,8)	10.7215	1	13.367
chr2	43223661	43223861	8	6.91995	1	(1,8)	10.7215	1	13.367
chr2	43223061	43223261	8	6.91995	1	(1,8)	10.7215	1	13.367
chr20	31547597	31547797	8	6.91995	1	(1,8)	10.7215	1	13.367
chr17	76736118	76736318	8	6.91995	1	(1,8)	10.7215	1	13.367
chr17	75778719	75778919	8	6.91995	1	(1,8)	10.7215	1	13.367
chr1	25246509	25246709	8	6.91995	1	(1,8)	10.7215	1	13.367
chr11	65502129	65502329	8	6.91995	1	(1,8)	10.7215	1	13.367
chr1	145995068	145995268	8	6.91995	1	(1,8)	10.7215	1	13.367
chr22	39959396	39959596	7	6.69435	1	(7,15)	10.8655	1	13.3575
chr7	44075201	44075401	10	6.85234	1	(8,10)	9.87666	1	13.3499
chr22	37230160	37230360	10	6.85234	1	(8,10)	9.87666	1	13.3499
chr2	216114677	216114877	10	6.85234	1	(8,10)	9.87666	1	13.3499
chr19	2042201	2042401	10	6.85234	1	(8,10)	9.87666	1	13.3499
