chr17	45212600	45222600	14
chr17	45247200	45257200	14
chr12	133341600	133351600	9
chr3	196625200	196635200	14
chr9	78789800	78799800	12
chr19	35445600	35455600	12
chr4	40297000	40307000	12
chr7	158378200	158388200	15
chr17	76347600	76357600	2
chr12	85800	95800	14
chr17	41392000	41402000	14
chr5	140692200	140702200	12
chr20	29515600	29525600	1
chr2	145268000	145278000	1
chr12	132106600	132116600	12
chr19	44757200	44767200	12
chr22	18713200	18723200	14
chr8	56754800	56764800	3
chr9	45726200	45736200	2
chr17	41457200	41467200	3
chr1	236254000	236264000	12
chr17	41372600	41382600	14
chr8	126951000	126961000	8
chr2	232536600	232546600	14
chr19	56981200	56991200	1
chr7	62012200	62022200	14
chr9	68446400	68456400	12
chr19	12297000	12307000	12
chr16	14580200	14590200	14
chr19	2040200	2050200	8
chr17	45258600	45268600	14
chr12	133655600	133665600	12
chr2	92281400	92291400	14
chr10	42532400	42542400	14
chr4	76802200	76812200	12
chr19	58445800	58455800	12
chr19	38040600	38050600	12
chr19	44949800	44959800	12
chr19	58512000	58522000	12
chrX	4153000	4163000	12
chr16	46385800	46395800	14
chr19	36821400	36831400	12
chr1	143459000	143469000	1
chr5	178012400	178022400	16
chr22	18876200	18886200	14
chr4	49117000	49127000	12
chr4	47600	57600	12
chr8	43819000	43829000	14
chr15	101872200	101882200	10
chr19	57011400	57021400	1
chr19	7515000	7525000	7
chr10	42522400	42532400	14
chr19	58566000	58576000	12
chr1	156182000	156192000	14
chr19	9776200	9786200	1
chr19	53635000	53645000	12
chr2	133025000	133035000	14
chr20	47895200	47905200	8
chr9	67317000	67327000	14
chr17	4991400	5001400	12
chr10	42355400	42365400	14
chr21	11178200	11188200	14
chr8	43092800	43102800	14
chr14	107154000	107164000	11
chr16	33950200	33960200	14
chr8	145904200	145914200	16
chr6	21592000	21602000	14
chr16	46398200	46408200	14
chr2	216973200	216983200	7
chr19	58211000	58221000	12
chr5	150275200	150285200	12
chr3	44753000	44763000	12
chr4	89617400	89627400	1
chr1	26446200	26456200	12
chr1	25247200	25257200	8
chr4	49650200	49660200	14
chr7	44919200	44929200	2
chr14	75740200	75750200	1
chr1	226914800	226924800	8
chr14	67510400	67520400	14
chr18	102400	112400	14
chr9	70000400	70010400	14
chr6	29908000	29918000	8
chr16	27455000	27465000	8
chr9	72653000	72663000	14
chr19	50828600	50838600	15
chr17	39843600	39853600	8
chr7	150211400	150221400	1
chrX	61836200	61846200	14
chrX	111552600	111562600	14
chr3	170623400	170633400	4
chr15	25011600	25021600	12
chrX	115003200	115013200	14
chrX	2541600	2551600	10
chr19	52956000	52966000	12
chr11	64879200	64889200	8
chr14	69252000	69262000	8
chr19	27731800	27741800	14
chr1	101699800	101709800	8
chr20	29611000	29621000	1
