chr11	3144600	3194600	6
chr11	96305200	96355200	6
chr6	52159600	52209600	6
chr18	37724600	37774600	6
chr15	102966200	103016200	3
chr6	52211200	52261200	3
chr2	74691000	74741000	3
chr7	79495800	79545800	3
chr7	70322600	70372600	6
chr8	57307200	57357200	3
chr14	63227800	63277800	3
chr2	165840400	165890400	6
chr11	98922000	98972000	12
chr9	91347800	91397800	9
chr19	44718000	44768000	3
chr11	98919600	98969600	12
chr2	165836400	165886400	6
chr1	88211000	88261000	12
chr14	25461800	25511800	6
chr2	165852000	165902000	6
chr8	84697600	84747600	4
chr11	98736400	98786400	6
chr3	88194400	88244400	1
chr14	122446400	122496400	3
chr10	80123800	80173800	4
chr10	80131000	80181000	4
chr8	84695000	84745000	4
chr13	40699600	40749600	3
chr1	78168600	78218600	3
chr5	119796800	119846800	3
chr8	84765600	84815600	6
chr13	78162400	78212400	3
chr19	5803000	5853000	6
chr15	103016400	103066400	3
chr11	98312400	98362400	3
chr2	38331000	38381000	3
chr15	77793200	77843200	6
chr1	88261200	88311200	12
chr5	125130800	125180800	6
chr5	119646800	119696800	3
chr2	30676400	30726400	6
chr9	61360200	61410200	4
chr4	89265600	89315600	3
chr15	85652000	85702000	12
chr1	85236800	85286800	14
chr2	105648200	105698200	3
chr15	77790400	77840400	9
chr15	85653800	85703800	12
chr16	3231000	3281000	14
chr11	96163200	96213200	13
chr2	26458600	26508600	6
chr4	155171000	155221000	9
chr8	121072600	121122600	3
chr7	70334000	70384000	6
chr2	26467400	26517400	6
chr8	120490800	120540800	4
chr6	114872600	114922600	4
chr11	117306000	117356000	6
chr11	117306800	117356800	6
chr11	120213600	120263600	12
chr1	42674000	42724000	1
chr4	121998000	122048000	14
chr10	82114200	82164200	2
chr4	115930800	115980800	3
chr6	6842400	6892400	3
chr8	108689600	108739600	3
chr18	37805400	37855400	6
chr11	98751200	98801200	6
chr9	61355800	61405800	4
chr4	133046000	133096000	6
chr7	28922200	28972200	9
chr19	43571000	43621000	3
chr14	25443000	25493000	6
chr10	42569400	42619400	3
chr4	133010400	133060400	4
chr2	26473200	26523200	6
chr4	139805600	139855600	3
chr7	141433200	141483200	3
chr9	107586400	107636400	12
chr3	88205000	88255000	4
chr9	107533400	107583400	6
chr5	147269600	147319600	3
chr4	155175600	155225600	12
chr10	127507400	127557400	6
chr15	77801800	77851800	6
chr10	81383800	81433800	4
chr11	119041600	119091600	6
chr3	129189600	129239600	3
chr5	139519600	139569600	3
chr1	74762400	74812400	9
chr1	134054800	134104800	6
chr18	35826000	35876000	6
chr4	45483000	45533000	6
chr3	34634400	34684400	3
chr11	97792800	97842800	12
chr13	65241800	65291800	2
chr13	21994400	22044400	6
chr19	46483400	46533400	12
chr17	21919600	21969600	4
chr10	80266400	80316400	3
