chr7	27139581	27189581	11
chr17	48564638	48614638	10
chr5	141382633	141432633	1
chr15	96320371	96370371	3
chr12	53972216	54022216	11
chr2	132238227	132288227	11
chr15	25046253	25096253	8
chr10	41837808	42104152	8
chr4	40199	93513	8
chr21	10688256	10738256	8
chr19	58227434	58277434	2
chr16	34130533	34180533	11
chr2	176091472	176141472	11
chr12	133078814	133128814	2
chr10	38485272	38581269	8
chr6	10380367	10430367	11
chr5	93567094	93617094	10
chr10	38811669	41693608	8
chr13	99949346	99999346	11
chr2	89787797	89844190	8
chr19	58168233	58218434	1
chr17	79772401	79822401	11
chr4	423411	473411	2
chr4	32400	85109	8
chr19	36513298	36563298	8
chr19	57963632	58013632	2
chr10	8026237	8076237	11
chr3	147375213	147425213	12
chr19	51855547	51905547	8
chr4	173492649	173542649	10
chr15	89359369	89409369	11
chr19	51992347	52042347	2
chr19	36710098	36760098	8
chr19	12994786	13044786	11
chr17	79765201	79815201	11
chr22	46053320	46103320	3
chr2	91580343	91633974	8
chr2	132249627	132299627	11
chr20	30395524	31243597	8
chr2	91579943	91633574	8
chr19	23335398	23385398	8
chr12	114655995	114705995	11
chr19	57529632	57579632	2
chr22	36323755	36373755	6
chr19	36858498	36908498	8
chr19	36614698	36664698	8
chr19	51851947	51901947	1
chr19	56534031	56584232	2
chr21	10364856	10414856	8
chr19	37412498	37462498	8
chr14	99228063	99278063	11
chr4	49104983	49154983	8
chr19	1238001	1288001	3
chr19	1237001	1287001	3
chr8	11675891	11725891	11
chr9	123996121	124046121	11
chr2	176142872	176192872	11
chr19	52364947	52414947	2
chr12	54022416	54072416	11
chr19	12988386	13038386	11
chr10	8036037	8086037	11
chr5	88652982	88703183	11
chr19	1241001	1291001	3
chr4	337811	387811	2
chr19	1229001	1279001	3
chr19	36790898	36840898	8
chr10	100709043	100759043	11
chr19	36718898	36768898	8
chr19	56374231	56424231	2
chr19	37531698	37581899	8
chr15	25015653	25065653	8
chr17	38557364	38607947	2
chr22	46034520	46084520	3
chr3	75639049	75689049	8
chr12	57723817	57773817	11
chr11	31792052	31842454	11
chr2	92086974	92136974	8
chr4	409211	459211	8
chr19	56525831	56576032	2
chr2	218852677	218902878	11
chr16	679200	729200	3
chr22	36332555	36382555	6
chr19	9336724	9386724	8
chr16	67149697	67199697	11
chr19	57679032	57729032	2
chr7	96982688	97032688	11
chr17	48708238	48758238	11
chr12	57195417	57245417	11
chr7	27197181	27247181	11
chr4	343011	393011	8
chr3	75709649	75759649	8
chr19	37123298	37173298	8
chr2	222272681	222322681	11
chr1	896820	946820	11
chr9	21961401	22011401	12
chr3	181689412	181739412	11
chr12	132907214	132957214	8
chr16	36043029	46422488	8
chr5	42991098	43041098	10
chr12	132998614	133048614	2
