chr20	49279463	49289463	8
chr7	131544641	131554641	8
chr7	131544241	131554241	8
chr1	26411109	26421109	8
chr10	78033242	78043242	8
chr1	232126254	232136254	8
chr18	58859368	58869368	8
chr1	232126054	232136054	8
chr20	49282663	49292663	8
chr1	27000109	27010109	8
chr8	71678765	71688765	8
chr17	28718982	28728982	8
chr1	38994128	39004128	8
chr15	63042201	63052201	8
chr3	109329753	109339753	8
chr3	109329953	109339953	8
chr18	3449802	3459802	8
chr1	223022058	223032058	8
chr15	63041001	63051001	8
chr22	39310795	39320795	8
chr13	51169864	51179864	8
chr1	223019458	223029458	8
chr2	64253666	64263666	8
chr13	51168264	51178264	8
chr13	28427263	28437263	8
chr8	30539883	30549883	8
chr11	65496729	65506729	8
chr2	64252666	64262666	8
chr6	158807568	158817568	8
chr8	30389084	30399084	8
chr4	92269049	92279049	8
chr8	71682965	71692965	8
chr6	167229312	167239312	8
chr17	48047238	48057238	8
chr1	8870941	8880941	8
chr10	125149031	125159031	7
chr6	34234623	34244623	7
chr6	41547462	41557462	15
chr5	139273311	139283311	8
chr8	38433282	38443282	3
chr15	63045001	63055001	8
chr17	48047838	48057838	8
chr22	36327355	36337355	3
chr5	33438894	33449095	8
chr1	17432104	17442104	8
chr1	17427904	17437904	8
chr1	28505088	28515088	8
chr14	38190195	38200195	8
chr4	122825845	122835845	8
chr6	34235623	34245623	8
chr7	24396581	24406581	8
chr8	71675365	71685365	8
chr20	51793261	51803261	8
chr6	167227112	167237112	8
chr7	24396381	24406381	8
chr18	3452002	3462002	8
chr3	54632573	54642573	8
chr14	38189395	38199395	8
chr5	147866237	147876237	8
chr20	32771994	32781994	8
chr6	33271023	33281023	8
chr1	18644906	18654906	15
chr13	55574665	55584665	8
chr5	147863037	147873037	8
chr10	52031640	52041640	8
chr1	28503888	28513888	8
chr1	232120454	232130454	7
chr8	30536883	30546883	8
chr8	30390284	30400284	8
chr1	62194328	62204328	8
chr9	77013884	77023884	14
chr6	137487263	137497263	14
chr2	43218261	43228261	8
chr10	125151031	125161031	8
chr17	74203461	74213461	8
chr13	110905653	110915653	8
chr19	54199933	54210132	8
chr4	10108376	10118376	8
chr15	52784203	52794203	15
chr1	232119854	232129854	7
chr1	150570524	150580524	8
chr14	68788483	68798483	8
chr12	121574295	121584295	8
chr6	26195572	26205572	3
chr10	112949041	112959041	3
chr2	44928061	44938061	14
chr3	170353812	170363812	8
chr7	20117177	20127177	7
chr1	26415309	26425309	8
chr1	223023458	223033458	8
chr12	54277816	54287816	8
chr14	21520849	21531266	7
chr2	37223657	37233657	8
chr1	197910470	197920470	14
chr16	73031101	73041101	15
chr10	112949441	112959441	3
chr3	46572710	46582710	8
chr8	30383684	30393684	8
chr3	147389413	147399413	15
chr5	123085905	123095905	14
