chr2	132238227	132288227	12
chr21	10776256	12977679	10
chr4	40799	94113	12
chr16	34131733	34181733	11
chr2	132240827	132290827	12
chr2	91580143	91633774	10
chr4	45404	98914	12
chr15	25047653	25097653	4
chr10	41839408	42105752	8
chr5	141326033	141376033	8
chr4	189550846	189600846	8
chr21	10689656	10739656	8
chr5	141382433	141432433	11
chr3	147375213	147425213	11
chr21	10683456	10733456	8
chr2	89787797	89844190	8
chr3	75709649	75759649	8
chr12	133078814	133128814	2
chr7	27106981	27156981	12
chr19	36710498	36760498	4
chr5	141316633	141366633	8
chr3	75702849	75752849	8
chr19	58164833	58215034	1
chr19	36707498	36757498	8
chr19	58227434	58277434	3
chr19	9336924	9386924	1
chr19	9332524	9382524	1
chr2	176073672	176123672	10
chr2	92086774	92136774	10
chr15	96319371	96369371	3
chr13	99949346	99999346	10
chr10	38811269	38861269	8
chr19	36615098	36665098	8
chr7	27157181	27207181	11
chr21	10410856	10460856	13
chr10	38485472	38581469	8
chr10	38832469	41714408	11
chr12	53950816	54000816	11
chr19	57960432	58010432	2
chr12	133068614	133118614	2
chr17	48564638	48614638	11
chr10	100707843	100757843	12
chr4	49105183	49155183	8
chr11	114061678	114111678	3
chr6	10378967	10428967	11
chr2	176128672	176178672	6
chr4	421011	471011	8
chr11	31793252	31843654	11
chr5	178920999	178970999	2
chr20	30392724	31240797	13
chr19	24333998	24383998	8
chr2	217812077	217862077	3
chr19	37535698	37585899	8
chr16	32501679	32551679	9
chr4	49110183	49160183	8
chr4	18200	69908	10
chr4	417811	467811	8
chr19	37411498	37461498	1
chr20	30383324	31231397	13
chr3	75637649	75687649	11
chr19	36856298	36906298	8
chr7	155435505	155485505	11
chr12	133121814	133171814	8
chr2	44906661	44956661	7
chr7	27171981	27221981	11
chr14	23380591	23430591	3
chr19	36513498	36563498	8
chr2	89323642	89837390	8
chr4	189633646	189683646	13
chr19	43835048	43885048	8
chr5	141397633	141447633	11
chr13	112039086	112089086	11
chr5	178905199	178955199	2
chr6	28762823	28812823	9
chr19	56534031	56584232	8
chr19	56403231	56453231	2
chr5	88652382	88702583	11
chr19	37123298	37173298	8
chr14	37574995	37624995	11
chr19	37404498	37454498	1
chr21	8986767	9036767	11
chr16	36043029	46422488	8
chr3	147392613	147442613	11
chr9	40870372	40925971	8
chr5	93567694	93617694	10
chr11	31782452	31832653	11
chr10	117125889	117175889	11
chr16	86471594	86521594	2
chr19	57530032	57580032	2
chr10	117126289	117176289	11
chr19	51992347	52042347	8
chr10	95388443	95438443	2
chr14	37572995	37622995	11
chr12	54005216	54055216	9
chr7	62506822	62556822	11
chr2	217890277	217940277	3
chr2	218957278	219007278	6
chr4	189693646	189743646	7
chr15	89361769	89411769	6
chr4	110599644	110649644	11
