chr15	25050053	25075053	20
chr19	58236234	58261234	20
chr19	58185433	58210634	20
chr19	57975832	58000832	20
chr15	25075253	25100253	20
chr19	57530432	57555432	20
chr12	133082014	133107014	20
chr19	44473383	44500948	20
chr12	132991214	133016214	20
chr12	133036614	133061614	20
chr19	58121633	58146633	20
chr19	51961947	51986947	20
chr19	52305147	52330147	20
chr5	180244600	180269600	20
chr12	133133214	133158214	20
chr19	36740298	36765298	20
chr19	52015747	52040747	20
chr19	36537898	36562898	20
chr16	68548897	68573897	20
chr22	46066520	46091520	9
chr19	36812498	36837498	20
chr19	38647160	38672160	9
chr7	6682569	6707569	20
chr19	36705898	36730898	20
chr12	133181214	133206214	20
chr19	9559924	9584924	4
chr16	3387000	3412000	1
chr16	68552297	68577297	20
chr7	6673969	6698969	20
chr19	58113833	58138833	20
chr12	132928614	132953614	20
chr19	37227498	37252498	20
chr11	118905891	118930891	9
chr16	3299600	3324600	20
chr19	38650360	38675360	9
chr19	52058347	52083347	20
chr19	52107747	52132747	20
chr18	48928430	48953430	22
chr8	144826015	144851015	20
chr19	8802724	8827724	20
chr19	56403231	56428231	1
chr1	156113009	156138009	9
chr12	133068014	133093014	20
chr22	36350555	36375555	9
chr19	9328324	9353324	20
chr8	143932632	143957632	9
chr4	449611	474611	20
chr19	23344598	23369598	20
chr19	37143498	37168498	20
chr19	36634498	36659498	20
chr15	96321371	96346371	9
chr11	65484929	65509929	9
chr14	73738297	73763297	9
chr19	56537631	56562631	1
chr19	38677960	38702960	9
chr19	36732698	36757698	20
chr19	7068789	7093789	20
chr19	52312547	52337547	20
chr19	57681832	57706832	4
chr19	37418898	37443898	20
chr19	58168233	58193233	20
chr15	96324571	96349571	1
chr11	62523128	62548128	9
chr19	36883698	36908698	20
chr19	52394347	52419347	20
chr16	75233702	75258702	1
chr5	139647015	139672015	1
chr19	9403924	9428924	20
chr11	65416329	65441329	9
chr22	36319955	36344955	9
chr12	121792294	121817294	9
chr19	52361747	52386747	20
chr19	1251001	1276001	1
chr19	9514524	9539524	20
chr19	9372524	9397524	20
chr18	48920430	48945430	9
chr19	36624898	36649898	20
chr3	44712108	44737108	20
chr3	44714508	44739508	1
chr4	335811	360811	4
chr19	57923232	57948232	1
chr19	37561898	37587099	20
chr19	43832648	43857648	20
chr19	52101747	52126747	20
chr17	40089547	40114547	3
chr19	58261434	58286434	1
chr14	73743497	73768497	9
chr22	36312755	36337755	9
chr19	37135298	37160298	20
chr19	37091898	37116898	20
chr8	143921032	143946032	9
chr5	179059799	179084799	4
chr19	56554031	56579232	2
chr19	20536794	20561794	20
chr11	65421129	65446129	9
chr5	178702999	178727999	20
chr19	51926347	51951347	4
chr17	77370318	77395318	9
chr19	57567232	57592232	20
chr12	47798617	47823617	9
