chr3	134081600	134091600	8
chr20	47894400	47904400	8
chr3	128198800	128208800	15
chr20	47895600	47905600	8
chr3	128198400	128208400	15
chr2	133022600	133032600	14
chr18	18511000	18521000	15
chr12	115102800	115112800	8
chr4	111532200	111542200	15
chr10	42390800	42400800	14
chr18	46464600	46474600	8
chr10	8096800	8106800	15
chr1	205266600	205276600	8
chr3	50275200	50285200	3
chr19	1252600	1262600	3
chr1	205267000	205277000	8
chr20	45979400	45989400	9
chr6	10411400	10421400	3
chr2	172958200	172968200	3
chr1	26736600	26746600	8
chr17	46671600	46681600	16
chr10	8093800	8103800	3
chr19	1249000	1259000	8
chr3	50275800	50285800	3
chr1	156710200	156720200	8
chr16	33949800	33959800	14
chr18	46468400	46478400	8
chr9	68412400	68422400	14
chr1	26737000	26747000	8
chr19	27731800	27741800	14
chr1	156713000	156723000	8
chr16	75277600	75287600	9
chr6	10413400	10423400	3
chr12	115101200	115111200	8
chr17	46619800	46629800	7
chr8	11561600	11571600	16
chr4	4854000	4864000	15
chr22	36723600	36733600	9
chr1	27893000	27903000	3
chr2	89867200	89877200	12
chr17	77807200	77817200	4
chr17	46618600	46628600	7
chr3	50273600	50283600	3
chr4	4858400	4868400	3
chr16	75278400	75288400	3
chr11	65265600	65275600	8
chr15	63336600	63346600	2
chr11	118787000	118797000	3
chr1	16465600	16475600	8
chr4	111530200	111540200	15
chr17	76347600	76357600	8
chr15	63337000	63347000	2
chr7	100806800	100816800	15
chr7	27141000	27151000	15
chr7	27214200	27224200	15
chr2	172959200	172969200	3
chr8	99951400	99961400	14
chr1	8930200	8940200	8
chr2	232570600	232580600	8
chr16	29815800	29825800	8
chr10	8085400	8095400	3
chr17	27044600	27054600	3
chr9	68413200	68423200	14
chr1	156045000	156055000	8
chr2	92315000	92325000	14
chr2	145266800	145276800	15
chr1	43398800	43408800	8
chr1	221050800	221060800	15
chr12	54413200	54423200	16
chr17	7736800	7746800	3
chr5	153852200	153862200	1
chr2	175191200	175201200	14
chr1	156637800	156647800	8
chr1	156637600	156647600	8
chr2	145268000	145278000	15
chr8	99950800	99960800	14
chr12	4380400	4390400	7
chr17	79476000	79486000	14
chr5	122422000	122432000	14
chr10	42355400	42365400	14
chr17	77765200	77775200	15
chr16	86603800	86613800	14
chr2	45167600	45177600	15
chr9	126776800	126786800	15
chr17	35290400	35300400	15
chr7	155595800	155605800	15
chr10	77159800	77169800	14
chr8	25897400	25907400	14
chr10	103872400	103882400	3
chr2	73142000	73152000	15
chr19	1256400	1266400	3
chr1	855600	865600	15
chr14	61113800	61123800	14
chr20	47891400	47901400	8
chr4	174437600	174447600	15
chr12	115116400	115126400	8
chr9	131899800	131909800	3
chr6	1604600	1614600	15
chr5	50677400	50687400	15
chr17	37033400	37043400	9
