chr11	128334200	128384200	4
chr14	22972400	23022400	10
chr14	99691200	99741200	8
chr14	22956800	23006800	2
chr14	99679200	99729200	8
chr1	198611200	198661200	8
chr1	198604200	198654200	8
chr5	156605800	156655800	8
chr7	50412800	50462800	8
chr5	169680600	169730600	8
chr4	40199200	40249200	10
chr5	156615600	156665600	8
chr5	133432600	133482600	8
chr6	24891000	24941000	2
chr6	24892200	24942200	2
chr14	100526000	100576000	8
chr22	36723600	36773600	8
chr22	36722600	36772600	8
chr1	198598000	198648000	8
chr1	198623400	198673400	1
chr22	40309600	40359600	8
chr3	30652800	30702800	8
chr10	11210400	11260400	8
chr11	35163600	35213600	2
chr11	35159800	35209800	2
chr1	226875200	226925200	12
chr5	39169400	39219400	8
chr11	60738000	60788000	4
chr9	117110200	117160200	8
chr3	30673000	30723000	8
chr2	68988800	69038800	8
chr4	109045800	109095800	15
chr7	27186200	27236200	14
chr1	167438600	167488600	4
chr10	73484600	73534600	8
chr10	73485800	73535800	8
chr1	226870800	226920800	12
chr2	68965800	69015800	8
chr9	92051800	92101800	8
chr14	91835800	91885800	2
chr17	37909400	37959400	16
chr5	133421400	133471400	8
chr5	39155000	39205000	8
chr3	18440800	18490800	2
chr6	24912600	24962600	2
chr12	9795200	9845200	4
chr2	197000800	197050800	10
chr21	43821000	43871000	8
chr1	167399400	167449400	10
chr8	134045200	134095200	8
chr2	158258800	158308800	8
chr16	46385800	46435800	2
chr17	46654400	46704400	14
chr6	112052800	112102800	1
chr9	123650600	123700600	8
chr21	43817200	43867200	8
chr10	82213000	82263000	2
chr17	75428400	75478400	8
chr3	52264800	52314800	2
chr10	8073600	8123600	2
chr16	57025200	57075200	2
chr10	14581600	14631600	10
chr10	11191400	11241400	8
chr2	132996200	133046200	15
chr15	31621000	31671000	8
chr5	39145800	39195800	1
chr6	112033200	112083200	10
chr15	93423000	93473000	2
chr10	14566200	14616200	10
chr17	37919400	37969400	16
chr14	100542400	100592400	4
chr9	92020600	92070600	8
chr1	167415600	167465600	10
chr20	39761800	39811800	8
chr10	82210600	82260600	2
chr14	102276800	102326800	10
chr1	167601200	167651200	8
chr7	130596400	130646400	8
chr8	29916800	29966800	2
chr2	175433800	175483800	8
chr2	30444600	30494600	8
chr5	133452000	133502000	2
chr14	61787600	61837600	4
chr19	42363000	42413000	8
chr7	43641200	43691200	8
chr2	85060000	85110000	12
chr4	35800	85800	14
chr22	40328800	40378800	8
chr9	92072400	92122400	2
chr14	61786000	61836000	4
chr13	99922400	99972400	12
chr3	151971000	152021000	8
chr10	11263000	11313000	8
chr8	145001800	145051800	8
chr11	118752200	118802200	2
chr5	130585800	130635800	8
chr13	99930000	99980000	8
chr17	75441600	75491600	8
chr12	54363800	54413800	14
chr13	99991200	100041200	4
