chr2	133011800	133036800	11
chr7	27180400	27205400	1
chr15	96864000	96889000	3
chr15	96875200	96900200	3
chr7	27134400	27159400	2
chr17	46651400	46676400	11
chr7	27205600	27230600	1
chr16	33941600	33966600	11
chr2	172946800	172971800	11
chr4	49400	74400	8
chr17	59469800	59494800	12
chr11	31818400	31843400	10
chr12	115102200	115127200	3
chr5	140787200	140812200	1
chr9	68407000	68432000	11
chr6	10402400	10427400	11
chr10	8083400	8108400	11
chr13	100619200	100644200	12
chr4	111534400	111559400	11
chr12	54378800	54403800	11
chr17	77764000	77789000	11
chr19	58693600	58718600	1
chr14	61102000	61127000	11
chr5	92906000	92931000	12
chr5	140777400	140802400	1
chr4	40000	65000	8
chr10	42375800	42400800	8
chr15	25310800	25335800	8
chr2	133001800	133026800	11
chr12	54404000	54429000	1
chr6	1603600	1628600	11
chr4	174436000	174461000	12
chr19	58753200	58778200	8
chr22	46460600	46485600	3
chr17	46679400	46704400	11
chr16	86527000	86552000	11
chr19	13119800	13144800	2
chr3	181412800	181437800	11
chr12	4377600	4402600	3
chr3	147107800	147132800	11
chr2	105458800	105483800	11
chr5	87955400	87980400	11
chr4	49635000	49660000	8
chr6	99271600	99296600	11
chr19	58491400	58516400	2
chr2	89855000	89880000	8
chr2	176981000	177006000	11
chr10	119290400	119315400	12
chr10	131747800	131772800	11
chr2	119590800	119615800	11
chr21	10782600	10807600	8
chr7	96632200	96657200	11
chr12	4375800	4400800	3
chr18	19742000	19767000	11
chr12	133615800	133640800	8
chr2	91797000	91822000	8
chr2	45158800	45183800	11
chr16	33955200	33980200	11
chr19	44978800	45003800	2
chr12	133658000	133683000	1
chr22	46468400	46493400	3
chr9	126759000	126784000	11
chr2	223153200	223178200	11
chr6	1372400	1397400	10
chr2	91796200	91821200	8
chr17	47071600	47096600	12
chr4	4852800	4877800	11
chr22	46453200	46478200	3
chr3	128194000	128219000	11
chr12	57613000	57638000	11
chr1	854400	879400	11
chr19	37025800	37050800	8
chr5	2735800	2760800	10
chr7	156791600	156816600	10
chr4	49098400	49123400	8
chr16	86596800	86621800	12
chr2	237065200	237090200	11
chr4	13526200	13551200	11
chr10	124891400	124916400	11
chr7	6722200	6747200	3
chr12	133709800	133734800	8
chr17	59475600	59500600	12
chr21	38060600	38085600	11
chr10	102973200	102998200	11
chr17	35283000	35308000	11
chr5	50671400	50696400	11
chr19	37301800	37326800	8
chr3	134071200	134096200	3
chr11	124608600	124633600	11
chr10	101278800	101303800	10
chr6	100893400	100918400	12
chr3	75704000	75729000	8
chr11	113928800	113953800	3
chr2	66650800	66675800	3
chr15	53074800	53099800	11
chr19	58042200	58067200	8
chr4	424400	449400	8
chr15	68109000	68134000	11
chr19	1250400	1275400	3
chr1	119526400	119551400	11
