chr15	25050853	25075853	8
chr19	58189233	58214434	8
chr19	58242034	58267034	8
chr10	41839608	41864608	8
chr12	133039214	133064214	8
chr2	89816190	89841190	8
chr19	44473383	44500948	8
chr2	132254227	132279227	11
chr4	49632983	51794034	8
chr21	10704656	10729656	8
chr19	57974832	57999832	8
chr4	49096183	49121183	8
chr12	133083014	133108014	8
chr19	58118433	58143433	8
chr7	6682369	6707369	8
chr16	34139933	34164933	11
chr10	41864808	42106152	8
chr4	430611	455611	8
chr10	38834869	38859869	8
chr10	38510872	38581869	8
chr15	25076053	25101053	8
chr19	36537498	36562498	8
chr19	57531432	57556432	8
chr12	133181414	133206414	8
chr12	133133214	133158214	8
chr20	30417124	31240197	8
chr21	10651656	10676656	8
chr7	6673769	6698769	8
chr19	52300147	52325147	8
chr19	36705898	36730898	8
chr10	42297552	42322552	8
chr5	180247200	180272200	8
chr2	176078672	176103672	11
chr10	38783469	38808469	8
chr1	90706043	90731043	11
chr4	50306	76307	8
chr11	31798252	31823453	10
chr16	68548897	68573897	8
chr3	75717649	75742649	8
chr19	36809698	36834698	8
chr10	100727443	100752443	11
chr19	58113033	58138033	8
chr10	123130884	123155884	11
chr10	101213843	101238843	11
chr17	79790201	79815201	12
chr7	155447505	155472505	11
chr11	44302250	44327250	11
chr2	172082072	172107072	11
chr10	8032837	8057837	11
chr3	75716249	75741249	8
chr19	58168233	58193233	1
chr15	67816662	67841662	11
chr12	132993214	133018214	8
chr10	101120843	101145843	11
chr7	156999306	157024306	11
chr9	123997121	124022121	10
chr2	44931061	44956061	11
chr17	48610038	48635038	11
chr15	52782603	52807603	11
chr4	13522776	13547776	10
chr12	132925614	132950614	8
chr19	52016147	52041147	8
chr19	51872547	51897547	8
chr19	9559924	9584924	8
chr8	144826015	144851015	8
chr17	48730838	48755838	13
chr4	4851073	4876073	11
chr2	118835024	118860024	11
chr2	218979678	219004678	11
chr11	65483529	65508529	3
chr19	36740498	36765498	8
chr9	63806866	63831866	11
chr14	36502595	36527595	10
chr2	89789251	89820190	8
chr16	46380881	46405888	8
chr19	1250201	1275201	3
chr17	79794601	79819601	12
chr4	349611	374611	8
chr2	222288681	222313681	11
chr8	11688491	11713491	11
chr21	36688500	36713500	11
chr16	86492994	86517994	11
chr6	99594524	99619524	11
chr2	176104472	176129472	11
chr12	53927416	53952416	13
chr14	36643995	36668995	11
chr19	57960432	57985432	8
chr19	9514324	9539324	8
chr17	36923916	36950700	12
chr21	10378656	10403656	8
chr4	49134183	49159183	8
chr4	418611	443611	8
chr1	18628506	18653506	12
chr19	9327924	9352924	8
chr7	97002888	97027888	11
chr19	52107347	52132347	8
chr13	78585865	78610865	10
chr16	3298600	3323600	1
chr5	77623975	77648975	11
chr19	36624298	36649298	8
