chr2	91608200	91648800	8
chr13	27439400	27480000	11
chr19	57686000	57726800	3
chr19	54397200	54437800	3
chr17	43302800	43343800	11
chr5	141470200	141512000	11
chr20	49259800	49301800	3
chr9	76551400	76592000	11
chr11	69623800	69664400	12
chr19	58209600	58250200	3
chrX	109034000	109074600	11
chr7	130713200	130753600	10
chr2	229160600	229201000	11
chr17	32802200	32842800	8
chr5	178565400	178605600	11
chr1	121722400	121762600	11
chr19	35555400	35595800	11
chr14	68770200	68811000	3
chr2	132247600	132288400	11
chr6	3205800	3246200	3
chr5	71830600	71871000	11
chr19	57728400	57770000	8
chr9	63798200	63838800	10
chr14	68769200	68809800	3
chr1	91367000	91407600	11
chr4	32800	74800	8
chr9	128371800	128412800	3
chr2	132249000	132289600	11
chr19	57984200	58024800	8
chr12	20531200	20571600	11
chr19	6481200	6521400	3
chr14	87751000	87791600	11
chr11	65481200	65522000	3
chr13	25149400	25190200	3
chr17	5076800	5117400	8
chr15	89352000	89393000	12
chr1	205024800	205065800	3
chr21	8968000	9008600	11
chr12	127145800	127186600	11
chr3	50255000	50295400	12
chr1	156399600	156440200	3
chr10	96781400	96821800	11
chr2	132237000	132278000	11
chr1	32314000	32354600	3
chr5	177115000	177155600	3
chr19	57687200	57727600	3
chr3	147392400	147433800	10
chr6	30596000	30637000	3
chr17	16362600	16403600	3
chr12	4256000	4297200	3
chr4	69410800	69451000	8
chr11	124726000	124766800	11
chr20	49262600	49303400	8
chr15	89358000	89398600	3
chr8	81822200	81862600	11
chr17	21326000	21366200	12
chr17	72102800	72143400	3
chr13	41438600	41479400	11
chr8	69669800	69710200	11
chr12	4266800	4309000	6
chr17	75758000	75798800	3
chr6	58430200	58473000	11
chr16	14466800	14507200	11
chr16	54916400	54957200	12
chr2	132234400	132275400	11
chr4	75865800	75906200	8
chr15	89359200	89400000	3
chr2	132245600	132286600	8
chr17	81489200	81531800	3
chr13	99962600	100003200	10
chr15	96314000	96355400	10
chr2	236144200	236184800	12
chr15	89350200	89391200	3
chr2	5675600	5715800	10
chr17	76714800	76756000	3
chr21	8966400	9007200	8
chr19	57456400	57496600	8
chr17	44295800	44336000	12
chr11	65480200	65520800	3
chr2	132251400	132292200	8
chr8	9882600	9923400	11
chr19	45621400	45661800	3
chr6	133252800	133293000	11
chr19	38600200	38640400	3
chr16	34134400	34175200	11
chr3	147377800	147418200	10
chr1	200388200	200429200	3
chr13	99949000	99989400	11
chr10	17693200	17733400	3
chr3	51372400	51412600	3
chr12	34199400	34239800	11
chr20	30356400	30396600	11
chr2	63035600	63076400	12
chr1	4282800	4323200	11
chr2	132252400	132293600	8
chrX	154379200	154419600	3
chr5	179600000	179642000	3
chr16	34130400	34170800	11
chrX	48555400	48596000	3
