chr11	67266329	67291329	3
chr11	67266729	67291729	3
chr2	132254227	132279227	10
chr14	92652455	92677455	3
chr7	27141981	27166981	3
chr7	27141781	27166781	3
chr2	172079472	172104472	11
chr19	58182033	58207234	2
chr10	11166637	11191637	3
chr10	11162037	11187037	3
chr19	58237234	58262234	8
chr9	114363120	114388120	6
chr19	52298947	52323947	8
chr5	141351433	141376433	10
chr12	133081414	133106414	2
chr19	51962347	51987347	8
chr19	44473983	44501548	8
chr6	1601365	1626365	10
chr2	172086272	172111272	10
chr12	54277816	54302816	3
chr17	79790201	79815201	12
chr19	57531632	57556632	8
chr5	180244800	180269800	8
chr19	51874947	51899947	8
chr7	27133181	27158181	3
chr19	52067947	52092947	8
chr9	123996521	124021521	11
chr22	37220560	37245560	3
chr5	141381233	141406233	10
chr9	37013403	37038403	11
chr5	170273596	170298596	3
chr7	27178981	27203981	11
chr19	57979432	58004432	1
chr4	336011	361011	8
chr12	133036414	133061414	1
chr19	36745298	36770298	8
chr4	13524376	13549376	11
chr12	31959266	31984266	3
chr10	8032837	8057837	11
chr1	169687459	169712459	3
chr11	31795852	31821053	11
chr19	52016147	52041147	8
chr4	449411	474411	8
chr2	233060090	233085090	3
chr10	41840408	41865408	8
chr10	8032037	8057037	11
chr16	68541697	68566697	8
chr2	174321872	174346872	11
chr8	133052955	133077955	3
chr22	37288959	37313959	3
chr19	37221298	37246298	8
chr2	132261627	132286627	10
chr19	20540994	20565994	8
chr5	178865399	178890399	8
chr19	52539947	52564947	8
chr19	23361998	23386998	8
chr1	197901870	197926870	11
chr10	71749043	71774043	3
chr12	132992814	133017814	8
chr1	167632363	167657363	3
chr15	67816662	67841662	11
chr9	36983803	37008803	11
chr19	51926347	51951347	8
chr6	108154996	108179996	11
chr7	6682769	6707769	8
chr2	222295281	222320281	10
chr1	44404328	44429328	3
chr1	90706043	90731043	10
chr6	5991567	6016567	11
chr6	10402167	10427167	10
chr2	63044665	63069665	11
chr5	93570294	93595294	11
chr16	3284600	3309600	2
chr16	3386600	3411600	1
chr10	123131084	123156084	11
chr15	25058253	25083253	8
chr4	120720	155405	2
chr19	57923632	57948632	1
chr19	1250201	1275201	3
chr12	133181014	133206014	8
chr1	30738153	30763153	3
chr4	173500249	173525249	11
chr19	36704898	36729898	8
chr19	52111947	52136947	8
chr12	57219217	57244217	11
chr12	57219417	57244417	11
chr17	61393439	61418439	10
chr8	144825615	144850615	12
chr5	141407833	141432833	10
chr19	36541298	36566298	8
chr6	98824324	98849324	11
chr17	61393839	61418839	10
chr1	44403128	44428128	3
chr14	105893342	105918541	3
chr2	104842342	104867342	11
chr14	60634882	60659882	11
chr17	48609438	48634438	11
chr1	40041328	40066328	3
chr19	23221598	23246598	8
chr17	78120519	78145519	3
