chr11	65496729	65506729	8
chr10	3776208	3786208	2
chr6	32967823	32977823	8
chr22	36327355	36337355	8
chr14	68786683	68796683	1
chr19	1248001	1258001	2
chr12	121797094	121807094	1
chr1	150570524	150580524	8
chr17	4939705	4949705	8
chr17	8117482	8127482	14
chr2	43218261	43228261	2
chr1	150570924	150580924	8
chr17	7233481	7243481	1
chr19	1266601	1276601	8
chr4	10107776	10117776	1
chr7	26193380	26203380	1
chr10	41874808	41884808	14
chr7	5420169	5430169	2
chr2	231705490	231715490	8
chr17	48047038	48057038	1
chr17	4938305	4948305	8
chr6	36593423	36603423	8
chr19	54200133	54210332	1
chr1	234603654	234613654	2
chr11	6602970	6613169	8
chr21	10712656	10722656	12
chr10	41856208	41866208	12
chr11	6603170	6613369	8
chr2	89830590	89840590	14
chr21	10700056	10710056	12
chr5	55224772	55234772	14
chr5	55224572	55234572	14
chr12	54277816	54287816	8
chr11	31808452	31818452	14
chr7	26192380	26202380	1
chr21	10723656	10733656	12
chr12	54278216	54288216	8
chr14	68784683	68794683	1
chr12	6531834	6541834	1
chr11	65417729	65427729	1
chr11	65853729	65863729	8
chr6	32970623	32980623	8
chr19	39405360	39415360	8
chr11	65417529	65427529	1
chr12	6332634	6342634	1
chr19	58255234	58265234	12
chr4	49146383	49156383	12
chr19	40797895	40807895	1
chr4	49636783	49646783	12
chr4	49647983	51794034	14
chr4	49111183	49121183	12
chr19	57613832	57623832	1
chr19	1250201	1260201	8
chr2	132267427	132277427	14
chr8	98939372	98949372	14
chr6	36592423	36602423	8
chr1	112697978	112707978	1
chr11	65854929	65864929	8
chr17	28719182	28729182	2
chr1	8870541	8880541	1
chr17	2392306	2402306	2
chr11	65500129	65510129	8
chr19	11941985	11951985	12
chr10	38525472	38581469	12
chr6	10411167	10421167	14
chr19	58190633	58200633	12
chr15	25062853	25072853	12
chr21	10383656	10393656	12
chr2	172093472	172103472	14
chr17	7571882	7581882	1
chr17	7571482	7581482	1
chr19	39401760	39411760	8
chr22	39310795	39320795	8
chr18	3446602	3456602	1
chr11	65568929	65578929	2
chr1	180227865	180237865	2
chr7	57487094	57497094	12
chr11	65491329	65501329	1
chr15	43791602	43801602	1
chr5	179615199	179625199	8
chr11	6601370	6611569	8
chr17	81508974	81518974	8
chr6	10411767	10421767	14
chr3	75735049	75745049	12
chr19	1252401	1262401	8
chr11	31803452	31813452	14
chr12	46364017	46374017	1
chr17	7306481	7316481	1
chr21	10672256	10682256	12
chr2	72914871	72924871	14
chr1	180226065	180236065	2
chr12	56157016	56167016	8
chr2	63049265	63059265	14
chr6	33313423	33323423	8
chr20	49277063	49287063	1
chr12	57086017	57096017	1
chr1	156743208	156753208	1
chr12	57085817	57095817	1
chr17	2391306	2401306	2
chr2	63049665	63059665	14
