chr5	123134600	123144600	6
chr5	64803200	64813200	6
chr2	165879600	165889600	6
chr5	123132000	123142000	6
chr8	126587400	126597400	6
chr6	88190600	88200600	3
chr7	28373800	28383800	6
chr6	88189000	88199000	3
chr1	42693800	42703800	3
chr17	84180000	84190000	6
chr10	80145400	80155400	6
chr19	46036600	46046600	6
chr11	70646600	70656600	1
chr5	142813800	142823800	1
chr10	80146000	80156000	6
chr11	70646000	70656000	1
chr1	42694200	42704200	3
chr12	73044400	73054400	3
chr18	64338600	64348600	3
chr19	46499600	46509600	1
chr19	5796200	5806200	4
chr11	69408000	69418000	4
chr11	98741800	98751800	1
chr5	107719200	107729200	3
chr4	133748000	133758000	6
chr8	89038400	89048400	3
chr3	127625400	127635400	3
chr8	11000400	11010400	1
chr8	84656000	84666000	6
chr11	75164200	75174200	1
chr16	18581400	18591400	3
chr16	18580800	18590800	3
chr7	28370800	28380800	6
chr8	126583600	126593600	1
chr2	9876200	9886200	3
chr17	34115000	34125000	1
chr4	48042200	48052200	3
chr10	81134000	81144000	1
chr10	80158600	80168600	6
chr11	119049200	119059200	3
chr2	148039200	148049200	3
chr11	69411000	69421000	6
chr9	98950200	98960200	3
chr17	84181200	84191200	6
chr8	69880200	69890200	3
chr6	84580400	84590400	3
chr3	131103400	131113400	3
chr19	37691200	37701200	3
chr2	38343000	38353000	3
chr17	34023800	34033800	4
chr4	22487200	22497200	3
chr5	107721400	107731400	3
chr8	91797600	91807600	3
chr11	120230000	120240000	1
chr5	30906000	30916000	1
chr19	5842200	5852200	1
chr2	146216000	146226000	3
chr14	70074200	70084200	3
chr7	25275200	25285200	6
chr8	70487200	70497200	3
chr2	9881000	9891000	3
chr4	114903800	114913800	3
chr4	48043800	48053800	3
chr11	69117000	69127000	4
chr11	119048600	119058600	3
chr7	16398600	16408600	1
chr11	24073800	24083800	1
chr8	126824400	126834400	5
chr19	44292400	44302400	4
chr5	23428200	23438200	1
chr10	80155600	80165600	6
chr19	16868200	16878200	3
chr1	155738200	155748200	3
chr5	28158600	28168600	3
chr7	28807800	28817800	6
chr18	80980200	80990200	3
chr9	21029200	21039200	3
chr9	67040000	67050000	6
chr14	122474200	122484200	3
chr5	35382400	35392400	3
chr7	131542000	131552000	3
chr17	35043800	35053800	1
chr13	63561400	63571400	1
chr17	25828200	25838200	4
chr9	44482400	44492400	6
chr14	63239400	63249400	3
chr4	109974200	109984200	3
chr2	74696000	74706000	3
chr19	44747400	44757400	3
chr1	89930000	89940000	3
chr4	99648400	99658400	3
chr11	21993800	22003800	3
chr15	77833200	77843200	1
chr8	84976000	84986000	6
chr3	88137600	88147600	1
chr11	33195200	33205200	3
chr2	71543000	71553000	3
chr7	19300800	19310800	3
chr18	11047800	11057800	1
chr17	34024200	34034200	4
