chr4	75885800	75886200	8
chr3	75669000	75672400	8
chr17	47189000	47189400	11
chr9	76571400	76572000	8
chr2	132269000	132270000	11
chr6	58450200	58453000	11
chr2	132270600	132274200	8
chr5	141360000	141360400	10
chr20	26208000	26209600	10
chr17	43322600	43323800	11
chr20	49279800	49280800	3
chr5	175114400	175114800	8
chr17	35150800	35151200	11
chr17	32822200	32822800	11
chrX	137438000	137438400	11
chr12	34219400	34219800	11
chr1	121742400	121743600	11
chrX	109054000	109054600	11
chr10	96801400	96801800	11
chr2	144514400	144515800	3
chr2	132264600	132266600	8
chr12	132767200	132767600	8
chr12	127165800	127166600	11
chr9	62802400	62803000	10
chr13	27459400	27460000	8
chr2	229180600	229181000	8
chr14	87771000	87771600	11
chr17	78357400	78358800	3
chr2	132274800	132276000	8
chr9	74496800	74497600	10
chr19	16325600	16328200	3
chr16	28986600	28987600	3
chr14	75279200	75281400	3
chr4	79352400	79353600	11
chr21	8986400	8987200	8
chr8	81842200	81842600	10
chr4	52800	54200	8
chr9	64970000	64970400	11
chr15	76059600	76060000	10
chr5	71850600	71851000	11
chr1	156216400	156217000	8
chr9	113055800	113057400	11
chr14	67044400	67044800	8
chrX	62498000	62498400	8
chr2	132267400	132268600	11
chr2	231679400	231679600	11
chr9	63818400	63819000	11
chr2	132276600	132277400	8
chr17	43386200	43386600	8
chr19	34961800	34962400	8
chr17	5096800	5097600	11
chr21	8988000	8988600	11
chr16	34153000	34157000	8
chr9	42899800	42900200	11
chr15	55588000	55588600	10
chr19	35575400	35575800	11
chr1	206910000	206910200	3
chr1	91387000	91387600	11
chr7	44883600	44884200	3
chr8	55842400	55842800	8
chr8	69689800	69690200	11
chr19	7351800	7352400	8
chr7	150519600	150521600	3
chr3	128486600	128487000	11
chr5	134115600	134117800	3
chr10	27742200	27742600	10
chr22	18730400	18730800	8
chr17	45019000	45019400	10
chr1	31413000	31413400	10
chr19	58183800	58184200	8
chr5	141370200	141370600	10
chr19	57707800	57708200	8
chr3	169661000	169661400	10
chr6	137044200	137044600	10
chr4	112705800	112706400	10
chr17	7650800	7651000	10
chr13	51222000	51222600	10
chr12	20551200	20551600	11
chr4	69430800	69431200	8
chr1	32539200	32539800	10
chr2	73177400	73177600	10
chr11	107591000	107591400	10
chr2	132257400	132257800	8
chr4	190020400	190021600	11
chr7	5420600	5422000	10
chr4	173509400	173509800	10
chrX	107714000	107716000	3
chr12	26122200	26122800	10
chr6	28587200	28587800	10
chr17	81399800	81400200	10
chr12	113080200	113080600	8
chr10	92692000	92692800	12
chr15	78811200	78811600	10
chr10	21516800	21517400	10
chr5	178585400	178585600	11
chr20	30376200	30377600	8
