chr21	10683056	10733056	22
chr21	10675256	10725256	22
chr3	32820308	32870308	9
chr3	32836908	32886908	9
chr20	47311856	47361856	13
chr19	38647160	38697160	9
chr22	36325755	36375755	9
chr16	73021701	73071701	9
chr19	51860547	51910547	18
chr3	32840708	32890708	9
chr20	47305856	47355856	9
chr15	25042053	25092053	20
chr17	17680286	17730286	22
chr8	30382484	30432484	9
chr22	36319155	36369155	9
chr10	125113031	125163031	9
chr10	38483472	38579469	22
chr12	133091614	133141614	22
chr10	41838408	42104752	19
chr10	38811669	41693608	22
chr19	1230401	1280401	14
chr7	131509041	131559041	9
chr4	424611	474611	4
chr10	38487072	38583069	22
chr2	60507465	60557465	11
chr19	38660760	38710760	9
chr1	56530128	56580327	9
chr16	73010301	73060301	9
chr8	127792954	127842954	9
chr8	38424882	38474882	9
chr17	17673686	17723686	22
chr9	131392413	131442413	9
chr1	164557963	164607963	11
chr20	47298656	47348656	9
chr10	21493871	21543871	16
chrX	40061747	40111747	11
chr8	127794354	127844354	9
chr2	63839666	63889666	16
chr6	15241769	15291769	9
chr1	27555489	27605489	22
chr19	1225401	1275401	14
chr15	92881170	92931170	9
chr3	185778612	185828612	9
chr3	185778212	185828212	9
chr17	48990038	49040038	18
chr19	23335798	23385798	6
chr9	131396613	131446613	9
chr16	85568594	85618594	23
chr8	127851154	127901154	9
chr5	139636015	139686015	11
chr10	21505471	21555471	16
chr1	164568763	164618763	11
chr19	36511698	36561698	4
chr17	48564438	48614438	23
chr19	20077591	20127591	14
chr17	77432118	77482118	9
chr8	143911232	143961232	9
chr8	30411484	30461484	3
chr11	12675453	12725453	9
chr8	127852554	127902554	9
chr10	79110643	79160643	18
chr5	116527104	116577104	9
chr20	62898248	62948248	11
chr1	63772329	63822329	9
chr17	48994038	49044038	18
chr8	30499683	30549683	9
chr15	96320571	96370571	22
chr8	30499283	30549283	9
chr19	4368003	4418003	9
chr8	127853554	127903554	9
chrX	40047547	40097547	11
chr14	68931083	68981083	4
chr1	27560689	27610689	22
chr13	99949346	99999346	9
chr2	60498065	60548065	3
chr20	10625752	10675752	9
chr5	124700107	124750107	16
chr1	42922929	42972929	11
chr1	54308727	54358727	9
chr8	38410682	38460682	9
chr14	21220441	21270441	9
chr8	143929432	143979432	9
chr20	32760594	32810594	22
chr7	131499841	131549841	9
chr1	54286527	54336527	9
chr18	58858968	58908968	9
chr17	7204081	7254081	13
chr3	172126410	172176410	18
chr1	2227161	2277161	9
chr18	62740967	62790967	3
chr18	62713767	62763767	9
chr3	61660526	61710526	23
chr1	26691909	26741909	9
chr16	85604794	85654794	9
chr1	204072072	204122072	13
chr4	86998848	87048848	16
chr16	85602994	85652994	9
chr6	15399569	15449569	20
chr15	98645771	98695771	9
chr17	77447918	77497918	11
