chr9	3258800	3259000	14	7.01045	1	(3,14)	10.1558	1	13.5679
chr11	3169400	3169600	6	8.93587	1	(6,14)	8.29083	1	13.5163
chr12	67059400	67059600	6	10.1435	1	(6,6)	6.9898	1	13.3982
chr9	3004600	3004800	6	7.67939	1	(6,14)	9.29648	1	13.3643
chr11	3160000	3160200	6	7.67939	1	(6,14)	9.29648	1	13.3643
chr5	137152200	137152400	14	5.58709	1	(6,14)	5.33224	1	13.2406
chr18	68692000	68692200	3	6.97613	1	(3,14)	4.80014	1	13.1948
chr14	19418400	19418600	14	6.67767	1	(3,14)	7.44394	1	13.0778
chr13	55323600	55323800	12	11.746	1	(12,12)	10.4384	1	13.0536
chr7	44840200	44840400	12	11.7434	1	(12,12)	10.4384	1	13.0485
chr7	27163400	27163600	12	11.7434	1	(12,12)	10.4384	1	13.0485
chr13	119617200	119617400	14	5.51038	1	(12,14)	5.11063	1	13.0191
chr5	143254200	143254400	3	7.02974	1	(3,12)	6.46824	1	13.0177
chr2	90395200	90395400	3	8.19634	1	(3,12)	7.8934	1	12.9929
chr2	5379200	5379400	3	8.19634	1	(3,12)	7.8934	1	12.9929
chr11	102399800	102400000	3	7.34382	1	(3,10)	7.41048	1	12.9546
chr2	181917800	181918000	6	5.69593	1	(3,6)	6.39884	1	12.9487
chr12	80757400	80757600	3	8.34367	1	(3,10)	5.82107	1	12.9333
chr1	85591200	85591400	14	6.58077	1	(6,14)	9.29648	1	12.9249
chr11	3196800	3197000	14	6.58077	1	(6,14)	9.29648	1	12.9249
chr11	3144800	3145000	14	6.58077	1	(6,14)	9.29648	1	12.9249
chr9	3015600	3015800	6	8.4268	1	(6,14)	5.33224	1	12.8723
chr11	3194000	3194200	6	8.4268	1	(6,14)	5.33224	1	12.8723
chrX	169990400	169990600	12	7.12768	1	(12,14)	4.18579	1	12.8531
chr17	3082200	3082400	12	7.12768	1	(12,14)	4.18579	1	12.8531
chr11	3152400	3152600	12	5.76147	1	(12,14)	5.11063	1	12.8018
chr16	11144000	11144200	12	10.0883	1	(12,12)	7.58669	1	12.8007
chr11	3179800	3180000	6	5.66505	1	(6,14)	5.33224	1	12.7982
chr11	3148600	3148800	6	5.95724	1	(6,14)	7.29411	1	12.7827
chr11	3133600	3133800	6	5.95724	1	(6,14)	7.29411	1	12.7827
chr11	3151400	3151600	6	5.70174	1	(6,14)	5.33224	1	12.7705
chr11	3132200	3132400	6	5.70174	1	(6,14)	5.33224	1	12.7705
chrX	76599000	76599200	6	12.7601	1	(6,6)	12.7601	1	12.7601
chrX	112370800	112371000	6	12.7601	1	(6,6)	12.7601	1	12.7601
chrM	1800	2000	6	12.7601	1	(6,6)	12.7601	1	12.7601
chr9	35305400	35305600	6	12.7601	1	(6,6)	12.7601	1	12.7601
chr9	3030200	3030400	6	12.7601	1	(6,6)	12.7601	1	12.7601
chr9	24542000	24542200	6	12.7601	1	(6,6)	12.7601	1	12.7601
chr9	121371200	121371400	6	12.7601	1	(6,6)	12.7601	1	12.7601
chr8	126595400	126595600	6	12.7601	1	(6,6)	12.7601	1	12.7601
chr7	126776200	126776400	6	12.7601	1	(6,6)	12.7601	1	12.7601
chr6	124806200	124806400	6	12.7601	1	(6,6)	12.7601	1	12.7601
chr5	125141000	125141200	6	12.7601	1	(6,6)	12.7601	1	12.7601
chr5	123135000	123135200	6	12.7601	1	(6,6)	12.7601	1	12.7601
chr4	70378200	70378400	6	12.7601	1	(6,6)	12.7601	1	12.7601
chr4	126103000	126103200	6	12.7601	1	(6,6)	12.7601	1	12.7601
chr3	88509400	88509600	6	12.7601	1	(6,6)	12.7601	1	12.7601
chr2	98667000	98667200	6	12.7601	1	(6,6)	12.7601	1	12.7601
chr2	98665200	98665400	6	12.7601	1	(6,6)	12.7601	1	12.7601
chr2	98662800	98663000	6	12.7601	1	(6,6)	12.7601	1	12.7601
chr2	30719000	30719200	6	12.7601	1	(6,6)	12.7601	1	12.7601
chr2	165884000	165884200	6	12.7601	1	(6,6)	12.7601	1	12.7601
chr2	118762400	118762600	6	12.7601	1	(6,6)	12.7601	1	12.7601
chr19	44293000	44293200	6	12.7601	1	(6,6)	12.7601	1	12.7601
chr1	86435000	86435200	6	12.7601	1	(6,6)	12.7601	1	12.7601
chr18	40308200	40308400	6	12.7601	1	(6,6)	12.7601	1	12.7601
chr18	37825400	37825600	6	12.7601	1	(6,6)	12.7601	1	12.7601
chr18	3005800	3006000	6	12.7601	1	(6,6)	12.7601	1	12.7601
chr18	12949200	12949400	6	12.7601	1	(6,6)	12.7601	1	12.7601
chr13	119488800	119489000	6	12.7601	1	(6,6)	12.7601	1	12.7601
chr12	86801600	86801800	6	12.7601	1	(6,6)	12.7601	1	12.7601
chr1	183299400	183299600	6	12.7601	1	(6,6)	12.7601	1	12.7601
chr11	60114200	60114400	6	12.7601	1	(6,6)	12.7601	1	12.7601
chr1	134093400	134093600	6	12.7601	1	(6,6)	12.7601	1	12.7601
chr1	134061200	134061400	6	12.7601	1	(6,6)	12.7601	1	12.7601
chr11	109011800	109012000	6	12.7601	1	(6,6)	12.7601	1	12.7601
chr10	80153000	80153200	6	12.7601	1	(6,6)	12.7601	1	12.7601
chr10	79853000	79853200	6	12.7601	1	(6,6)	12.7601	1	12.7601
chr1	85277800	85278000	14	6.46284	1	(6,14)	6.79943	1	12.7563
chr11	3154000	3154200	14	6.46284	1	(6,14)	6.79943	1	12.7563
chrX	87238400	87238600	3	5.69957	1	(3,14)	5.84784	1	12.7376
chr5	32730200	32730400	12	5.98004	1	(12,14)	6.99863	1	12.7317
chr11	3183800	3184000	14	4.24733	1	(6,14)	3.89542	1	12.731
chr11	3149600	3149800	14	4.24733	1	(6,14)	3.89542	1	12.731
chr17	39848600	39848800	6	8.43228	1	(3,6)	7.28366	1	12.7305
chr11	3166400	3166600	14	6.3961	1	(12,14)	8.92714	1	12.7261
chr7	83882400	83882600	4	12.7211	1	(4,4)	12.7211	1	12.7211
chr7	19664000	19664200	4	12.7211	1	(4,4)	12.7211	1	12.7211
chr7	122101000	122101200	4	12.7211	1	(4,4)	12.7211	1	12.7211
chr2	174416400	174416600	4	12.7211	1	(4,4)	12.7211	1	12.7211
chr15	75910800	75911000	4	12.7211	1	(4,4)	12.7211	1	12.7211
chr10	34284000	34284200	4	12.7211	1	(4,4)	12.7211	1	12.7211
chr11	3181200	3181400	6	6.88993	1	(6,14)	4.37046	1	12.7116
chr9	3034200	3034400	12	4.23478	1	(12,14)	3.72921	1	12.6935
chr9	3025400	3025600	6	9.75184	1	(6,6)	6.9898	1	12.6887
chr2	98663800	98664000	6	9.75184	1	(6,6)	6.9898	1	12.6887
chr19	61267200	61267400	6	7.11985	1	(3,6)	8.1774	1	12.6881
chr7	19005600	19005800	12	10.032	1	(12,12)	7.58669	1	12.687
chr2	25271200	25271400	12	10.032	1	(12,12)	7.58669	1	12.687
chr17	3081600	3081800	6	5.51541	1	(6,12)	4.21426	1	12.6744
chr11	3179000	3179200	14	4.22469	1	(6,14)	3.89542	1	12.6582
chr11	3181000	3181200	14	5.35311	1	(6,14)	5.33224	1	12.6423
chr9	3035800	3036000	6	11.1311	1	(6,6)	9.64254	1	12.6197
chr6	3201400	3201600	6	11.1311	1	(6,6)	9.64254	1	12.6197
chr5	146261200	146261400	6	11.1311	1	(6,6)	9.64254	1	12.6197
chr3	8245800	8246000	14	5.45666	1	(3,14)	5.84784	1	12.6031
chr2	26638400	26638600	12	11.5142	1	(12,12)	10.4384	1	12.5901
chr11	3130800	3131000	6	9.62299	1	(6,6)	6.9898	1	12.5825
chr11	97780600	97780800	12	9.98629	1	(12,12)	7.58669	1	12.5738
chr2	181931000	181931200	3	6.75931	1	(3,6)	8.1774	1	12.5439
