chr22	36719200	36729200	8
chr10	3818200	3828200	8
chr19	1248400	1258400	8
chr19	1249400	1259400	8
chr19	39183200	39193200	8
chr10	3819600	3829600	8
chr19	2041000	2051000	8
chr8	145007800	145017800	8
chr8	145008000	145018000	8
chr19	2040400	2050400	8
chr17	59473400	59483400	14
chr2	133025000	133035000	14
chr6	32935800	32945800	2
chr19	41303800	41313800	8
chr7	5458600	5468600	3
chr19	58768800	58778800	12
chr15	25298200	25308200	12
chr19	54704200	54714200	7
chr8	99951600	99961600	14
chr19	1266600	1276600	8
chr1	37937400	37947400	8
chr17	35288600	35298600	15
chr11	31831400	31841400	14
chr19	58638200	58648200	12
chr15	76626400	76636400	14
chr12	6441600	6451600	8
chr10	42375400	42385400	14
chr19	58715200	58725200	12
chr19	58702000	58712000	12
chr19	58752800	58762800	12
chr19	58490800	58500800	12
chr10	42355400	42365400	14
chr14	69253200	69263200	1
chr2	172958800	172968800	14
chr5	177631400	177641400	1
chr11	65620000	65630000	1
chr21	11126000	11136000	12
chr12	122233200	122243200	1
chr15	25308400	25318400	12
chr2	89869400	89879400	14
chr10	101289600	101299600	14
chr12	133516600	133526600	12
chr6	32937600	32947600	2
chr21	10773800	10783800	12
chr19	1264800	1274800	8
chr11	64637200	64647200	8
chr19	4058600	4068600	8
chr21	10797400	10807400	12
chr11	65264400	65274400	8
chr3	128202200	128212200	14
chr19	10397400	10407400	14
chr10	39078600	39088600	12
chr19	10397600	10407600	14
chr12	6333600	6343600	8
chr21	11107800	11117800	12
chr17	4842400	4852400	8
chr1	113240600	113250600	8
chr4	49146400	49156400	12
chr7	129417200	129427200	14
chr17	46124200	46134200	8
chr4	49638800	49648800	12
chr11	65336400	65346400	3
chr2	219260800	219270800	8
chr10	42390800	42400800	14
chr17	77770000	77780000	1
chr17	7136600	7146600	1
chr2	43446000	43456000	2
chr21	10813600	10823600	12
chr17	7475200	7485200	8
chr10	104401600	104411600	1
chr12	133619800	133629800	12
chr22	39915600	39925600	8
chr19	58125200	58135200	1
chr11	31824800	31834800	14
chr6	5995800	6005800	14
chr17	7475800	7485800	1
chr11	118787000	118797000	1
chr17	4841400	4851400	8
chr1	197879600	197889600	14
chr2	89851400	89861400	12
chr16	86537600	86547600	2
chr18	46469600	46479600	2
chr11	6623800	6633800	4
chr2	175197800	175207800	14
chr12	7070800	7080800	1
chr19	39190400	39200400	8
chr1	155099400	155109400	8
chr4	49650000	49660000	14
chr6	31696600	31706600	8
chr17	8058000	8068000	8
chr2	63274400	63284400	14
chr2	28613200	28623200	1
chr19	1255200	1265200	8
chr5	172192000	172202000	8
chr2	232570000	232580000	8
chr17	79365800	79375800	1
chr17	1962400	1972400	8
chr1	150542800	150552800	8
chr16	31137600	31147600	8
chr14	38059600	38069600	1
