chr15	89902800	89952800	11
chr21	11090800	11140800	13
chr4	40200	90200	11
chr4	40600	90600	11
chr4	40800	90800	11
chr15	96863200	96913200	11
chr21	11087200	11137200	13
chr21	10773200	10823200	8
chr10	39103400	39153400	8
chr19	9450200	9500200	1
chr2	132995800	133045800	11
chr3	181405200	181455200	3
chr15	25291200	25341200	8
chr16	33922000	33972000	11
chr2	89831800	89881800	13
chr7	96607400	96657400	12
chr12	133655400	133705400	2
chr3	147092800	147142800	12
chr2	91771800	91821800	11
chr19	37102200	37152200	8
chr19	57045200	57095200	8
chr10	42355000	42405000	8
chr19	37349600	37399600	8
chr4	190472200	190522200	13
chr19	58739000	58789000	3
chr19	37904400	37954400	8
chr19	37004200	37054200	2
chr2	133003800	133053800	11
chr14	99691800	99741800	11
chr5	178348400	178398400	2
chr10	38769200	38819200	8
chr9	126758400	126808400	11
chr19	52358800	52408800	8
chr19	38028400	38078400	8
chr19	58679800	58729800	8
chr19	56917800	56967800	8
chr5	140762000	140812000	1
chr22	46458200	46508200	3
chr1	156366200	156416200	3
chr1	156367600	156417600	3
chr19	37613400	37663400	8
chr1	156362000	156412000	3
chr4	417200	467200	8
chr5	92902800	92952800	2
chr13	100601600	100651600	11
chr7	27179000	27229000	11
chr16	46404800	46454800	8
chr21	10823400	10873400	8
chr5	92900600	92950600	2
chr19	52463800	52513800	8
chr21	11137400	11187400	13
chr8	26439600	26489600	3
chr17	77747600	77797600	11
chr6	10380400	10430400	11
chr12	4371400	4421400	12
chr2	176931600	176981600	11
chr19	37198400	37248400	8
chr12	4368400	4418400	12
chr2	176993600	177043600	11
chr19	56957800	57007800	8
chr19	37281600	37331600	8
chr3	75766600	75816600	8
chr5	178377400	178427400	8
chr12	54378600	54428600	11
chr4	174414000	174464000	12
chr4	409600	459600	8
chr3	75689200	75739200	10
chr10	102467600	102517600	11
chr21	9825200	9875200	8
chr11	31808600	31858600	11
chr3	181419200	181469200	3
chr3	75690400	75740400	10
chr2	219821000	219871000	11
chr19	58616200	58666200	8
chr17	77769400	77819400	11
chr17	46654600	46704600	11
chr16	723400	773400	3
chr19	58472200	58522200	3
chr19	13109200	13159200	3
chr19	37883400	37933400	8
chr12	115100800	115150800	11
chr20	62082800	62132800	12
chr2	45136600	45186600	11
chr10	118885600	118935600	11
chr12	133494600	133544600	8
chr19	53704400	53754400	8
chr2	220345400	220395400	11
chr20	44638400	44688400	11
chr17	37747400	37797400	12
chr7	96626200	96676200	12
chr11	113928200	113978200	3
chr4	49108600	49158600	8
chr19	44955600	45005600	2
chr19	44339200	44389200	8
chr17	37746200	37796200	12
chr12	133716600	133766600	2
chr3	75752400	75802400	8
chr19	58041000	58091000	8
chr19	52350000	52400000	1
chr13	112711400	112761400	12
