chr15	25291400	25341400	20
chr19	58741000	58791000	20
chr12	133655400	133705400	20
chr19	58675800	58725800	20
chr4	418400	468400	4
chr19	37004200	37054200	20
chr19	37201400	37251400	20
chr19	58475000	58525000	20
chr19	58041000	58091000	20
chr19	57049000	57099000	1
chr19	39137800	39187800	22
chr19	52462800	52512800	20
chr19	39139400	39189400	9
chr19	58605800	58655800	20
chr19	23518200	23568200	20
chr19	37109000	37159000	22
chr19	58667800	58717800	20
chr22	36720000	36770000	9
chr22	36721600	36771600	9
chr19	57053000	57103000	1
chr12	133605800	133655800	20
chr4	399600	449600	20
chr12	133757600	133807600	20
chr19	52358600	52408600	20
chr19	37614400	37664400	1
chr19	37349600	37399600	20
chr19	37285800	37335800	20
chr19	37903400	37953400	20
chr12	133720400	133770400	20
chr22	36687800	36737800	9
chr5	179670800	179720800	20
chr4	329800	379800	4
chr19	44955600	45005600	20
chr12	133484000	133534000	20
chr8	144985600	145035600	1
chr19	52354000	52404000	20
chr10	120791200	120841200	3
chr19	38022400	38072400	20
chr19	52536400	52586400	20
chr12	133485200	133535200	20
chr19	58459200	58509200	20
chr19	52790800	52840800	1
chr19	52592600	52642600	1
chr8	144989000	145039000	1
chr19	9447400	9497400	20
chr19	52868200	52918200	1
chr19	37219400	37269400	20
chr19	56914400	56964400	1
chr19	56915000	56965000	1
chr4	337600	387600	20
chr19	15360600	15410600	9
chr19	37873600	37923600	20
chr20	34282200	34332200	1
chr14	21688600	21738600	1
chr15	93424600	93474600	1
chr19	15366200	15416200	9
chr17	75420200	75470200	3
chr19	53706400	53756400	20
chr17	75422200	75472200	3
chr16	3420400	3470400	1
chr1	2158600	2208600	1
chr19	44951400	45001400	20
chr10	80826600	80876600	1
chr20	61536200	61586200	1
chr2	176931600	176981600	23
chr19	9486600	9536600	20
chr16	3326800	3376800	20
chr20	45940400	45990400	9
chr9	134268400	134318400	9
chr15	93422200	93472200	1
chr4	52800	102800	4
chr17	7117200	7167200	1
chr12	120654000	120704000	22
chr14	74205000	74255000	3
chr11	62293200	62343200	1
chr10	102469800	102519800	23
chr19	56145600	56195600	1
chr19	1237000	1287000	1
chr1	27018600	27068600	1
chr14	69397400	69447400	1
chr17	20898000	20948000	22
chr1	27881400	27931400	3
chr17	37023600	37073600	1
chr1	27019600	27069600	1
chr12	110717800	110767800	3
chr16	70555400	70605400	3
chr17	80183200	80233200	3
chr7	157128600	157178600	1
chr15	96864000	96914000	1
chr10	82213600	82263600	22
chr10	126801200	126851200	1
chr7	27203200	27253200	2
chr22	50172000	50222000	22
chr12	53845800	53895800	22
chr19	37602200	37652200	20
chr6	31587400	31637400	1
chr17	46782800	46832800	23
chr7	27205800	27255800	2
chr4	10070400	10120400	1
chr2	176982800	177032800	2
