chr17	41371600	41392400	14
chr19	7505200	7526000	12
chr7	158377800	158398200	14
chr17	77775400	77796600	15
chr7	156787000	156807200	15
chr12	48387000	48407600	15
chr1	866200	886600	15
chr12	48287600	48308200	15
chr5	140689200	140709800	4
chr19	57977200	57997600	4
chr10	46964400	46986800	15
chr1	2452400	2473000	15
chr1	865000	885400	15
chr19	18050000	18070400	15
chr11	69505400	69525800	15
chr19	58116600	58137600	4
chr1	17410200	17430400	8
chr1	5536000	5556200	15
chr19	18050600	18071800	15
chr17	35281000	35301200	15
chr1	860600	881200	15
chr2	74715400	74736400	15
chr17	77762000	77782600	15
chr3	138646200	138667200	15
chr17	28554600	28575000	15
chr1	199999200	200019600	15
chrY	58845800	58866200	14
chr17	77778200	77798400	15
chr1	17020000	17040400	15
chr11	46290800	46311400	15
chr20	47886400	47908000	8
chr17	79466600	79488600	8
chr6	32932200	32952600	8
chr11	65262000	65284200	8
chr2	232566200	232587400	8
chr8	17501600	17522400	8
chr12	2355000	2375200	14
chr20	42077800	42098000	8
chr2	91806600	91827000	15
chr5	180247000	180267400	3
chr5	179038600	179059000	8
chr3	52018800	52039000	8
chr17	41390200	41411000	14
chr2	217491800	217512200	15
chr17	74062200	74082800	15
chr5	72518600	72539200	15
chr14	61098800	61119200	15
chr17	35282800	35303000	15
chr12	54378800	54399200	15
chr12	58149400	58170000	15
chr7	156803600	156823800	15
chr7	1277800	1298200	15
chr10	124883000	124903200	15
chr8	23557000	23577200	15
chr9	96704800	96725800	15
chr16	205400	225600	15
chr17	74063200	74083400	15
chr4	13514600	13534800	15
chr9	37020000	37040200	15
chr1	845800	866000	15
chr2	219913800	219934800	15
chr1	6473600	6494200	15
chr1	17018000	17038200	15
chr12	133605000	133625200	4
chr19	58940400	58960800	4
chr19	58079000	58099400	4
chr20	62143800	62164200	8
chr16	89779200	89799800	8
chr17	75161000	75181200	12
chr19	10109200	10129800	15
chr14	70225000	70245200	8
chr15	74419400	74439600	15
chr9	92084000	92104200	8
chr1	16073800	16094400	15
chr17	39836200	39856400	8
chr1	109801000	109821400	8
chr3	186492600	186513800	8
chr15	92877800	92898200	15
chr1	203266600	203287000	8
chr1	143273600	143293800	14
chr8	43082800	43103400	14
chr17	74721600	74741800	8
chr22	39908800	39929600	8
chr19	3424600	3444800	8
chr2	219848800	219869000	15
chr21	38070400	38090600	15
chr9	124972200	124992800	15
chr1	92936600	92957000	15
chr14	102542000	102562200	8
chr19	13040800	13061000	8
chr8	146006400	146027000	8
chr19	3974000	3994200	8
chr17	74721200	74741400	8
chr16	89618000	89638400	8
chr5	178357000	178377200	12
chr19	46378200	46398400	4
chr5	178441600	178462000	4
chr12	6635200	6655600	8
chr3	134074000	134094400	8
chr3	134066800	134088000	8
