chr21	10688456	10738456	12
chr10	41839408	42105752	14
chr10	38485072	38581069	12
chr10	38811669	41693608	12
chr2	89787797	89844190	12
chr21	10365256	10415256	12
chr22	36321755	36371755	8
chr15	25046453	25096453	12
chr16	34124533	34174533	14
chr19	58227634	58277634	4
chr19	58164833	58215034	3
chr20	30397524	31245597	12
chr2	176066872	176116872	14
chr12	133036614	133086614	4
chr2	132238227	132288227	14
chr4	49106583	49156583	12
chr19	1236801	1286801	8
chr12	53951216	54001216	14
chr3	75704249	75754249	12
chr17	48591838	48641838	14
chr19	1226401	1276401	8
chr10	100708843	100758843	15
chr19	1242001	1292001	8
chr7	27143381	27193381	14
chr19	38647360	38697360	2
chr4	424611	474611	4
chr12	133097214	133147214	1
chr22	36332355	36382355	8
chr12	133181214	133231214	2
chr22	36306154	36356355	8
chr17	48709638	48759638	14
chr19	36513298	36563298	1
chr6	10380167	10430167	4
chr15	96319571	96369571	8
chr9	123994121	124044121	14
chr16	36049629	46429088	14
chr19	57529632	57579632	3
chr17	79772401	79822401	2
chr8	11675291	11725291	14
chr13	99949346	99999346	15
chr4	49118783	49168783	12
chr7	155442105	155492105	14
chr17	79789801	79839801	2
chr9	126605521	126655521	14
chr19	57960432	58010432	1
chr4	40599	93913	12
chr4	10069776	10119776	8
chr19	44447412	44501348	4
chr19	36706098	36756098	12
chr19	38668960	38718960	9
chr19	58093833	58143833	4
chr16	3281800	3331800	4
chr14	73711897	73761897	8
chr19	1219801	1269801	8
chr3	75667649	75717649	14
chr14	73711497	73761497	8
chr19	38676560	38726560	9
chr16	3364600	3414600	4
chr17	7213881	7263881	8
chr19	51855347	51905347	4
chr15	89357369	89407369	14
chr12	132907414	132957414	3
chr19	1733601	1783601	15
chr12	54004616	54054616	14
chr3	147375013	147425013	14
chr19	37106498	37156498	12
chr17	40306348	40356348	4
chr19	51992547	52042547	1
chr4	10077176	10127176	8
chr11	65460929	65510929	8
chr10	42295152	42345152	12
chr11	65461729	65511729	8
chr11	62529328	62579328	2
chr11	801800	851800	8
chr19	37535898	37586099	2
chr7	96980688	97030688	14
chr2	132251827	132301827	14
chr2	92084374	92134374	14
chr11	803000	853000	8
chr17	8114882	8164882	15
chr12	57195017	57245017	14
chr10	101114643	101164643	14
chr9	123969121	124019121	14
chr8	143927632	143977632	8
chr1	156456208	156506208	2
chr19	52287347	52337347	3
chr17	40314948	40364948	14
chr16	679400	729400	7
chr10	42298552	42348552	12
chr10	101203043	101253043	14
chr11	31793252	31843654	14
chr2	218957278	219007278	14
chr1	911820	961820	4
chr2	218852677	218902878	14
chr17	2041306	2091306	14
chr8	143912032	143962032	8
chr7	27203581	27253581	14
chr2	44918861	44968861	14
chr9	63786266	63836266	14
chr3	50226168	50276369	14
