chr17	48548238	48573238	11
chr7	27099981	27124981	1
chr7	27104181	27129181	1
chr17	48561038	48586038	9
chr17	48566838	48591838	9
chr19	12996986	13021986	4
chr17	48992238	49017238	9
chr7	27126581	27151581	23
chr19	13045786	13070786	23
chr17	50187239	50212239	18
chr19	13044186	13069186	23
chr19	13053586	13078586	23
chr12	6210034	6235034	3
chr22	46044920	46069920	23
chr7	27161581	27186581	24
chr19	13076586	13101586	2
chr3	66472376	66497376	13
chr15	96333571	96358571	10
chr11	75328156	75353156	15
chr17	48999638	49024638	4
chr16	86493194	86518194	22
chr7	27164981	27189981	24
chr5	149406437	149431437	19
chr10	44957752	44982752	22
chr12	53980616	54005616	4
chr9	121277922	121302922	24
chr2	60527665	60552665	18
chr11	65569529	65594529	13
chr5	93570294	93595294	4
chr10	79219243	79244243	18
chr19	13074186	13099186	2
chr10	44958352	44983352	22
chr17	50191039	50216039	14
chr22	27775212	27800212	14
chr11	118610685	118636482	15
chr17	2047906	2072906	9
chr12	54006616	54031616	23
chr15	96338371	96363371	10
chr17	45218833	45243833	22
chr12	54369616	54394616	22
chr16	70680097	70705097	22
chr15	96322771	96347771	24
chr1	207804455	207829455	3
chr8	30531283	30556283	17
chr16	73045301	73070301	13
chr11	114058678	114083678	11
chr2	239288705	239313705	13
chr5	150131637	150156637	13
chr11	114058478	114083478	11
chr1	207805055	207830055	3
chr5	150129637	150154637	3
chr12	114662595	114687595	10
chr10	79127443	79152443	13
chr12	54368616	54393616	22
chr9	121280722	121305722	13
chr5	141475233	141500233	13
chr7	27170581	27195581	3
chr2	85750477	85775477	14
chr1	156653608	156678608	9
chr14	64702482	64727482	9
chr19	1244201	1269201	14
chr11	118603085	118628484	22
chr17	61392439	61417439	1
chr2	217918277	217943277	13
chr16	73032101	73057101	4
chr16	73031901	73056901	4
chr2	132254227	132279227	22
chr12	57129217	57154217	18
chr2	239284905	239309905	13
chr1	27553689	27578689	1
chr14	91392256	91417256	14
chr19	12991786	13016786	4
chr14	99251663	99276663	14
chr1	156651808	156676808	9
chr14	93032455	93057455	14
chr16	4368799	4393799	13
chr7	5677169	5702169	13
chr1	21898507	21923507	15
chr20	10647152	10672152	11
chr11	65484729	65509729	22
chr3	50246568	50271769	11
chr20	62352544	62377544	13
chr14	91373256	91398256	14
chr8	30538683	30563683	14
chr2	85755677	85780677	2
chr1	26990509	27015509	9
chr12	124379054	124404054	1
chr2	217916077	217941077	13
chr1	43529329	43554329	9
chr5	141505633	141530633	9
chr16	73029701	73054701	4
chr6	33409223	33434223	14
chr15	40321999	40346999	19
chr11	62538128	62563128	11
chr3	134351158	134376158	13
chr1	208218255	208243255	16
chr10	132398296	132423296	3
chr12	124380854	124405854	1
chr17	50196239	50221239	14
chr5	150138637	150163637	13
