chr21	10688656	10738656	8
chr10	41838408	42104752	8
chr3	147371813	147421813	11
chr21	10366056	10416056	8
chr15	96320771	96370771	10
chr10	38485272	38581269	8
chr15	89365569	89415569	11
chr16	73023501	73073501	10
chr6	10378967	10428967	10
chr2	89787797	89844190	8
chr5	93567494	93617494	11
chr2	176139872	176189872	10
chr22	22365432	22417664	12
chr7	27089381	27139381	11
chr17	79796201	79846201	11
chr16	56616888	56666888	11
chr17	48541038	48591038	10
chr2	218853077	218903278	11
chr17	17677086	17727086	10
chr10	75389242	75439242	10
chr10	100708043	100758043	11
chr1	39667528	39717528	10
chr22	22194600	22251610	13
chr8	11675691	11725691	12
chr7	27167181	27217181	12
chr12	54014016	54064016	10
chr17	48598438	48648438	10
chr4	173492449	173542449	10
chr10	38810469	38860469	8
chr16	34127533	34177533	8
chr12	114662395	114712395	11
chr12	47988417	48038417	10
chr17	48711638	48761638	11
chr10	117126489	117176489	10
chr8	23680087	23730087	11
chr1	18626106	18676106	11
chr6	149946264	149996264	11
chr17	79772401	79822401	3
chr20	32760794	32810794	3
chr1	18624106	18674106	11
chr22	22055000	22108190	12
chr12	57194617	57244617	2
chr13	99949346	99999346	3
chr19	12984786	13034786	12
chr6	28768023	28818023	11
chr9	128377121	128427121	11
chr2	222279081	222329081	11
chr8	22021489	22071489	10
chr4	8852274	8902274	10
chr11	124713304	124763304	10
chr3	184558012	184608012	10
chr2	44916661	44966661	10
chr4	49106583	49156583	8
chr2	44918461	44968461	10
chr7	155444305	155494305	11
chr9	123996121	124046121	10
chr1	23348307	23398307	11
chr7	96982888	97032888	11
chr12	54080616	54130616	10
chr5	42995698	43045698	10
chr1	46446528	46496528	11
chr6	41369062	41419062	11
chr1	47410528	47460528	11
chr2	218956478	219006478	11
chr16	67149897	67199897	11
chr6	99579724	99629724	10
chr16	30657479	30707479	12
chr9	21961801	22011801	10
chr1	18607706	18657706	11
chr15	25044853	25094853	8
chr10	23159071	23209071	10
chr13	27783063	27833063	11
chr20	30399524	31247597	8
chr2	70860470	70910470	11
chr11	31789452	31839653	10
chr3	128451957	128501957	11
chr12	57723217	57773217	2
chr10	8026037	8076037	11
chr6	50811687	50861687	11
chr5	135461510	135511510	11
chr1	912420	962420	11
chr19	1740001	1790001	11
chr17	49954836	50004836	11
chr2	72883871	72933871	11
chr10	8028237	8078237	11
chr20	22553562	22603562	12
chr14	37574795	37624795	11
chr11	44291450	44341450	10
chr11	124828504	124878504	11
chr12	57204417	57254417	2
chr13	27941263	27991263	11
chr9	126606121	126656121	10
chr7	131509041	131559041	3
chr11	120167492	120217492	10
chr17	38557364	38607947	11
chr20	32754594	32804594	3
chr11	128885305	128935305	11
chr10	101114643	101164643	10
chr22	22417864	22469263	13
chr9	62798976	62848976	11
