chr15	25306000	25316000	8
chr19	58765000	58775000	8
chr19	58702000	58712000	8
chr19	58490600	58500600	8
chr12	133621000	133631000	8
chr15	25316200	25326200	8
chr19	58715200	58725200	8
chr19	58125600	58135600	8
chr8	146061800	146071800	8
chr7	6727400	6737400	8
chr11	65264200	65274200	3
chr19	44979400	44989400	8
chr10	42375600	42385600	8
chr19	58638400	58648400	8
chr19	9636600	9646600	8
chr19	7075800	7085800	8
chr6	32935600	32945600	3
chr10	42387000	42397000	8
chr12	133762600	133772600	8
chr2	89866600	89876600	8
chr5	179681400	179691400	8
chr6	32936400	32946400	3
chr16	68588600	68598600	8
chr3	75784200	75794200	8
chr19	37201600	37211600	8
chr19	58080600	58090600	8
chr19	9671200	9681200	8
chr19	8917200	8927200	8
chr19	37038000	37048000	8
chr10	42355400	42365400	8
chr19	12052800	12062800	8
chr20	47893800	47903800	3
chr4	49650000	49660000	8
chr21	10799800	10809800	8
chr17	79475800	79485800	3
chr17	79476000	79486000	3
chr19	52468000	52478000	8
chr10	3818400	3828400	3
chr21	10778800	10788800	8
chr4	49148400	49158400	8
chr2	95810000	95820000	8
chr16	46385800	46395800	8
chr19	9487600	9497600	8
chr12	133674400	133684400	8
chr19	52393800	52403800	8
chr15	25326400	25336400	8
chr12	133582400	133592400	8
chr5	178139800	178149800	8
chr6	36561200	36571200	3
chr4	49113200	49123200	8
chr19	12632800	12642800	8
chr2	95876400	95886400	8
chr11	31830000	31840000	10
chr19	58046000	58056000	8
chr19	52817400	52827400	8
chr19	58941800	58951800	8
chr9	99517800	99527800	8
chr19	44464800	44474800	8
chr7	5458400	5468400	1
chr17	35289000	35299000	11
chr19	19818600	19828600	8
chr19	37726200	37736200	8
chr16	3332800	3342800	1
chr19	52614000	52624000	8
chr19	37307000	37317000	8
chr16	3361800	3371800	8
chr1	234739400	234749400	3
chr1	234739600	234749600	3
chr14	69253600	69263600	3
chr12	133727400	133737400	8
chr1	180197400	180207400	11
chr18	18510800	18520800	8
chr19	37380400	37390400	8
chr12	122235000	122245000	1
chr1	197879400	197889400	11
chr19	52535000	52545000	8
chr2	43445600	43455600	3
chr11	31828400	31838400	10
chr5	54520400	54530400	11
chr19	44995000	45005000	1
chr17	35291600	35301600	12
chr6	36562800	36572800	3
chr16	3430200	3440200	8
chr12	133692600	133702600	8
chr19	52495600	52505600	8
chr12	46757800	46767800	3
chr19	9404400	9414400	8
chr1	197880200	197890200	11
chr12	133516800	133526800	8
chr18	55100200	55110200	11
chr2	73142400	73152400	11
chr1	150543000	150553000	3
chr19	52439200	52449200	8
chr19	9521200	9531200	8
chr14	37123400	37133400	11
chr3	134083600	134093600	3
chr19	52564800	52574800	8
chr9	96713000	96723000	10
chr8	25897400	25907400	11
chr19	37236400	37246400	8
