chr21	10701456	10726456	8
chr4	49631783	49656783	8
chr2	89816190	89841190	8
chr4	49096183	49121183	8
chr10	8039637	8064637	12
chr21	10380656	10405656	8
chr10	8039837	8064837	12
chr10	41841608	41866608	8
chr7	131533441	131558441	3
chr11	31803052	31828253	10
chr2	44928061	44953061	10
chr11	31804452	31829653	10
chr2	44928661	44953661	10
chr11	31802252	31827453	10
chr3	147388813	147413813	10
chr3	147390013	147415013	11
chr1	18629506	18654506	11
chr15	52782203	52807203	11
chr10	75395242	75420242	10
chr10	8030837	8055837	11
chr15	52783203	52808203	11
chr10	75396042	75421042	10
chr9	128384321	128409321	10
chr4	110615044	110640044	10
chr1	90706043	90731043	11
chr3	128472957	128497957	11
chr5	51375566	51400566	11
chr16	73027701	73052701	12
chr2	118831624	118856624	10
chr5	88671182	88696383	10
chr19	58241834	58266834	8
chr11	124738304	124763304	11
chr2	172082072	172107072	11
chr16	34132333	34157333	8
chr4	110609444	110634444	10
chr2	118833624	118858624	10
chr10	38510672	38581669	8
chr21	10651656	10676656	8
chr2	172080272	172105272	11
chr15	96321371	96346371	10
chr10	123130884	123155884	10
chr17	79792401	79817401	11
chr2	222287881	222312881	11
chr15	25050053	25075053	8
chr20	22556162	22581162	12
chr2	236154756	236179957	12
chr2	236155556	236180757	11
chr6	10398367	10423367	10
chr10	8044237	8069237	10
chr12	47998617	48023617	11
chr7	97000688	97025688	11
chr13	99967546	99992546	3
chr13	27952663	27977663	11
chr12	113460395	113485395	11
chr16	67153697	67178697	11
chr1	156419008	156444008	11
chr2	74495273	74520273	11
chr14	56794082	56819082	10
chr15	89388769	89413769	11
chr6	1603565	1628565	11
chr15	96341771	96366771	11
chr2	222296081	222321081	10
chr4	84479047	84504047	10
chr9	123995521	124020521	11
chr5	51377966	51402966	11
chr12	114664795	114689795	11
chr12	57216617	57241617	2
chr2	104850142	104875142	10
chr5	93569094	93594094	11
chr4	80182446	80207446	10
chr12	114669395	114694395	11
chr10	123128284	123153284	10
chr2	176164872	176189872	10
chr13	112051886	112076886	11
chr13	99966546	99991546	3
chr14	60634682	60659682	11
chr8	23693487	23718487	11
chr7	156998106	157023106	12
chr2	236153556	236178757	12
chr1	118978377	119003377	11
chr20	22562962	22587962	12
chr4	146631448	146656448	10
chr5	88665382	88690583	10
chr2	66422868	66447868	10
chr15	67816862	67841862	11
chr4	13522776	13547776	10
chr4	54087233	54112233	12
chr4	13524576	13549576	10
chr13	78586865	78611865	10
chr9	126608121	126633121	10
chr3	27709709	27734709	11
chr6	28763023	28788023	11
chr1	18622506	18647506	11
chr15	89359769	89384769	11
chr10	99518243	99543243	10
chr17	38556764	38582347	11
chr2	218874478	218899478	12
chr6	98823924	98848924	10
chr20	32761194	32786194	3
chr14	37579795	37604795	11
