chr2	132267427	132277427	14
chr3	134362758	134372758	8
chr20	49279063	49289063	8
chr22	36327155	36337155	8
chr17	61396239	61406239	15
chr17	61400839	61410839	14
chr16	34147333	34157333	14
chr7	27164381	27174381	14
chr7	27138981	27148981	2
chr7	27100781	27110781	3
chr7	23465181	23475181	14
chr19	44748943	44758943	8
chr18	15410201	20940439	14
chr2	172094072	172104072	15
chr8	98939372	98949372	15
chr7	23466981	23476981	14
chr20	31711197	31721197	8
chr18	48938230	48948230	3
chr2	132271627	132281627	14
chr19	1252801	1262801	8
chr17	48589438	48599438	14
chr7	27114381	27124381	1
chr3	128480957	128490957	15
chr7	27179381	27189381	15
chr9	63816666	63826666	14
chr17	48569638	48579638	14
chr17	48046838	48056838	8
chr12	4271234	4281234	8
chr10	8049437	8059437	14
chr12	4270234	4280234	8
chr17	48541038	48551038	3
chr12	114671595	114681595	8
chr19	1250601	1260601	3
chr10	8050037	8060037	14
chr19	27240892	27250892	14
chr19	1265401	1275401	8
chr6	10409767	10419767	14
chr14	60640882	60650882	15
chr8	98941572	98951572	15
chr1	150567524	150577524	8
chr17	2053306	2063306	16
chr4	173521449	173531449	15
chr15	63041601	63051601	8
chr15	96334171	96344171	8
chr2	172092472	172102472	15
chr1	220876458	220886458	5
chr18	22165239	22175239	16
chr5	2747486	2757486	1
chr22	46072520	46082520	8
chr8	143933432	143943432	8
chr19	44747143	44757143	8
chr4	54225033	54235033	14
chr6	1386765	1396765	14
chr17	2054106	2064106	16
chr17	48995438	49005438	15
chr2	132257027	132267027	14
chr12	57234217	57244217	16
chr16	54929088	54939088	15
chr19	13016786	13026786	3
chr19	40797895	40807895	8
chr19	40596694	40606694	14
chr2	19349839	19359839	15
chr11	825400	835400	4
chr8	143934432	143944432	8
chr1	220877258	220887258	5
chr10	3774808	3784808	8
chr6	1604965	1614965	14
chr17	38876947	38886947	8
chr15	63044601	63054601	8
chr6	1604765	1614765	14
chr1	150566724	150576724	8
chr16	86570394	86580394	14
chr2	63047065	63057065	15
chr22	46074520	46084520	3
chr19	54200133	54210332	8
chr19	13019986	13029986	3
chr11	69636032	69646032	8
chr7	25853180	25863180	14
chr15	96351571	96361571	3
chr5	93578894	93588894	14
chr11	65498729	65508729	8
chr19	13008986	13018986	3
chr9	121280322	121290322	9
chr11	31808452	31818452	14
chr2	63047465	63057465	15
chr19	13009586	13019586	3
chr1	150566524	150576524	8
chr9	137294148	137304148	14
chr16	73061901	73071901	14
chr2	176128272	176138272	14
chr15	96320571	96330571	3
chr20	47347856	47357856	3
chr15	76335059	76345059	14
chr1	37471399	37481399	8
chr15	96320171	96330171	3
chr9	137294348	137304348	14
chr17	81508774	81518774	8
chr17	40342348	40352348	8
chr9	137296148	137306148	3
chr4	10105976	10115976	8
