chr10	42355000	42405000	8
chr15	25293000	25343000	8
chr19	58677600	58727600	8
chr12	133655200	133705200	8
chr19	52462200	52512200	8
chr12	54362400	54412400	11
chr7	27191400	27241400	11
chr19	37201400	37251400	8
chr2	89830200	89880200	8
chr19	52358400	52408400	8
chr21	10774200	10824200	8
chr4	418200	468200	8
chr19	58741600	58791600	1
chr19	58040800	58090800	8
chr2	176952000	177002000	11
chr19	37004600	37054600	1
chr19	52354000	52404000	8
chr10	39104800	39154800	8
chr12	133608200	133658200	8
chr19	44955000	45005000	8
chr19	44953600	45003600	8
chr4	330600	380600	1
chr17	46673400	46723400	11
chr10	11205400	11255400	3
chr19	37903200	37953200	8
chr19	23518400	23568400	8
chr5	92900400	92950400	11
chr16	46386000	46436000	8
chr19	58668000	58718000	8
chr19	52784800	52834800	1
chr13	100604400	100654400	12
chr4	403200	453200	8
chr19	52535200	52585200	1
chr10	38772000	38822000	8
chr19	38027200	38077200	8
chr19	37349400	37399400	8
chr9	117110800	117160800	3
chr17	46784800	46834800	11
chr19	52422600	52472600	8
chr4	49104600	49154600	8
chr6	10380400	10430400	10
chr5	87948400	87998400	11
chr19	37211400	37261400	8
chr5	169681000	169731000	3
chr16	46404800	46454800	8
chr4	174420600	174470600	11
chr12	133723400	133773400	8
chr19	58473400	58523400	1
chr19	37108400	37158400	1
chr19	38018800	38068800	8
chr19	56904400	56954400	1
chr19	58607800	58657800	8
chr19	56905000	56955000	1
chr4	342200	392200	8
chr6	30412200	30462200	3
chr19	37614000	37664000	1
chr19	52585400	52635400	8
chr4	124000	174000	1
chr2	177004800	177054800	11
chr19	57048000	57098000	1
chr15	96864000	96914000	11
chr6	28736200	28786200	12
chr11	31815400	31865400	11
chr19	37612400	37662400	8
chr19	53700200	53750200	8
chr15	25265200	25315200	8
chr3	75753800	75803800	8
chr4	128200	178200	8
chr10	11186600	11236600	3
chr12	133733000	133783000	8
chr16	3330600	3380600	8
chr19	52872800	52922800	1
chr16	3328200	3378200	8
chr16	3414600	3464600	1
chr19	58466600	58516600	1
chr19	36987600	37037600	1
chr2	172936000	172986000	11
chr19	37861200	37911200	1
chr19	37279800	37329800	1
chr11	67010000	67060000	1
chr16	33932600	33982600	11
chr19	58258000	58308000	1
chr10	102468600	102518600	11
chr9	126758200	126808200	11
chr19	53042200	53092200	1
chr7	96613200	96663200	11
chr21	10824400	10874400	8
chr12	54412600	54462600	11
chr1	227818600	227868600	8
chr4	49115800	49165800	8
chr17	36716400	36766400	12
chr10	73486200	73536200	3
chr10	8067600	8117600	11
chr17	77769800	77819800	11
chr8	11532600	11582600	12
chr22	36723600	36773600	3
chr10	124876800	124926800	11
chr7	50416400	50466400	2
chr4	13502400	13552400	11
chr2	219821200	219871200	11
