chr7	5418969	5428969	1
chr6	32967623	32977623	1
chr22	36327155	36337155	8
chr10	3776008	3786008	2
chr19	1248201	1258201	2
chr11	65496729	65506729	8
chr3	134364558	134374558	1
chr12	121797094	121807094	1
chr11	31808452	31818452	14
chr14	68786683	68796683	1
chr21	10383656	10393656	12
chr2	43218261	43228261	1
chr21	10712656	10722656	12
chr10	41856208	41866208	12
chr15	25054653	25064653	12
chr21	10728456	10738456	12
chr17	7233481	7243481	1
chr2	231705690	231715690	8
chr5	55224572	55234572	14
chr5	55224372	55234372	14
chr17	4939705	4949705	1
chr10	41875008	41885008	14
chr15	25064853	25074853	12
chr19	1266601	1276601	8
chr2	89830990	89840990	14
chr18	3447002	3457002	1
chr8	26040484	26050484	14
chr17	36931900	36942503	14
chr2	170813890	170823890	14
chr19	58253834	58263834	12
chr19	58190633	58200633	12
chr1	197910270	197920270	14
chr19	1250401	1260401	8
chr2	72915071	72925071	14
chr1	180228065	180238065	14
chr2	72914871	72924871	14
chr11	118916291	118926291	1
chr3	75735049	75745049	12
chr18	57432968	57442968	14
chr17	8117482	8127482	14
chr11	31803652	31813652	14
chr4	49146383	49156383	12
chr17	81391800	81401800	1
chr19	54200133	54210332	1
chr17	36933500	36944500	14
chr21	10672256	10682256	12
chr17	28719182	28729182	1
chr1	197911070	197921070	14
chr9	37027803	37037803	14
chr17	4938105	4948105	1
chr17	2392306	2402306	1
chr1	234603654	234613654	2
chr21	10651656	10661656	12
chr12	6531834	6541834	1
chr19	58124833	58134833	12
chr4	49647983	51794034	14
chr4	49635183	49645183	12
chr10	38520872	38576869	12
chr3	187737012	187747012	1
chr11	65417529	65427529	1
chr6	32970423	32980423	1
chr1	150570524	150580524	1
chr6	36593423	36603423	1
chr9	93950718	93960718	14
chr2	89811990	89821990	12
chr7	26193380	26203380	1
chr15	67826262	67836262	14
chr17	48047038	48057038	1
chr1	8870541	8880541	1
chr4	49111183	49121183	12
chr11	65416329	65426329	1
chr17	79796201	79806201	1
chr18	57434368	57444368	14
chr10	3778408	3788408	2
chr17	79796001	79806001	1
chr4	10107776	10117776	1
chr6	36593623	36603623	1
chr3	138937358	138947358	14
chr13	78599865	78609865	14
chr14	36654195	36664195	14
chr1	50418328	50428328	14
chr12	6530434	6540434	1
chr10	123132684	123142684	14
chr17	81508974	81518974	8
chr1	90716843	90726843	14
chr1	156743208	156753208	1
chr4	112508844	112518844	14
chr3	137762158	137772158	14
chr18	57430768	57440768	14
chr11	65853729	65863729	1
chr6	5999367	6009367	14
chr19	39405360	39415360	1
chr19	57613832	57623832	1
chr17	28718182	28728182	1
chr21	36691900	36701900	14
chr10	102641643	102651643	1
chr19	57976232	57986232	12
chr11	6602770	6612969	1
chr12	6332834	6342834	1
chr21	10393856	10403856	12
