chr12	54383200	54433200	14
chr7	27179200	27229200	14
chr17	46662600	46712600	9
chr10	42355200	42405200	14
chr8	11533600	11583600	1
chr15	96864000	96914000	9
chr17	77764600	77814600	15
chr2	176952800	177002800	14
chr2	89830400	89880400	12
chr21	10773000	10823000	12
chr12	115093800	115143800	8
chr10	39076600	39126600	12
chr2	177005400	177055400	14
chr6	10380800	10430800	3
chr10	102467600	102517600	15
chr4	174415200	174465200	15
chr15	89903600	89953600	15
chr7	27238000	27288000	15
chr4	8854600	8904600	14
chr3	147081600	147131600	14
chr9	126754800	126804800	15
chr16	46385800	46435800	14
chr16	56658200	56708200	14
chr21	11089800	11139800	12
chr17	46786800	46836800	14
chr10	38769200	38819200	12
chr2	45145200	45195200	15
chr19	13093400	13143400	14
chr2	219718000	219768000	14
chr10	8072000	8122000	3
chr9	129367800	129417800	14
chr2	132995800	133045800	14
chr5	92904800	92954800	14
chr16	33932000	33982000	14
chr7	155234800	155284800	14
chr12	48374200	48424200	14
chr10	102873000	102923000	15
chr21	10823200	10873200	12
chr2	223140600	223190600	3
chr1	18951600	19001600	14
chr19	1227000	1277000	3
chr19	1741600	1791600	15
chr11	31808600	31858600	14
chr4	49104400	49154400	14
chr19	1237200	1287200	3
chr10	118885600	118935600	14
chr13	100601800	100651800	3
chr19	39140000	39190000	3
chr19	1231400	1281400	3
chr22	36719800	36769800	8
chr1	46912600	46962600	14
chr2	219822200	219872200	3
chr16	73056000	73106000	14
chr10	102960400	103010400	15
chr1	156598000	156648000	8
chr3	128169200	128219200	15
chr2	92275000	92325000	15
chr7	96613200	96663200	14
chr1	40131200	40181200	14
chr13	100600000	100650000	3
chr18	46441000	46491000	3
chr1	47875800	47925800	15
chr10	77148000	77198000	14
chr3	134044800	134094800	3
chr3	50264000	50314000	3
chr19	1224200	1274200	3
chr6	28735800	28785800	14
chr6	100026400	100076400	14
chr9	66454600	66504600	15
chr20	10606400	10656400	8
chr8	23537800	23587800	14
chr2	45155200	45205200	15
chr1	27884200	27934200	3
chr19	39153600	39203600	3
chr1	33785600	33835600	14
chr16	728800	778800	3
chr10	101265600	101315600	15
chr1	43388800	43438800	3
chr17	77782600	77832600	15
chr12	54436400	54486400	14
chr16	67183800	67233800	14
chr10	21782800	21832800	3
chr1	18959000	19009000	14
chr16	73062600	73112600	14
chr4	26800	76800	12
chr6	150240200	150290200	14
chr1	205251600	205301600	3
chr5	87948800	87998800	14
chr9	68390600	68440600	14
chr12	58117200	58167200	4
chr9	66452600	66502600	15
chr2	71086600	71136600	14
chr17	37744600	37794600	14
chr13	28513000	28563000	14
chr1	853000	903000	3
chr16	86505200	86555200	15
chr3	75690200	75740200	14
chr2	223128800	223178800	3
chr15	96849400	96899400	9
chr3	75753200	75803200	12
