chr10	3776208	3786208	2
chr11	65496729	65506729	8
chr6	32967823	32977823	8
chr22	36327355	36337355	8
chr19	1248201	1258201	2
chr2	43218261	43228261	1
chr21	10712656	10722656	12
chr10	41854808	41864808	14
chr12	121797294	121807294	1
chr21	10728456	10738456	12
chr10	41875008	41885008	14
chr14	68786683	68796683	1
chr7	5418769	5428769	1
chr21	10383656	10393656	12
chr2	89830790	89840790	14
chr2	231705490	231715490	8
chr17	4939705	4949705	1
chr11	31808452	31818452	14
chr15	25055253	25065253	12
chr19	1266601	1276601	8
chr5	55224572	55234572	14
chr5	55224772	55234772	14
chr17	7233481	7243481	1
chr15	25065653	25075653	12
chr21	10672256	10682256	12
chr6	36593423	36603423	8
chr7	26193180	26203180	1
chr4	49146383	49156383	12
chr19	58190633	58200633	12
chr3	75735049	75745049	12
chr21	10651656	10661656	12
chr19	58254234	58264234	12
chr4	49647983	51794034	14
chr10	38520872	38576869	12
chr4	49635183	49645183	12
chr1	150570524	150580524	1
chr17	8117482	8127482	14
chr2	89811990	89821990	12
chr11	65417529	65427529	1
chr4	49111183	49121183	12
chr1	197910270	197920270	14
chr6	32970423	32980423	8
chr11	65416529	65426529	1
chr1	234603654	234613654	8
chr17	36931900	36942503	14
chr2	170813890	170823890	14
chr2	72914871	72924871	14
chr19	1250601	1260601	8
chr6	36594023	36604023	8
chr17	4938105	4948105	1
chr4	10107776	10117776	1
chr19	54200133	54210332	1
chr1	180228065	180238065	14
chr1	8869941	8879941	1
chr10	38844269	38854269	12
chr17	28719182	28729182	2
chr17	79796201	79806201	1
chr10	42311552	42321552	12
chr20	49277063	49287063	1
chr10	38785469	38795469	12
chr2	172093472	172103472	14
chr19	58124833	58134833	12
chr17	7306481	7316481	1
chr21	10393856	10403856	12
chr7	57487094	57497094	12
chr12	133044414	133054414	12
chr10	38487072	38497072	12
chr7	101163719	101173719	14
chr11	31803852	31813852	14
chr19	57613832	57623832	1
chr11	65853329	65863329	1
chr12	6332834	6342834	1
chr18	3447002	3457002	1
chr11	118916491	118926491	1
chr10	38809669	38819669	12
chr7	26191980	26201980	1
chr8	26040484	26050484	14
chr2	132267427	132277427	14
chr6	5999367	6009367	14
chr19	39403360	39413360	1
chr9	37027803	37037803	14
chr17	7570482	7580482	1
chr20	30416924	31224997	12
chr17	7570882	7580882	1
chr11	65852729	65862729	1
chr20	31225397	31235397	12
chr11	6602970	6613169	1
chr19	58203833	58214034	12
chr19	44472983	44483182	12
chr17	2392306	2402306	1
chr10	102641643	102651643	1
chr8	98939372	98949372	14
chr12	46364017	46374017	1
chr20	31235597	31245597	12
chr10	38499672	38509672	12
chr12	46364217	46374217	1
chr10	123132684	123142684	14
chr3	187737012	187747012	1
chr12	6531834	6541834	1
chr11	6603170	6613369	1
