chr11	114062678	114072678	3
chr12	4271634	4281634	3
chr12	4272234	4282234	3
chr7	97015488	97025488	3
chr2	132261227	132271227	8
chr15	88803969	88813969	10
chr11	114057278	114067278	3
chr8	26035884	26045884	3
chr12	4274634	4284634	12
chr16	34149133	34159133	11
chr8	26036684	26046684	3
chr16	34148933	34158933	11
chr20	49278863	49288863	8
chr2	215418877	215428877	3
chr2	132260427	132270427	8
chr15	88806369	88816369	6
chr12	4267634	4277634	3
chr2	132266227	132276227	10
chr5	141418233	141428233	8
chr11	114069878	114079878	3
chr5	73436973	73446973	3
chr3	112629353	112639353	3
chr11	65435329	65445329	1
chr15	49428603	49438603	3
chr11	65437329	65447329	1
chr18	48940230	48950230	3
chr11	114071278	114081278	3
chr21	46099886	46109886	8
chr11	114102278	114112278	2
chr11	114103478	114113478	6
chr7	94406488	94416488	3
chr2	38065457	38075457	8
chr2	150475286	150485286	3
chr11	114120478	114130478	13
chr17	42848783	42858783	11
chr2	102143940	102153940	3
chr11	122090292	122100292	3
chr11	114121078	114131078	13
chr3	158097411	158107411	3
chr11	114156078	114166078	11
chr1	224615098	224625098	3
chr5	149408237	149418237	3
chr15	80780059	80790059	2
chr15	68422861	68432861	12
chr5	151676839	151686839	3
chr7	64989822	64999822	7
chr12	46359817	46369817	3
chr7	130901041	130911041	3
chr19	18782790	18792991	3
chr2	102144740	102154740	3
chr2	190884874	190894874	1
chr14	53947282	53957282	3
chr11	35416053	35426053	12
chr10	62050641	62060641	3
chr2	132253827	132263827	11
chr20	31710997	31720997	1
chr15	49438803	49448803	1
chrX	45758197	45768197	3
chr22	46081520	46091520	3
chr11	114072078	114082078	3
chr15	88809169	88819169	6
chrX	45756397	45766397	3
chr15	39581799	39591799	3
chr7	116526546	116536546	3
chr5	149410037	149420037	3
chr4	95541049	95551049	12
chr15	49439403	49449403	1
chr16	87857994	87867994	1
chr4	173521449	173531449	6
chr4	95541649	95551649	12
chr15	96334171	96344171	3
chr11	114160878	114170878	6
chr12	13199666	13209666	3
chr3	101850356	101860356	3
chr21	34877103	34887103	3
chr11	114297678	114307678	1
chr21	34836503	34846503	1
chr15	39584599	39594599	3
chr8	26031084	26041084	12
chr5	178938799	178948799	1
chr13	41456664	41466664	3
chr11	130448905	130458905	3
chr15	88797769	88807769	11
chr2	105387343	105397343	3
chr12	13201866	13211866	3
chr13	75637864	75647864	3
chr5	150144437	150154437	3
chr6	32082623	32092623	12
chr5	178940199	178950199	1
chr3	101849956	101859956	3
chr3	156677211	156687211	3
chr7	134780049	134790049	3
chr11	114168078	114178078	6
chr15	63044201	63054201	3
chr6	100456724	100466724	12
chr4	133143245	133153245	12
chr2	215409077	215419077	3
chr3	15784293	15794293	8
chr13	75638464	75648464	3
chr3	15784693	15794693	8
