chr20	61646400	61656400	9
chr14	22921000	22931000	10
chr14	22920400	22930400	10
chr6	39169600	39179600	8
chrX	123519600	123529600	4
chr1	207224000	207234000	7
chr4	48600	58600	12
chr1	158325400	158335400	1
chr17	47081200	47091200	3
chr17	47076200	47086200	4
chr16	85490200	85500200	9
chr17	47075200	47085200	4
chr12	54688800	54698800	14
chr1	41832200	41842200	3
chr1	158324200	158334200	1
chr5	159896800	159906800	12
chr17	3579000	3589000	9
chr6	39174000	39184000	9
chr5	159896400	159906400	12
chr2	87033400	87043400	1
chr17	3591000	3601000	15
chr2	241385000	241395000	12
chr2	214095000	214105000	9
chr1	158453600	158463600	1
chr14	22925600	22935600	8
chr2	42277200	42287200	15
chr14	98627800	98637800	4
chr16	85493400	85503400	9
chr2	236409400	236419400	12
chr8	135605800	135615800	12
chr19	28950200	28960200	9
chr2	241386200	241396200	12
chr14	106323400	106333400	2
chr1	25282400	25292400	4
chr2	214097200	214107200	9
chr9	90213600	90223600	12
chr10	98021800	98031800	3
chr19	28948000	28958000	9
chr2	214097800	214107800	9
chr1	198980800	198990800	3
chr9	90212600	90222600	12
chrX	123530600	123540600	4
chr9	90162800	90172800	10
chr7	61969000	61979000	2
chr17	40819600	40829600	11
chr16	85494800	85504800	9
chr15	74685400	74695400	8
chr2	87036200	87046200	1
chr1	158452400	158462400	12
chr1	201977400	201987400	11
chr10	98063800	98073800	10
chr22	46467800	46477800	6
chr14	98663600	98673600	9
chr1	201977800	201987800	11
chrX	123514800	123524800	7
chr11	66039800	66049800	12
chr2	87039400	87049400	1
chr21	43189600	43199600	14
chr22	25457400	25467400	13
chr17	46647400	46657400	11
chr9	117682400	117692400	4
chr17	46646000	46656000	11
chr11	66039200	66049200	12
chr5	133431400	133441400	10
chr1	208407800	208417800	10
chr2	57893600	57903600	4
chr1	208407400	208417400	10
chr13	87408600	87418600	21
chr17	48269000	48279000	11
chr15	73975200	73985200	12
chr6	39180400	39190400	9
chr10	6624000	6634000	4
chr12	123514600	123524600	12
chrX	6984400	6994400	4
chr3	108553000	108563000	11
chr3	111843000	111853000	7
chr5	148786600	148796600	10
chr1	25273600	25283600	12
chr3	186740400	186750400	4
chr12	57539200	57549200	7
chr2	136885800	136895800	3
chr19	31833600	31843600	12
chr4	26605800	26615800	4
chr22	46470600	46480600	9
chr12	47604400	47614400	15
chr15	74493400	74503400	2
chr17	46643800	46653800	11
chr19	31831200	31841200	12
chr17	78723600	78733600	7
chr9	124496800	124506800	3
chr20	61652200	61662200	5
chr7	142167200	142177200	8
chr12	9821600	9831600	8
chr16	89022800	89032800	3
chr14	81437800	81447800	12
chr5	88120600	88130600	15
chr12	133344000	133354000	7
chr17	40817600	40827600	11
chr9	90160200	90170200	10
chr2	87047600	87057600	4
