chr5	133451400	133461400	3
chr14	23000000	23010000	3
chr14	22980800	22990800	3
chr14	23010200	23020200	3
chr20	30298200	30308200	3
chr22	24824800	24834800	3
chr12	123550000	123560000	3
chr5	133461600	133471600	3
chr8	134065000	134075000	3
chr7	142493400	142503400	3
chr1	204492000	204502000	3
chr1	151787800	151797800	3
chr20	30262800	30272800	3
chr11	128379600	128389600	3
chr14	22961800	22971800	3
chr12	48204000	48214000	3
chr14	37125000	37135000	10
chr1	226915000	226925000	3
chr1	203272600	203282600	3
chr5	150592200	150602200	3
chr15	31643600	31653600	3
chr11	67035000	67045000	3
chr7	5459200	5469200	10
chr9	130731600	130741600	3
chr4	109076000	109086000	3
chr17	63546400	63556400	3
chr15	37386800	37396800	10
chr7	100806800	100816800	12
chr5	133464800	133474800	3
chr11	65264600	65274600	3
chr3	18458000	18468000	3
chr22	40346200	40356200	3
chrX	2611800	2621800	3
chr8	146060600	146070600	8
chr19	7074600	7084600	8
chr19	19780800	19790800	8
chr12	133619600	133629600	8
chr12	133582200	133592200	8
chr19	58764200	58774200	8
chr8	144990800	145000800	8
chr19	58747800	58757800	8
chr12	123624400	123634400	3
chr11	36590600	36600600	3
chr2	43445400	43455400	3
chr15	31621000	31631000	3
chr3	45927400	45937400	3
chr22	40331000	40341000	3
chr11	128337600	128347600	3
chr15	81586000	81596000	3
chr14	23015600	23025600	3
chr15	96873200	96883200	10
chr20	30290800	30300800	3
chr21	43180200	43190200	10
chr2	66659000	66669000	10
chr10	11209400	11219400	3
chr7	138240400	138250400	8
chr12	133517000	133527000	8
chr17	8020800	8030800	11
chr19	44995000	45005000	8
chr19	58799200	58809200	8
chr12	57628200	57638200	11
chr20	30274000	30284000	3
chr7	155532600	155542600	3
chr15	31649000	31659000	3
chr17	77769800	77779800	11
chr5	179674800	179684800	8
chr12	4376400	4386400	10
chr20	30277400	30287400	3
chr11	67167800	67177800	3
chr2	87011000	87021000	3
chr22	37622800	37632800	3
chr2	87078400	87088400	3
chr17	63544200	63554200	3
chr12	123718000	123728000	3
chr15	31640000	31650000	3
chr17	4844400	4854400	3
chr7	27204200	27214200	11
chr8	134075200	134085200	3
chr10	8094200	8104200	3
chr1	204497000	204507000	3
chr1	226912600	226922600	3
chr2	63274400	63284400	11
chr11	65546600	65556600	3
chr1	26310800	26320800	3
chr11	67037800	67047800	3
chr3	45944600	45954600	3
chr17	75448600	75458600	3
chr17	79365600	79375600	10
chr2	98327400	98337400	3
chr4	340800	350800	8
chr19	58126200	58136200	8
chr16	68582800	68592800	8
chr22	24829600	24839600	3
chr15	40389800	40399800	3
chr10	8091600	8101600	3
chr11	118208800	118218800	3
chr14	61109600	61119600	10
chr20	37350600	37360600	12
chr20	55967000	55977000	3
chr3	45949000	45959000	3
