chr21	10683056	10733056	12
chr10	38483472	38579469	14
chr10	38809669	38859669	14
chr11	128460505	128510505	8
chr10	41839808	42106152	14
chr14	22494414	22558898	8
chr2	89787797	89844190	14
chr14	99224063	99274063	8
chr12	53951016	54001016	14
chr5	170253196	170303196	8
chr7	50303404	50365502	2
chr7	27149381	27199381	14
chr14	99218463	99268463	8
chr20	30397724	31245797	12
chr14	100062863	100112863	8
chr9	114348520	114398520	8
chr12	133039214	133089214	1
chr15	25045453	25095453	12
chr19	58165833	58216034	8
chr2	176087272	176137272	14
chr19	36703898	36753898	12
chr4	421011	471011	12
chr12	133091814	133141814	12
chr21	10364456	10414456	12
chr5	157178789	157228990	1
chr4	49106583	49156583	14
chr5	157207589	157257790	8
chr17	48577438	48627438	14
chr19	51855147	51905147	1
chr19	51948747	51998747	12
chr7	50354902	50404902	8
chr5	134096909	134146909	8
chr16	34062133	34112133	14
chr3	75704649	75754649	12
chr12	54004216	54054216	14
chr16	36043029	46422488	14
chr14	22478211	22539457	8
chr19	37110698	37160698	12
chr13	99952946	100002946	15
chr22	36327555	36377555	8
chr19	37534098	37584299	12
chr4	40196180	40246180	1
chr21	10764456	12965879	12
chr10	71725243	71775243	8
chr10	71725443	71775443	8
chr10	8026637	8076637	14
chr19	37407298	37457298	12
chr17	77432718	77482718	1
chr5	93564694	93614694	14
chr11	35138453	35188453	1
chr2	157403888	157453888	8
chr22	36334355	36384355	8
chr14	100076263	100126263	8
chr6	24837972	24887972	8
chr10	11161237	11211237	1
chr7	139060454	139110454	1
chr19	57529632	57579632	12
chr4	337611	387611	4
chr1	198638270	198688471	1
chr19	36513498	36563498	3
chr1	198638870	198689071	1
chr16	34135933	34185933	14
chr19	36849098	36899098	1
chr3	52230584	52280584	1
chr17	48707838	48757838	14
chr2	196135876	196185876	2
chr7	50294204	50356302	2
chr6	24890772	24940772	1
chr4	49116183	49166183	14
chr19	58096633	58146633	3
chr3	52234584	52284584	1
chr19	41859530	41912848	8
chr9	40874372	40929971	14
chr14	91369256	91419256	8
chr19	44447015	44501148	1
chr10	41811008	41861008	14
chr1	198655471	198705471	7
chr19	9333924	9383924	12
chr5	134085309	134135309	8
chr10	11145837	11195837	1
chr5	39168898	39218898	2
chr15	31324797	31374797	2
chr19	23335598	23385598	12
chr11	35151253	35201253	3
chr3	52240184	52290184	1
chr1	206551272	206603246	8
chr1	227631699	227681699	12
chr19	56536031	56586232	2
chr12	9646004	9696004	8
chr8	30060684	30110684	1
chr1	226654099	226704099	1
chr3	30607308	30657308	8
chr14	100084463	100134463	8
chr10	80453644	80503644	2
chr5	132451308	132501308	8
chr10	8037437	8087437	14
chr1	226689699	226739699	1
chr9	120887922	120937922	1
chr19	53197147	53247147	1
chr21	10790656	12992079	12
