chr12	130130455	130180455	2
chr19	50647143	50697143	1
chr12	130151655	130201655	2
chr19	50633743	50683743	1
chr1	228504899	228554899	13
chr19	50687343	50737343	8
chr12	130117655	130167655	2
chr3	32813108	32863108	8
chr2	132238427	132288427	8
chr3	32821908	32871908	1
chr1	143650136	143701350	12
chr10	125113031	125163031	8
chr7	131509041	131559041	3
chr3	147367613	147417613	15
chr2	91580343	91633974	15
chr20	59561145	59611145	14
chr19	50702343	50752343	8
chr5	2719886	2769886	7
chr20	59572945	59622945	14
chr16	73022101	73072101	4
chr2	91577130	91631174	15
chr16	73023301	73073301	4
chr7	157561907	157612108	2
chr20	47310856	47360856	8
chr15	96320771	96370771	17
chr1	143658536	143710352	12
chr19	50546343	50596343	4
chr7	157660708	157710708	2
chr20	32760994	32810994	8
chr12	130038855	130088855	15
chr19	50475743	50525743	4
chr8	38419482	38469482	8
chr17	79785801	79835801	7
chr16	34132733	34182733	8
chr3	32808708	32858708	8
chr19	50481743	50531743	4
chr13	99951346	100001346	9
chr19	50285543	50335543	3
chr19	1237401	1287401	8
chr16	3003399	3053399	8
chr8	38409082	38459082	8
chr5	42988698	43038698	2
chr19	1247201	1297201	8
chr17	21275088	21325088	15
chr16	674200	724200	4
chr15	89366969	89416969	15
chr6	10380367	10430367	15
chr12	128356455	128406455	14
chr12	114654595	114704595	15
chr1	18626906	18676906	11
chr19	55341032	55391032	8
chr19	50280143	50330143	3
chr16	2998199	3048199	8
chr17	79770401	79820401	7
chr12	130094855	130144855	15
chr5	2713886	2763886	7
chr20	32748794	32798794	8
chr1	2610161	2660161	2
chr5	93568894	93618894	2
chr1	991620	1041620	3
chr9	40865972	40921571	16
chr15	25044853	25094853	5
chr3	181693412	181743412	7
chr2	219505878	219555878	1
chr20	59723545	59773545	16
chr16	2989799	3039799	8
chr2	219482678	219532678	1
chr11	2689170	2739170	9
chr15	25047453	25097453	12
chr3	184557412	184607412	15
chr2	219517878	219567878	8
chr17	17680286	17730286	9
chr3	181691412	181741412	7
chr16	2990799	3040799	8
chr2	176066672	176116672	2
chr17	48521838	48571838	15
chr2	92082374	92132374	16
chr10	21493871	21543871	10
chr8	144475417	144525616	3
chr1	987820	1037820	3
chr9	126634921	126684921	7
chr5	483885	533885	15
chr8	144480817	144531016	8
chr19	13009586	13059586	7
chr20	22552962	22602962	15
chr5	141834635	141884635	8
chr9	123996521	124046521	15
chr4	3453873	3503873	7
chr7	150359911	150410112	8
chr12	130201855	130251855	15
chr8	30379684	30429684	8
chr2	91593976	91644974	15
chr1	44499728	44549728	3
chr17	38559564	38610147	10
chr12	132512214	132562214	8
chr11	64006928	64056928	9
chr8	38433282	38483282	8
chr8	71667965	71717965	8
chr19	1741601	1791601	2
chr16	6845399	6895399	15
