chr14	22997200	23022200	3
chr15	25300200	25325200	8
chr19	58699800	58724800	8
chr10	42375800	42400800	8
chr4	49635000	49660000	8
chr2	89855000	89880000	8
chr5	133451200	133476200	3
chr2	172946800	172971800	11
chr12	133615800	133640800	8
chr19	44977000	45002000	8
chr19	58753400	58778400	8
chr19	37031400	37056400	8
chr4	49098200	49123200	8
chr19	58041600	58066600	8
chr12	133658400	133683400	8
chr19	52463200	52488200	8
chr11	128332200	128357200	3
chr10	8075400	8100400	11
chr21	10773800	10798800	8
chr19	52376200	52401200	8
chr19	37196200	37221200	8
chr7	27190000	27215000	10
chr19	52809200	52834200	8
chr10	102973600	102998600	11
chr12	133570400	133595400	8
chr4	428400	453400	8
chr10	39076600	39101600	8
chr10	39128200	39153200	8
chr10	38773800	38798800	8
chr11	128368600	128393600	3
chr11	31819200	31844200	10
chr12	54378800	54403800	11
chr19	38052600	38077600	8
chr20	29808200	29833200	8
chr10	42793000	42818000	8
chr21	10799200	10824200	8
chr10	124892200	124917200	11
chr19	9439000	9464000	8
chr19	37361600	37386600	8
chr19	52519200	52544200	8
chr11	31820400	31845400	10
chr10	102972200	102997200	11
chr19	56918600	56943600	8
chr10	8086000	8111000	11
chr12	133709800	133734800	8
chr19	58630000	58655000	8
chr7	27185000	27210000	10
chr16	68587200	68612200	8
chr16	46385800	46410800	8
chr16	68587000	68612000	8
chr7	27222400	27247400	11
chr7	6714200	6739200	8
chr21	10835400	10860400	8
chr7	6713600	6738600	8
chr14	100550400	100575400	6
chr12	32113200	32138200	3
chr19	37301600	37326600	8
chr12	133762200	133787200	8
chr4	13526000	13551000	11
chr19	37911400	37936400	8
chr5	169697400	169722400	3
chr17	35285600	35310600	11
chr19	37204400	37229400	8
chr9	117124800	117149800	6
chr19	9442800	9467800	8
chr2	175185600	175210600	11
chr19	9665600	9690600	8
chr12	133581200	133606200	8
chr4	49133600	49158600	8
chr19	58480600	58505600	8
chr6	99271800	99296800	11
chr19	23525800	23550800	8
chr19	58479000	58504000	8
chr19	52560200	52585200	8
chr17	46672200	46697200	11
chr19	20719800	20744800	8
chr19	37718200	37743200	8
chr13	100623600	100648600	12
chr12	133626000	133651000	8
chr14	99713200	99738200	3
chr4	343200	368200	8
chr14	99715800	99740800	3
chr6	24909600	24934600	3
chr2	176981600	177006600	11
chr1	91171600	91196600	11
chr5	35852800	35877800	3
chr19	52454200	52479200	8
chr19	58625600	58650600	8
chr2	176947200	176972200	11
chr19	44964400	44989400	8
chr1	197871200	197896200	11
chr17	77764000	77789000	12
chr2	172939200	172964200	11
chr4	417000	442000	8
chr19	52816800	52841800	8
chr17	46794800	46819800	11
chr15	53075000	53100000	11
chr19	58680800	58705800	8
chr16	46425200	46450200	8
chr19	37356400	37381400	8
