chr2	133011800	133036800	11
chr15	96864000	96889000	3
chr15	96875600	96900600	11
chr16	33941600	33966600	11
chr17	46650600	46675600	12
chr7	27179400	27204400	3
chr17	46618400	46643400	11
chr7	27204600	27229600	10
chr17	77763600	77788600	11
chr2	172946800	172971800	11
chr9	68407200	68432200	11
chr17	59469800	59494800	11
chr11	31817600	31842600	10
chr4	49400	74400	8
chr13	100618800	100643800	10
chr17	77766400	77791400	11
chrX	39944800	39969800	11
chr12	115102200	115127200	3
chr7	27134600	27159600	11
chr5	140787400	140812400	8
chr5	92913800	92938800	11
chr16	86527200	86552200	12
chr12	54378800	54403800	12
chr6	10402400	10427400	12
chr19	58693400	58718400	1
chr17	46679600	46704600	11
chr10	42375800	42400800	8
chr2	133001600	133026600	11
chr10	8083400	8108400	11
chr12	4377600	4402600	3
chr19	13119000	13144000	3
chr19	13120400	13145400	3
chr10	131747600	131772600	11
chr3	181421400	181446400	3
chr4	174436000	174461000	11
chr15	25312600	25337600	8
chr9	126758800	126783800	11
chr14	61102200	61127200	11
chr2	105458800	105483800	11
chr22	46462400	46487400	3
chr5	87955600	87980600	11
chr22	46464200	46489200	3
chr6	99271600	99296600	11
chr4	49635000	49660000	8
chr12	54404000	54429000	12
chr19	58750000	58775000	8
chr17	47071600	47096600	2
chr2	66651000	66676000	11
chr22	46460000	46485000	3
chr3	147106800	147131800	12
chr21	10782600	10807600	8
chr2	89855000	89880000	8
chr4	38800	63800	8
chr3	128194600	128219600	11
chr12	133615000	133640000	2
chr4	111535800	111560800	10
chr2	119590800	119615800	12
chr12	57613200	57638200	3
chr2	145258200	145283200	3
chr10	119290200	119315200	11
chr5	2735600	2760600	10
chr10	124891200	124916200	11
chr19	44978800	45003800	2
chr16	33955000	33980000	11
chr6	1603600	1628600	11
chr4	13526200	13551200	11
chr19	58492200	58517200	2
chr16	73080800	73105800	11
chr2	176981000	177006000	11
chr4	49098200	49123200	8
chr11	124608600	124633600	11
chr2	45159000	45184000	11
chr12	58002600	58027600	11
chr19	37025800	37050800	8
chr7	6722400	6747400	3
chr12	133658000	133683000	8
chr15	89900200	89925200	11
chr15	37381600	37406600	3
chr19	1250400	1275400	3
chr11	65186600	65211600	3
chr19	9669400	9694400	8
chr11	65186400	65211400	3
chr1	854800	879800	11
chr7	156791600	156816600	11
chr2	223153200	223178200	11
chr10	39116800	39141800	8
chr11	113929000	113954000	11
chr2	175186600	175211600	10
chr6	1376600	1401600	11
chr7	96632200	96657200	11
chr2	237065400	237090400	11
chr4	4852200	4877200	11
chr2	63270600	63295600	12
chr21	10807800	10832800	8
chr16	67188000	67213000	11
chr11	65183600	65208600	3
chr20	29808200	29833200	8
chr12	133709800	133734800	8
chr19	58042200	58067200	8
chrX	40011800	40036800	11
