chr7	27163800	27213800	11
chr17	46639600	46689600	10
chr17	46626800	46676800	10
chr2	176956200	177006200	11
chr2	132995800	133045800	11
chr7	27130600	27180600	10
chr12	54378400	54428400	10
chr15	25293200	25343200	8
chr2	91771800	91821800	12
chr16	33930400	33980400	8
chr10	42355200	42405200	8
chr4	40200	90200	13
chr5	92901800	92951800	3
chr15	96863400	96913400	3
chr2	133003000	133053000	11
chr16	33935400	33985400	8
chr12	54402200	54452200	10
chr21	10774200	10824200	8
chr19	58738400	58788400	8
chr2	89830400	89880400	8
chr6	10380600	10430600	12
chr19	58679000	58729000	1
chr19	58471800	58521800	8
chr21	10797800	10847800	8
chr5	140762200	140812200	8
chr4	27600	77600	13
chr8	11533600	11583600	1
chr12	133655800	133705800	2
chr10	8067200	8117200	10
chr7	27214000	27264000	10
chr10	8072600	8122600	10
chr19	37004600	37054600	8
chr5	178348200	178398200	1
chr21	11097600	11147600	8
chr10	102468800	102518800	12
chr2	177006400	177056400	10
chr3	75688200	75738200	10
chr19	37105600	37155600	8
chr19	52868000	52918000	7
chr5	178357600	178407600	1
chr19	37350000	37400000	8
chr16	46385800	46435800	8
chr16	86505600	86555600	10
chr10	39104600	39154600	8
chr13	100601600	100651600	11
chr19	37203400	37253400	8
chr19	52496000	52546000	7
chr4	415400	465400	8
chr2	91781600	91831600	8
chr4	174413600	174463600	11
chr3	75772400	75822400	8
chr8	11554400	11604400	1
chr19	37906000	37956000	8
chr3	147093000	147143000	11
chr19	23510800	23560800	8
chr3	75771200	75821200	8
chr11	31814200	31864200	11
chr12	115093200	115143200	3
chr19	37281800	37331800	8
chr19	37211800	37261800	8
chr15	96871400	96921400	3
chr19	56885600	56935600	2
chr19	38036800	38086800	8
chr5	179660600	179710600	8
chr19	56950400	57000400	1
chr19	58040800	58090800	2
chr4	49108600	49158600	8
chr19	38023200	38073200	8
chr19	9447800	9497800	8
chr4	409800	459800	8
chr19	57044800	57094800	2
chr22	46457800	46507800	3
chr17	77746000	77796000	11
chr19	52364200	52414200	2
chr19	58190200	58240200	2
chr19	9451000	9501000	8
chr19	37614200	37664200	8
chr22	46438000	46488000	3
chr10	38769200	38819200	8
chr2	92275000	92325000	8
chr19	58560400	58610400	2
chr19	52547400	52597400	2
chr5	92886600	92936600	11
chr12	133482400	133532400	1
chr19	57029800	57079800	2
chr19	13105600	13155600	2
chr12	133481000	133531000	2
chr17	21194800	21244800	10
chr9	126758600	126808600	11
chr17	77740800	77790800	11
chr15	89905200	89955200	11
chr4	331600	381600	7
chr21	10697800	10747800	8
chr21	9825200	9875200	11
chr4	49115600	49165600	8
chr17	21187000	21237000	10
chr5	87949200	87999200	10
chr19	1245800	1295800	3
chr7	155234400	155284400	11
chr2	45144800	45194800	11
