chr2	144507433	144517433	9
chr2	144507833	144517833	9
chr1	205444872	205454872	11
chr9	124757521	124767521	24
chr1	232124054	232134054	10
chrX	15846877	15856877	9
chr1	232123654	232133654	10
chr1	26413109	26423109	4
chr9	124759321	124769321	24
chr3	181713012	181723012	24
chr5	2743486	2753486	24
chr7	20117777	20127777	18
chr8	30539483	30549483	10
chr4	87918848	87928848	20
chr16	73028701	73038701	12
chr20	10646952	10656952	18
chr7	2519766	2529766	14
chr8	71681965	71691965	4
chr2	132269227	132279227	22
chr15	41559802	41569802	4
chr1	205447472	205457472	11
chr20	10647752	10657752	18
chr16	73027501	73037501	12
chr16	73031901	73041901	3
chr8	71684565	71694565	4
chr4	112645844	112655844	18
chr14	48252797	48262797	1
chr9	128380921	128390921	11
chr7	13979575	13989575	22
chr5	124732907	124742907	3
chr14	99260463	99270463	14
chr4	87918248	87928248	20
chr3	181714612	181724612	4
chr8	59106241	59116241	3
chr10	41856608	41866608	22
chr6	167229312	167239312	14
chr8	59106441	59116441	3
chr14	56800282	56810282	4
chr9	115472521	115482521	9
chr17	17708086	17718086	10
chr1	81244915	81254915	9
chr7	13980175	13990175	22
chr9	128380121	128390121	11
chr19	41319095	41329095	9
chr8	30540683	30550683	10
chr3	181715812	181725812	4
chr16	73048701	73058701	3
chr2	144502633	144512633	15
chr22	39308395	39318395	11
chr3	66489976	66499976	22
chr8	30536683	30546683	18
chr21	10699856	10709856	20
chr5	147559837	147569837	22
chr7	5523169	5533169	18
chr1	26997309	27007309	4
chr18	78978800	78988800	13
chr20	47353256	47363256	13
chr7	42225801	42235801	16
chrX	137567641	137577641	9
chr10	90802043	90812043	20
chr7	42226001	42236001	16
chr11	65484929	65494929	9
chrX	15843477	15853477	9
chr11	94648434	94658434	3
chr1	204075472	204085472	14
chr11	62553328	62563328	18
chr20	56628144	56638144	24
chr14	99257263	99267263	9
chr8	114282571	114292571	9
chr22	18925687	18935687	4
chr8	94431972	94441972	18
chr13	55571265	55581265	8
chr9	115471321	115481321	9
chr8	143942232	143952232	4
chr1	56527528	56537528	11
chr1	38994928	39004928	11
chr12	122867653	122877653	3
chr11	94647834	94657834	3
chr1	212905458	212915458	20
chr7	2517966	2527966	14
chr1	212905658	212915658	9
chr7	24394781	24404781	18
chr15	96334771	96344771	9
chr14	21521049	21531466	11
chr8	143941832	143951832	4
chr6	167226312	167236312	13
chr18	55577569	55587569	22
chr21	10713456	10723456	22
chr10	78034842	78044842	6
chr15	26761653	26771653	18
chr19	1250801	1260801	13
chr17	59836239	59846239	18
chr17	17778486	17788486	9
chr5	1098885	1108885	13
chr14	21520649	21531066	10
chr20	62355344	62365344	5
chr14	56797482	56807482	4
chr5	25436291	25446291	18
chr10	21510871	21520871	9
chr5	16733491	16743491	1
