chr2	136101200	136152800	3
chr11	120305000	120371000	11
chr5	132466800	132500000	3
chr15	81274200	81326200	3
chr1	225632600	225668200	11
chr14	60694200	60744000	11
chr17	42658800	42689200	11
chr15	70742600	70778000	11
chr4	13529400	13555600	11
chr17	58313800	58361000	3
chr11	46897600	46931600	11
chr14	52929800	52964800	11
chr11	73957600	73992000	6
chr16	50658200	50696800	8
chr14	88813800	88839600	2
chr13	30383200	30406600	2
chr17	38723800	38762400	11
chr4	78040000	78086400	11
chr1	7993800	8039000	11
chr6	31340800	31372000	3
chr9	114349200	114397600	6
chr4	159094200	159116200	1
chr17	48087600	48111000	2
chr6	5984200	6019400	11
chr16	30173600	30200000	3
chr6	107473200	107515400	11
chr6	43160000	43181000	2
chr16	72082000	72103200	2
chr14	88526000	88572800	1
chr19	12601000	12625800	2
chr17	8913200	8978400	8
chr19	51862600	51900200	8
chr6	159023400	159057800	3
chr12	63833000	63858600	1
chr10	73988200	74011600	2
chr6	52410400	52431600	2
chr6	30479600	30514800	3
chr15	44701600	44738800	3
chr15	84587800	84610600	2
chr11	12656000	12727800	11
chr3	184145800	184168200	2
chr11	114429600	114451600	2
chr2	46287400	46313400	11
chr2	206264000	206287400	11
chr1	227297200	227334000	11
chr2	215395400	215464800	11
chr17	60513400	60535600	2
chr3	160555800	160577000	1
chr6	31257600	31281600	3
chr12	56031000	56051600	2
chr19	1050200	1100000	6
chr22	31070800	31094800	2
chr1	151154200	151175800	2
chr9	35737800	35759000	2
chr1	148827000	148863600	11
chr1	108188200	108209800	2
chr1	10200800	10224000	2
chr17	3625000	3646000	2
chr1	170063200	170084400	2
chr3	48076600	48098400	2
chr2	177543000	177563800	2
chr2	222851600	222875800	2
chr3	122780400	122804800	2
chr12	53715600	53737400	2
chr8	73962400	73983000	2
chr2	174322200	174354600	12
chr5	103249400	103271000	2
chr7	116501600	116554000	11
chr7	50332800	50428400	6
chr5	107648800	107691600	11
chr1	21164000	21186000	2
chr6	30439200	30468800	12
chr15	48951600	48976400	11
chr9	111543000	111611200	1
chr5	115529400	115554000	2
chr19	49132200	49164400	11
chr12	48959400	48983200	12
chr5	79495400	79525000	11
chr4	151005800	151026800	2
chr1	94407200	94428000	1
chr8	37680200	37718600	11
chr14	31016600	31037600	1
chr11	10292200	10320600	11
chr1	40248200	40269200	2
chr8	80555600	80593200	11
chr7	149485800	149507200	2
chr16	74900800	74926800	8
chr8	30800200	30822200	2
chr7	2343200	2364000	2
chr15	74894600	74916400	2
chr11	67386200	67411400	6
chr7	50288000	50341200	1
chr17	44806600	44844800	11
chr20	38712800	38742000	12
chr4	94442400	94465600	1
chr19	55467000	55488000	2
chr4	1997600	2018200	2
chr10	96823200	96845000	2
chr9	99812000	99836400	11
chr10	11155600	11248600	6
