chr15	25077853	25087853	20
chr15	25067653	25077653	20
chr19	58245634	58255634	20
chr8	144837415	144847415	20
chr12	133039614	133049614	20
chr19	58130033	58140033	20
chr19	58185433	58195433	20
chr19	9561524	9571524	20
chr19	51964547	51974547	20
chr19	57978832	57988832	20
chr16	68552097	68562097	20
chr19	51890947	51900947	20
chr7	6686769	6696769	20
chr19	58256034	58266034	20
chr19	7075389	7085389	20
chr12	133005814	133015814	20
chr19	52313547	52323547	20
chr19	36710498	36720498	20
chr5	178712799	178722799	20
chr19	44476983	44487790	20
chr12	133096814	133106814	20
chr12	133183214	133193214	20
chr19	9526524	9536524	20
chr19	11941785	11951785	20
chr5	180254400	180264400	20
chr19	37234698	37244698	20
chr19	36546898	36556898	20
chr12	132941414	132951414	20
chr19	58204033	58214234	20
chr19	9293724	9303724	20
chr19	36749698	36759698	20
chr19	44490349	44500948	20
chr19	57530832	57540832	20
chr12	133080614	133090614	20
chr19	57615032	57625032	20
chr19	52116547	52126547	20
chr19	51992547	52002547	20
chr19	20543594	20553594	20
chr19	8806524	8816524	20
chr19	52015547	52025547	20
chr5	178873999	178883999	20
chr19	52063547	52073547	20
chr19	52033147	52043147	20
chr19	57542632	57552632	20
chr9	96757518	96767518	20
chr19	12522186	12532186	20
chr19	36818698	36828698	20
chr16	3307200	3317200	20
chr19	21808598	21818598	20
chr15	25088053	25098053	20
chr19	23343398	23353398	20
chr19	36513498	36523498	20
chr19	52374547	52384547	20
chr12	133143814	133153814	20
chr19	57990832	58000832	20
chr4	463411	473411	20
chr19	9376124	9386124	20
chr19	43835048	43845048	20
chr16	3283800	3293800	20
chr19	52548147	52558147	20
chr19	9410324	9420324	20
chr19	51935747	51945747	20
chr19	57569432	57579432	20
chr11	65498129	65508129	9
chr2	95145655	95155655	20
chr4	350211	360211	20
chr11	65419529	65429529	9
chr19	52950147	52960147	20
chr19	37379698	37389698	20
chr19	56406831	56416831	20
chr19	9335124	9345124	20
chr4	450211	460211	20
chr19	57681432	57691432	4
chr6	27447821	27457821	20
chr11	118916091	118926091	9
chr19	19708391	19718391	20
chr19	53343347	53353347	20
chr19	52798147	52808147	20
chr7	5057369	5067369	20
chr19	58431033	58441033	20
chr19	12181985	12191985	20
chr2	95210652	95220652	20
chr16	3400000	3410000	20
chr19	14712588	14722588	20
chr19	36889498	36899498	20
chr19	53140347	53150347	20
chr19	12269385	12279385	20
chr2	43218461	43228461	1
chr19	37424298	37434298	20
chr19	57925432	57935432	1
chr19	36639098	36649098	20
chr12	133049814	133059814	20
chr12	133118214	133128214	20
chr19	56568431	56578632	20
chr19	37152898	37162898	20
chr12	121797294	121807294	9
chr4	428211	438211	20
chr19	51868747	51878747	20
chr1	247153298	247163298	20
chr19	57746232	57756232	1
