chr7	27139581	27189581	3
chr17	48547838	48597838	12
chr15	96320571	96370571	3
chr12	53972416	54022416	12
chr2	132238227	132288227	11
chr15	25046253	25096253	8
chr21	10688256	10738256	8
chr10	41837808	42104152	8
chr17	48598038	48648038	11
chr4	40199	93513	8
chr19	58227434	58277434	2
chr19	12994786	13044786	3
chr13	99949346	99999346	12
chr16	34127533	34177533	11
chr10	38811469	38861469	8
chr5	93568894	93618894	11
chr2	132232627	132282627	11
chr10	38485072	38581069	8
chr6	10380367	10430367	12
chr2	176091472	176141472	11
chr17	79772201	79822201	3
chr5	141382633	141432633	8
chr12	133078814	133128814	8
chr15	89361969	89411969	11
chr19	12988986	13038986	3
chr3	147375413	147425413	12
chr2	89787797	89844190	8
chr22	46062920	46112920	3
chr4	423611	473611	2
chr5	141380833	141430833	8
chr19	13050786	13100786	11
chr19	58168233	58218434	1
chr19	36512698	36562698	8
chr4	173493049	173543049	11
chr19	57963432	58013432	2
chr9	123996121	124046121	11
chrX	40061347	40111347	11
chr19	51855547	51905547	2
chr16	86474594	86524594	11
chr12	114655995	114705995	3
chr20	30397124	31245197	8
chr19	36710498	36760498	8
chr21	10365056	10415056	8
chr5	88654382	88704583	11
chr19	1230601	1280601	3
chr19	1238201	1288201	3
chr2	91580343	91633974	11
chr19	51991947	52041947	2
chr19	57529632	57579632	8
chr19	23335198	23385198	8
chr3	75639049	75689049	10
chr16	73022101	73072101	11
chr17	21281288	21331288	11
chr4	49102583	49152583	8
chr19	13059586	13109586	11
chr1	896220	946220	11
chr12	54022616	54072616	10
chr19	1243201	1293201	3
chrX	40072147	40122147	11
chr16	679200	729200	3
chr4	337811	387811	2
chr19	36859498	36909498	8
chr3	181692612	181742612	3
chr11	31790452	31840653	10
chr19	56534431	56584632	2
chr16	67149897	67199897	3
chr2	104835742	104885742	11
chr15	96303171	96353171	3
chr19	1225401	1275401	3
chr17	48994038	49044038	12
chr2	92084374	92134374	8
chr2	218852677	218902878	11
chr17	48994638	49044638	12
chr17	38557364	38607947	11
chr19	36615098	36665098	8
chr19	52364947	52414947	2
chr4	409411	459411	8
chr10	8026237	8076237	11
chr2	176142272	176192272	11
chr19	13061186	13111186	11
chr7	96982888	97032888	11
chr10	100709043	100759043	12
chr17	21285288	21335288	11
chr12	57201217	57251217	11
chr19	36721698	36771698	1
chr19	36796298	36846298	8
chr9	126605921	126655921	11
chr19	51848547	51898547	1
chr17	40315148	40365148	11
chr7	155442505	155492505	11
chr19	37412498	37462498	8
chr22	36323755	36373755	3
chr12	57723817	57773817	11
chr22	36323155	36373155	3
chr7	27196381	27246381	11
chr17	79807001	79857001	11
chr19	57679032	57729032	3
chr19	56374431	56424431	2
chr8	11675691	11725691	10
chr2	44917061	44967061	11
