chr7	27100381	27150381	9
chr17	48555238	48605238	9
chr14	23397191	23447191	11
chr7	27104781	27154781	9
chr17	48572638	48622638	5
chr11	114061878	114111878	9
chr1	207804455	207854455	13
chr2	217812277	217862277	18
chr11	114125078	114175078	9
chr8	11682491	11732491	13
chr10	124640631	124690631	3
chr19	13005586	13055586	1
chr10	95510843	95560843	4
chr12	53980616	54030616	9
chr1	207800055	207850055	13
chr11	114138278	114188278	9
chr7	27151781	27201781	4
chr2	219416278	219466278	10
chr8	133489357	133539357	4
chr14	23382991	23432991	11
chr10	95390043	95440043	7
chr5	150612838	150662838	11
chr2	219414878	219464878	10
chr10	124692631	124742631	3
chr10	44955552	45005552	14
chr7	27155981	27205981	4
chr10	95397243	95447243	11
chr12	3212634	3262634	10
chr18	22162039	22212437	12
chr2	127059624	127109624	22
chr10	79122243	79172243	11
chr10	86662443	86712443	9
chr2	239263304	239313505	13
chr4	185765046	185815046	12
chr17	50163639	50213639	22
chr10	79396444	79446444	14
chr9	121708321	121758321	18
chr2	127631625	127681826	4
chr15	41908602	41958602	19
chr13	110371453	110421453	11
chr5	149766037	149816037	3
chr3	50599369	50649369	4
chr2	217886077	217936077	18
chr15	89091569	89141569	3
chr10	62036441	62086441	16
chr1	156461608	156511608	22
chr9	95056118	95106118	11
chr2	217899477	217949477	4
chr19	13055786	13105786	23
chr1	226938699	226988699	9
chr3	119627753	119677753	22
chr22	46065520	46115520	4
chr17	59333039	59383039	14
chr3	138350158	138400158	11
chr1	167627563	167677563	14
chr15	96319771	96369771	14
chr22	46572903	46622903	19
chr17	59342439	59392439	3
chr1	167627163	167677163	14
chr20	44136760	44186760	14
chr14	99553663	99603663	18
chr5	149734637	149784637	3
chr19	1230601	1280601	16
chr1	56501528	56551727	9
chr4	143342847	143392847	3
chr2	105366143	105416143	11
chr19	58227834	58277834	12
chr12	123069253	123119253	19
chr9	136640348	136690348	24
chr9	134364554	134414554	13
chr15	31329997	31379997	19
chr2	127054024	127104024	22
chr3	12921500	12971500	16
chr12	106077622	106127622	11
chr10	114605441	114655441	9
chr3	119629153	119679153	22
chr9	127825321	127875321	22
chr9	682600	732600	11
chr10	79384444	79434444	3
chr1	56498728	56548728	9
chr17	2041106	2091106	11
chr15	25046853	25096853	20
chr10	122124485	122174485	3
chr12	124355654	124405654	14
chr10	122115685	122165685	3
chr17	48526638	48576638	23
chr1	21893107	21943107	22
chr1	27519289	27569289	3
chr10	11143637	11193637	13
chr2	46304061	46354061	14
chr1	207789255	207839255	13
chr8	17648091	17698091	4
chr3	30643108	30693108	13
chr17	38418557	38469959	1
chr13	110298653	110348653	18
chr3	30643708	30693708	13
chr10	122118485	122168485	3
chr9	691200	741200	4
chr7	27078981	27128981	15
chr20	44142160	44192160	14
