chr9	36986003	37036003	1
chr17	39759347	39809347	15
chr2	60507865	60557865	16
chr2	60504265	60554265	16
chr1	198640470	198690671	10
chr11	128471905	128521905	1
chr10	11166237	11216237	12
chr2	233059290	233109290	10
chr9	36963403	37013403	14
chr21	33367894	33418093	14
chr11	33852054	33902253	1
chr2	233064090	233114090	10
chr21	33373294	33423493	14
chr11	33858054	33908253	1
chr17	39818547	39868547	15
chr5	170253996	170303996	15
chr16	85898394	85948394	16
chr2	144471833	144521833	15
chr7	50303404	50365502	10
chr7	50306004	50368102	10
chr6	24898172	24948172	1
chr14	105896342	105947744	1
chr16	84568194	84618194	13
chr17	39816147	39866147	15
chr11	33848054	33898253	1
chr6	24887572	24937572	1
chr12	120218797	120268797	15
chr17	49714838	49764838	10
chr17	48541038	48591038	14
chr17	48540838	48590838	14
chr16	84561394	84611394	13
chr17	49708238	49758238	10
chr14	99227863	99277863	1
chr10	14539201	14589201	15
chr10	11173637	11223637	12
chr4	40196780	40246780	8
chr7	5390369	5440369	1
chr7	5390769	5440769	1
chr1	167632163	167682163	8
chr2	60527465	60577465	8
chr17	39825347	39875347	15
chr8	27360083	27410083	12
chr18	77084844	77134844	3
chr17	39740147	39790147	15
chr5	170246796	170296796	15
chr10	124669431	124719431	10
chr10	71726243	71776243	1
chr10	14555201	14605201	15
chr10	124672831	124722831	10
chr12	6317634	6367634	8
chr16	85878994	85928994	3
chr17	35474181	35524181	14
chr17	35474581	35524581	14
chr7	27116781	27166781	8
chr2	68762668	68812668	8
chr10	14529401	14579401	15
chr20	41133960	41183960	8
chr12	110644995	110694995	15
chr22	39926596	39976596	15
chr14	91369256	91419256	2
chr5	139635815	139685815	15
chr3	12973100	13023100	15
chr12	110645795	110695795	15
chr5	132411308	132461308	10
chr16	57624288	57674288	4
chr22	36332955	36382955	10
chr1	12160943	12210943	2
chr7	27156981	27206981	2
chr7	5396169	5446169	1
chr16	57620488	57670488	4
chr18	44699835	44749835	8
chr10	124611431	124661431	8
chr20	41127360	41177360	8
chr18	44701035	44751035	8
chr16	57529288	57579288	15
chr3	30611508	30661508	10
chr5	1475085	1525085	10
chr8	143927632	143977632	15
chr14	92631855	92681855	4
chr3	30608708	30658708	1
chr3	12975500	13025500	15
chr8	27369483	27419483	12
chr11	128696505	128746505	8
chr13	40970264	41020264	4
chr22	39922796	39972796	15
chr14	105845067	105897742	4
chr3	186996012	187046012	10
chr13	40970664	41020664	4
chr5	172138996	172188996	10
chr10	79067043	79117043	8
chr2	68750668	68800668	8
chr2	8451070	8501070	1
chr20	41138360	41188360	8
chr3	30603308	30653308	2
chr2	8450870	8500870	1
chr6	159967968	160017968	14
chr15	76993059	77043258	8
chr11	67396729	67446729	10
chr11	67256929	67306929	10
chr11	67396529	67446529	10
