chr8	84700400	84750400	3
chr8	84726200	84776200	6
chr11	98922400	98972400	3
chr6	52163400	52213400	3
chr10	80136200	80186200	9
chr7	79495600	79545600	7
chr13	78162200	78212200	2
chr3	88194600	88244600	3
chr11	96303200	96353200	3
chr8	120485400	120535400	3
chr8	108690400	108740400	9
chr8	120517400	120567400	6
chr6	52213600	52263600	3
chr7	44427000	44477000	2
chr11	120216200	120266200	9
chr12	107958200	108008200	2
chr2	30676400	30726400	6
chr7	70324200	70374200	9
chr8	84681400	84731400	3
chr2	165846600	165896600	9
chr10	80122600	80172600	5
chr4	133010200	133060200	4
chr15	82915800	82965800	6
chr18	37804600	37854600	9
chr11	98905600	98955600	9
chr9	91347600	91397600	1
chr10	81557400	81607400	9
chr15	82917000	82967000	6
chr11	24073000	24123000	9
chr2	74666600	74716600	3
chr1	42671400	42721400	2
chr7	137284000	137334000	2
chr8	108683800	108733800	9
chr18	35827400	35877400	6
chr8	57307200	57357200	3
chr17	47876400	47926400	9
chr15	85640400	85690400	12
chr18	37806600	37856600	6
chr6	83408200	83458200	6
chr4	106907200	106957200	6
chr5	125130800	125180800	6
chr18	75361800	75411800	6
chr10	80291200	80341200	5
chr2	33600600	33650600	1
chr18	37800000	37850000	9
chr13	63238200	63288200	2
chr3	34630600	34680600	3
chr15	102992400	103042400	3
chr14	25583400	25633400	6
chr14	25455800	25505800	4
chr10	80152800	80202800	9
chr14	25573600	25623600	6
chr4	13741800	13791800	2
chr2	38331200	38381200	4
chr2	116039400	116089400	2
chr11	98738000	98788000	9
chr7	73372000	73422000	4
chr1	42664000	42714000	2
chr14	122445200	122495200	2
chr13	83706800	83756800	2
chr9	61369800	61419800	2
chr15	82938400	82988400	2
chr12	107966600	108016600	2
chr13	63524400	63574400	2
chr10	81383600	81433600	2
chr6	114872200	114922200	6
chr11	24057600	24107600	9
chr1	75442400	75492400	9
chr2	165833200	165883200	9
chr14	25461600	25511600	4
chr11	97530000	97580000	12
chr4	82464800	82514800	9
chr8	108679400	108729400	9
chr1	78155400	78205400	1
chr15	27766400	27816400	6
chr2	74716800	74766800	3
chr11	117301600	117351600	6
chr13	23528200	23578200	6
chr19	6487200	6537200	6
chr4	148903200	148953200	12
chr4	82491200	82541200	9
chr11	88671200	88721200	7
chr5	111407800	111457800	6
chr11	88672200	88722200	7
chr8	120260400	120310400	6
chr2	18022400	18072400	9
chr5	111406200	111456200	6
chr11	94406600	94456600	6
chr9	107533400	107583400	9
chr12	107968600	108018600	2
chr11	77847800	77897800	6
chrX	12047400	12097400	6
chr15	85652400	85702400	12
chr4	120239800	120289800	9
chr4	133000200	133050200	4
chr14	25570000	25620000	6
chr7	142532200	142582200	6
chr14	25517200	25567200	7
chr9	65133800	65183800	4
chr7	137261600	137311600	2
