chr15	25046253	25096253	8
chr21	10683856	10733856	8
chr10	41839408	42105752	8
chr12	133078814	133128814	8
chr19	58165833	58216034	8
chr19	58227634	58277634	8
chr10	38483472	38579469	8
chr10	38810269	38860269	8
chr2	89787797	89844190	8
chr5	141382433	141432433	8
chr19	57957632	58007632	3
chr19	9336724	9386724	8
chr19	57529832	57579832	8
chr22	36321755	36371755	3
chr2	217815877	217865877	6
chr12	53984616	54034616	10
chr19	37536298	37586499	8
chr4	408811	458811	8
chr19	36709498	36759498	8
chr19	56521631	56571631	8
chr19	36511898	36561898	8
chr2	176067072	176117072	11
chr19	37407098	37457098	8
chr19	36860298	36910298	8
chr4	405611	455611	8
chr3	75704849	75754849	8
chr3	75709049	75759049	8
chr22	36293554	36343755	3
chr19	36616698	36666698	8
chr19	44447412	44501348	8
chr22	46063920	46113920	3
chr19	37110298	37160298	8
chr19	56403631	56453631	8
chr19	37386498	37436498	8
chr13	99950546	100000546	11
chr17	48586838	48636838	12
chr3	147375013	147425013	11
chr2	217897477	217947477	6
chr19	43835048	43885048	8
chr9	40873972	40929571	8
chr21	10716656	10766656	8
chr16	34127333	34177333	12
chr19	51961147	52011147	8
chr19	58095033	58145033	8
chr4	49102383	49152383	8
chr4	10069576	10119576	3
chr10	100708043	100758043	11
chr4	10069776	10119776	3
chr19	53202547	53252547	8
chr22	46044320	46094320	3
chr7	27157781	27207781	3
chr20	30399524	31247597	8
chr7	27163581	27213581	12
chr16	3368000	3418000	8
chr9	123995921	124045921	11
chr16	34135933	34185933	12
chr12	133129014	133179014	8
chr17	48569838	48619838	12
chr19	43837648	43887648	8
chr17	48549238	48599238	11
chr3	123651353	123701353	1
chr19	36791098	36841098	8
chr19	53196947	53246947	8
chr2	217904277	217954277	6
chr17	48709638	48759638	11
chr16	15808143	15858143	11
chr14	68875883	68925883	6
chr19	58150633	58200633	8
chr2	217886677	217936677	6
chr17	79772601	79822601	11
chr5	141223228	141273631	8
chr6	10378567	10428567	11
chr9	121278322	121328322	3
chr22	36340955	36390955	3
chr17	40062147	40112147	3
chr19	51851747	51901747	8
chr21	10371656	10421656	8
chr2	132237427	132287427	11
chr19	52287947	52337947	8
chr16	34061933	34111933	8
chr1	207801855	207851855	3
chr7	96987288	97037288	11
chr19	24338998	24388998	8
chr19	57679232	57729232	3
chr2	205719076	205769076	6
chr5	141312033	141362033	8
chr2	217882277	217932277	6
chr9	126605521	126655521	11
chr8	11671291	11721291	11
chr9	121268322	121318322	3
chr10	95389043	95439043	2
chr5	178926399	178976399	8
chr2	218956678	219006678	11
chr14	68930883	68980883	6
chr10	101204443	101254443	11
chr19	51849147	51899147	8
chr14	68931483	68981483	6
chr12	133164814	133214814	8
chr10	79397044	79447044	6
chr12	57194817	57244817	10
