chr15	25046253	25096253	20
chr19	58229634	58279634	20
chr12	133078814	133128814	20
chr19	58164433	58214634	20
chr4	424611	474611	20
chr19	36710498	36760498	20
chr19	36513298	36563298	20
chr19	57963632	58013632	20
chr19	57529632	57579632	20
chr19	56537631	56587832	20
chr19	58157033	58207234	20
chr19	38647160	38697160	22
chr19	58094033	58144033	20
chr19	51992747	52042747	20
chr19	38649560	38699560	9
chr19	36617898	36667898	1
chr19	23335198	23385198	20
chr19	56542231	56592432	20
chr22	36323755	36373755	9
chr4	405611	455611	20
chr19	37123498	37173498	1
chr12	133180814	133230814	20
chr19	36858698	36908698	20
chr19	36794898	36844898	20
chr22	36316355	36366355	9
chr19	51855347	51905347	20
chr12	132907414	132957414	20
chr5	180243800	180293800	20
chr22	36291754	36341955	9
chr19	51851747	51901747	20
chr12	133143814	133193814	20
chr4	336011	386011	4
chr19	37412498	37462498	20
chr8	143911632	143961632	1
chr19	9336924	9386924	20
chr19	9336524	9386524	20
chr19	37531498	37581699	20
chr8	143914032	143964032	1
chr19	56399431	56449431	20
chr19	52364947	52414947	1
chr10	119031688	119081688	3
chr19	57946632	57996632	20
chr4	343411	393411	20
chr19	44447612	44501548	20
chr19	15248389	15298389	9
chr19	53203147	53253147	20
chr19	37384098	37434098	20
chr19	52287547	52337547	1
chr19	52085747	52135747	1
chr19	56392631	56442631	20
chr22	46051320	46101320	22
chr19	36728498	36778498	1
chr20	35694278	35744278	1
chr15	92881370	92931370	1
chr15	92881970	92931970	1
chr14	21220441	21270441	1
chr15	92880570	92930570	1
chr19	15255189	15305189	9
chr10	79066843	79116843	1
chr1	2226761	2276761	1
chr4	50106	103713	4
chr2	176066872	176116872	23
chr11	62525728	62575728	1
chr17	77423518	77473518	9
chr17	77424118	77474118	9
chr15	96320771	96370771	1
chr1	27554889	27604889	1
chr10	38784069	38834069	21
chr19	37111298	37161298	20
chr10	38489272	38585269	21
chr16	3279000	3329000	20
chr14	68930683	68980683	1
chr15	96321371	96371371	1
chr1	27555689	27605689	1
chr21	10651656	10701656	21
chr12	120216197	120266197	22
chr20	62904848	62954848	1
chr20	47311856	47361856	3
chr9	131393013	131443013	9
chr17	77363718	77413718	3
chr17	7213881	7263881	1
chr14	73738297	73788297	3
chr16	3370400	3420400	1
chr10	100710043	100760043	23
chr19	55634234	55684234	1
chr19	43835048	43885048	20
chr17	20994687	21044687	22
chr17	38867347	38917347	1
chr9	131394413	131444413	9
chr19	1236801	1286801	1
chr1	26692109	26742109	1
chr17	82225324	82275324	3
chr12	110279995	110329995	1
chr16	70521497	70571497	3
chr10	125112631	125162631	1
chr7	27163581	27213581	22
chr7	27163381	27213381	22
chr10	80453444	80503444	22
chr20	31674197	31724197	1
chr17	48576838	48626838	2
