chr15	25046253	25096253	20
chr19	58227634	58277634	20
chr12	133078814	133128814	20
chr19	58164233	58214434	20
chr19	57963432	58013432	20
chr19	36710498	36760498	20
chr19	36513498	36563498	4
chr19	56537631	56587832	4
chr19	57529632	57579632	20
chr4	424611	474611	20
chr19	51992947	52042947	20
chr19	37412498	37462498	20
chr19	36616098	36666098	4
chr4	410211	460211	20
chr19	36795298	36845298	20
chr19	38647160	38697160	22
chr19	37123298	37173298	1
chr12	133031014	133081014	4
chr19	58101433	58151433	4
chr19	37531498	37581699	22
chr12	132907414	132957414	4
chr19	36853698	36903698	20
chr19	56403031	56453031	20
chr19	38651960	38701960	9
chr19	56403631	56453631	20
chr22	46042520	46092520	22
chr19	52364947	52414947	22
chr12	53979016	54029016	1
chr8	143912032	143962032	9
chr19	9336724	9386724	20
chr16	3370400	3420400	1
chr17	40306548	40356548	9
chr7	27139381	27189381	3
chr19	37525698	37575698	22
chr19	56544031	56594232	4
chr1	27555089	27605089	1
chr12	133181014	133231014	20
chr19	23344598	23394598	20
chr19	12994986	13044986	22
chr22	36321755	36371755	9
chr11	62514328	62564328	9
chr12	120216397	120266397	22
chr15	96320571	96370571	9
chr19	9340324	9390324	20
chr14	73738297	73788297	1
chr19	58154033	58204033	20
chr4	336011	386011	4
chr10	79111443	79161443	9
chr16	3277000	3327000	20
chr22	36293154	36343355	9
chr10	124696031	124746031	1
chr17	48569238	48619238	3
chr4	343211	393211	20
chr19	51855547	51905547	20
chr17	48563238	48613238	22
chr19	57940232	57990232	20
chr5	180244000	180294000	20
chr19	37385098	37435098	20
chr2	217894677	217944677	9
chr19	51851547	51901547	20
chr22	36306154	36356355	9
chr2	127058424	127108424	1
chr5	178917799	178967799	20
chr10	125112631	125162631	1
chr19	15245389	15295389	9
chr19	15245189	15295189	9
chr21	10651656	10701656	21
chr10	38783469	38833469	21
chr12	34353865	34403865	21
chr10	38483472	38579469	21
chr1	21894107	21944107	1
chr19	52287547	52337547	1
chr15	96322371	96372371	9
chr17	82225324	82275324	1
chr19	44447412	44501348	20
chr17	48578238	48628238	3
chr19	53203347	53253347	20
chr9	134329354	134379354	9
chr19	37111298	37161298	20
chr5	139635815	139685815	1
chr12	108809424	108859424	1
chr19	43835048	43885048	20
chr10	119028888	119078888	1
chr17	77363718	77413718	3
chr14	21220441	21270441	1
chr19	1236801	1286801	23
chr2	217887677	217937677	9
chr20	35694478	35744478	1
chr19	37445298	37495298	4
chr17	77381318	77431318	9
chr15	31324597	31374597	1
chr17	7213881	7263881	1
chr2	217812077	217862077	9
chr19	24330598	24380598	21
chr12	124478854	124528854	9
chr2	217821077	217871077	9
chr12	53947016	53997016	1
chr11	62532928	62582928	1
chr19	15254989	15304989	9
chr1	227630299	227680299	20
