chr11	31788852	31813852	6
chr11	31790452	31815452	6
chr7	20775180	20800381	3
chr13	99964746	99989746	3
chr14	56792682	56817682	3
chr2	172079472	172104472	3
chr7	96998288	97023288	2
chr13	99955746	99980746	6
chr2	44933661	44958661	2
chr1	156403608	156428608	2
chr14	36501395	36526395	2
chr7	122299746	122324746	3
chr13	99973346	99998346	3
chr12	4270034	4295034	11
chr10	117124889	117149889	3
chr2	12718074	12743074	2
chr2	44936061	44961061	10
chr15	70049861	70074861	4
chr7	31051185	31076585	6
chr10	117532489	117557489	2
chr1	36798399	36823399	4
chr2	44924661	44949661	2
chr7	31049585	31074985	6
chr11	8245453	8270453	10
chr14	36491595	36516595	2
chr7	122302346	122327346	8
chr15	96321571	96346571	3
chr10	117534089	117559089	2
chr14	36491195	36516195	2
chr14	56786682	56811682	3
chr6	42245062	42270062	4
chr17	61393439	61418439	3
chr17	61389839	61414839	3
chr15	96320371	96345371	3
chrX	47168001	47193001	4
chr14	56786082	56811082	3
chr1	36856399	36881399	4
chr7	157669108	157694108	3
chr10	117120089	117145089	3
chr7	157668908	157693908	3
chr13	99942346	99967346	6
chr11	70143094	70168094	4
chr7	20767178	20792781	3
chr7	31084585	31109786	4
chr17	61386639	61411639	3
chr2	170812690	170837690	3
chr2	224973083	224998083	1
chr2	63035265	63060265	9
chr11	8254453	8279453	10
chr5	178572399	178597399	3
chr12	4282434	4307434	1
chrX	40085347	40110347	10
chrX	47230801	47255801	10
chr5	141473433	141498433	3
chr9	123995521	124020521	3
chr11	31775452	31800452	6
chr15	89369569	89394569	1
chr15	70064461	70089461	4
chr11	133935505	133960505	6
chr11	133940905	133965905	10
chr15	70076861	70101861	1
chr1	204101672	204126672	4
chr2	132624227	132649227	6
chr5	154189240	154214240	8
chr1	37016399	37041399	1
chr1	33149999	33174999	4
chr11	133939705	133964705	10
chr10	100481643	100506643	4
chr6	16128369	16153369	2
chr12	4260434	4285434	3
chr15	67811862	67836862	8
chr6	5992567	6017567	3
chr15	70040861	70065861	4
chr4	87493448	87518448	8
chr10	100482443	100507443	4
chr17	74246261	74271261	4
chr7	132139241	132164241	7
chr2	236161956	236187157	10
chr15	70081261	70106261	1
chr7	157681108	157706108	3
chr20	57683544	57708544	2
chr15	67814662	67839662	8
chr1	50409528	50434528	8
chr15	89365969	89390969	3
chrX	154008149	154033149	3
chr11	31804252	31829453	11
chr5	142295835	142320835	2
chr17	14296283	14321283	2
chr4	61189682	61214682	2
chr10	117525889	117550889	2
chr4	13527376	13552376	10
chr4	105219243	105244243	8
chrX	24997083	25022083	2
chr2	172065872	172090872	3
chr2	236154956	236180157	10
chr1	50407728	50432728	8
chr3	181694812	181719812	3
chr7	122310946	122335946	8
chr10	100479443	100504443	4
chr3	58236473	58261473	4
