chr6	58779200	58779400	11	8.90446	1	(8,11)	5.05114	1	16.0986
chr6	58777800	58778000	11	6.53809	1	(8,11)	6.31935	1	15.9349
chr13	28034000	28034200	11	8.33963	1	(8,11)	5.27648	1	15.9302
chr6	58778000	58778200	8	6.5008	1	(8,11)	6.2907	1	15.9114
chr1	121484200	121484400	11	9.64696	1	(11,11)	5.32887	1	15.7657
chr2	133025400	133025600	11	8.81078	1	(8,11)	6.79538	1	15.7298
chr14	88237400	88237600	11	8.88392	1	(8,11)	5.18857	1	15.702
chr10	98561200	98561400	11	9.21276	1	(8,11)	7.60436	1	15.65
chr21	9825800	9826000	11	5.43848	1	(8,11)	3.59014	1	15.6144
chr8	70602400	70602600	11	10.065	1	(8,11)	8.35437	1	15.5837
chr20	47896800	47897000	3	10.3883	1	(3,3)	6.54906	1	15.5784
chr12	127650600	127650800	11	7.00961	1	(8,11)	5.21206	1	15.5734
chr5	71146600	71146800	11	9.81896	1	(8,11)	8.08229	1	15.5508
chrX	108297400	108297600	11	9.03166	1	(8,11)	7.50094	1	15.5424
chr21	9827400	9827600	11	11.6359	1	(11,11)	8.34579	1	15.4906
chr1	91853000	91853200	11	11.8686	1	(11,11)	8.72478	1	15.481
chr12	34372600	34372800	11	9.96807	1	(8,11)	6.84389	1	15.4778
chr9	79186600	79186800	11	7.92768	1	(8,11)	6.38601	1	15.4648
chr17	31149600	31149800	11	5.7946	1	(8,11)	4.58277	1	15.4601
chr19	36066400	36066600	11	9.26259	1	(8,11)	6.83433	1	15.46
chr2	133029400	133029600	8	7.88303	1	(8,12)	6.18061	1	15.4087
chr12	20704400	20704600	11	8.89388	1	(8,11)	9.01713	1	15.4022
chrX	136520200	136520400	11	11.4562	1	(11,11)	8.28333	1	15.3901
chr20	47897200	47897400	8	7.19275	1	(3,8)	7.58994	1	15.3662
chr2	133023800	133024000	8	7.06252	1	(8,12)	4.67892	1	15.3604
chr2	133027000	133027200	11	7.34889	1	(8,11)	7.12595	1	15.3358
chr16	33957400	33957600	8	7.04341	1	(8,11)	5.9757	1	15.2983
chr17	33478200	33478400	11	9.844	1	(8,11)	6.23988	1	15.2607
chr9	68414200	68414400	8	6.10637	1	(8,10)	4.30812	1	15.2499
chr15	96877400	96877600	3	7.81721	1	(3,10)	4.86667	1	15.2284
chr2	133026600	133026800	8	6.85408	1	(8,11)	4.00296	1	15.1865
chr14	69257200	69257400	3	10.8262	1	(3,3)	7.33641	1	15.1844
chr19	58741000	58741200	8	6.71525	1	(3,8)	4.71517	1	15.1806
chr17	41382000	41382200	8	7.61344	1	(8,11)	7.80124	1	15.177
chr7	100550800	100551000	8	6.58146	1	(8,11)	4.87571	1	15.1246
chr17	41400200	41400400	11	7.35802	1	(8,11)	3.86036	1	15.1157
chr14	75748000	75748200	3	9.83822	1	(3,3)	6.13955	1	15.0841
chr9	44993000	44993200	8	7.47493	1	(8,11)	5.73817	1	15.034
chr4	54600	54800	8	6.76703	1	(8,11)	4.4239	1	15.0242
chr4	53200	53400	10	6.80051	1	(8,10)	7.14999	1	15.0065
chr4	76807000	76807200	11	4.89629	1	(8,11)	2.96174	1	14.991
chr16	33957200	33957400	11	7.0355	1	(8,11)	7.74113	1	14.9773
chr16	14581000	14581200	8	7.30099	1	(8,11)	7.01597	1	14.9534
chr11	85195000	85195200	8	7.50884	1	(8,11)	8.9075	1	14.9527
chr19	58515600	58515800	8	7.50528	1	(3,8)	3.86026	1	14.9341
chr20	29611200	29611400	8	6.55985	1	(8,11)	6.20848	1	14.933
chr4	53000	53200	8	6.69299	1	(8,10)	7.12386	1	14.9286
chr2	133016800	133017000	8	7.30068	1	(8,11)	8.15322	1	14.9267
chr17	79478200	79478400	3	13.3001	1	(3,3)	11.7787	1	14.9263
chr9	68413600	68413800	11	5.7744	1	(8,11)	4.11832	1	14.8943
chr4	70296600	70296800	8	6.69882	1	(8,11)	7.17873	1	14.894
chr2	230045600	230045800	11	7.49982	1	(8,11)	8.18793	1	14.8025
chr6	31323000	31323200	3	8.4417	1	(3,3)	4.3692	1	14.7995
chr20	26190000	26190200	11	11.3294	1	(11,11)	8.51005	1	14.7818
chr5	174541800	174542000	8	4.76362	1	(8,11)	2.89451	1	14.7728
chr21	9826400	9826600	13	4.3603	1	(8,13)	2.78274	1	14.7633
chr16	33957000	33957200	8	6.92099	1	(8,11)	7.3791	1	14.7575
chr2	133015200	133015400	11	7.19495	1	(8,11)	7.44664	1	14.7552
chr17	41466200	41466400	11	8.83289	1	(11,11)	4.90887	1	14.7394
chr2	133015000	133015200	8	6.57971	1	(8,11)	6.44589	1	14.7372
chr11	65273000	65273200	3	13.492	1	(3,3)	12.3187	1	14.7364
chr7	5567800	5568000	3	14.7198	1	(3,3)	14.7198	1	14.7198
chr6	30458200	30458400	3	9.80221	1	(3,3)	6.13704	1	14.6885
chr9	79186400	79186600	10	3.91223	1	(8,10)	2.39451	1	14.6883
chr20	26188800	26189000	11	9.01711	1	(11,11)	5.36274	1	14.6727
chr19	58259400	58259600	8	4.76591	1	(2,8)	3.7898	1	14.6647
chr20	42087800	42088000	3	12.2197	1	(3,3)	10.1043	1	14.6573
chr5	179048800	179049000	3	11.9593	1	(3,3)	9.61194	1	14.6305
chr1	35656400	35656600	3	12.3399	1	(3,3)	10.2912	1	14.6286
chr6	32942400	32942600	3	14.3279	1	(3,3)	14.032	1	14.6238
chr19	16437400	16437600	3	7.44092	1	(3,3)	3.23649	1	14.6109
chr10	3823800	3824000	3	13.4065	1	(3,3)	12.2738	1	14.6034
chr3	75718200	75718400	8	4.39106	1	(8,10)	3.09807	1	14.5872
chr12	89743000	89743200	3	7.39715	1	(3,3)	3.39319	1	14.5715
chr14	35871600	35871800	3	13.6875	1	(3,3)	12.8448	1	14.5605
chr19	13051000	13051200	3	11.3116	1	(3,3)	8.65481	1	14.5576
chr1	150549600	150549800	3	11.4386	1	(3,3)	8.75865	1	14.5569
chr3	186503600	186503800	3	12.7766	1	(3,3)	11.1326	1	14.5519
chr1	234743400	234743600	3	12.7708	1	(3,3)	11.1268	1	14.5349
chr5	172196200	172196400	3	13.969	1	(3,3)	13.4216	1	14.5221
chr1	145441200	145441400	3	13.6535	1	(3,3)	12.8088	1	14.522
chr2	91816800	91817000	8	5.16569	1	(8,12)	4.19097	1	14.5185
chr14	70235400	70235600	3	12.5085	1	(3,3)	10.7049	1	14.5165
chr22	39917600	39917800	3	13.6354	1	(3,3)	12.7852	1	14.5047
chr17	76353800	76354000	3	8.32801	1	(3,3)	4.42735	1	14.4938
chr13	45008200	45008400	3	11.587	1	(3,3)	9.15912	1	14.4934
chr17	39846400	39846600	3	13.6288	1	(3,3)	12.8055	1	14.4839
chr19	49377400	49377600	3	12.756	1	(3,3)	11.1686	1	14.4832
chr3	75720800	75721000	8	4.83258	1	(8,10)	2.97319	1	14.4567
chr11	62621600	62621800	3	9.86667	1	(3,3)	6.54812	1	14.4531
chr3	75718600	75718800	11	5.92698	1	(8,11)	3.86367	1	14.4486
chr17	48940600	48940800	3	11.2514	1	(3,3)	8.62619	1	14.442
chr11	122930000	122930200	3	11.5302	1	(3,3)	9.08433	1	14.4353
chr12	56554000	56554200	3	12.6339	1	(3,3)	11.0039	1	14.4352
chr9	69982800	69983000	8	6.68364	1	(8,11)	3.95687	1	14.4303
chr20	29518800	29519000	8	6.65196	1	(8,10)	3.51643	1	14.427
chr19	58219200	58219400	8	4.71054	1	(3,8)	2.7793	1	14.4254
chr11	62650400	62650600	3	10.6355	1	(3,3)	7.70356	1	14.4206
chr6	30584600	30584800	3	10.77	1	(3,3)	7.75192	1	14.4181
chr19	14627000	14627200	3	12.0714	1	(3,3)	10.0368	1	14.4101
