chr7	5557400	5579400	3
chr17	39835800	39856800	3
chr6	32930400	32953000	3
chr22	39907200	39929600	3
chr17	79466000	79489200	3
chr12	56543400	56565000	3
chr11	65258800	65283600	3
chr20	42077800	42098000	3
chr16	89617800	89638800	3
chr19	13040400	13061600	3
chr19	3973600	3994400	3
chr3	186492000	186514200	3
chr1	234732200	234754000	3
chr6	36554600	36577000	3
chr1	35645600	35667000	3
chr8	146006200	146027000	3
chr14	102541400	102562200	3
chr5	179037400	179059000	3
chr17	7467400	7488400	3
chr20	47886400	47908000	3
chr14	35861600	35883000	3
chr11	122919600	122942000	3
chr13	80901000	80921600	3
chr11	8695600	8716000	3
chr17	73764400	73785200	3
chr12	54666000	54687400	3
chr1	145430000	145451400	3
chr9	140126600	140147200	3
chr12	6635000	6655800	3
chr2	232566200	232587200	3
chr10	74024600	74045600	3
chr22	39702200	39724400	3
chr1	150539400	150560000	3
chr6	35427400	35448200	3
chr3	52018600	52039000	3
chr16	30068200	30089000	3
chr14	69246000	69267800	3
chr1	121474400	121495400	11
chr17	56072800	56093400	3
chr19	55888400	55909200	3
chr11	62640200	62661200	3
chr19	49366800	49388000	3
chr14	70225000	70245800	3
chr19	49990800	50011200	3
chr14	103791800	103812600	3
chr19	42355200	42375800	3
chr9	68402600	68423400	11
chr2	217354600	217375000	3
chr9	136206000	136226400	3
chr19	49459400	49480000	3
chr19	2261600	2282000	3
chr6	31497800	31518400	3
chr8	82744600	82764800	11
chr19	18379600	18400000	3
chr13	44998400	45018800	3
chr16	2003600	2024200	3
chr1	150537200	150558400	3
chr10	3812400	3834400	3
chr11	61722600	61743400	3
chr19	54695400	54717000	3
chr6	30573800	30594800	3
chr19	49982400	50003200	3
chr19	14617000	14637400	3
chr19	59047000	59068000	3
chr12	125388000	125408400	3
chr5	180658800	180679400	3
chr5	172185800	172206800	3
chr11	62611200	62632000	3
chr9	127612600	127633200	3
chr11	66397400	66417800	3
chr6	74219000	74240000	3
chr5	177623200	177643600	3
chr2	133015400	133035800	11
chr6	133127000	133147600	3
chrX	153617600	153638000	3
chr1	91842800	91863200	11
chr1	45232200	45252600	3
chr19	1241400	1262000	3
chr11	64534400	64554600	3
chr9	130201800	130222600	3
chr15	44075800	44096000	3
chr5	40824000	40844400	3
chr12	133672200	133693200	8
chr19	58693000	58714400	8
chr19	58762000	58784800	8
chr17	74721000	74742400	3
chr17	16333400	16353800	3
chr12	46754200	46774400	3
chr12	49513600	49534000	3
chr13	45904000	45924400	3
chr12	46753000	46773800	3
chr6	31795000	31815600	3
chr3	196615600	196635800	8
chr17	36997800	37018400	3
chr19	8377600	8397800	3
chr17	4839600	4860000	3
chr12	133614000	133641000	8
chr7	99658600	99679600	8
chr19	58120800	58143600	8
chr16	46393400	46413800	8
