chr19	58184433	58209634	8
chr19	58240634	58265634	8
chr19	57975232	58000232	8
chr12	133039214	133064214	8
chr19	36536898	36561898	8
chr15	25050453	25075453	8
chr19	44473583	44501148	8
chr12	133082014	133107014	8
chr10	41841408	41866408	8
chr12	133115014	133140014	8
chr2	89816190	89841190	8
chr19	36807898	36832898	8
chr12	133181414	133206414	8
chr12	132925414	132950414	8
chr4	430611	455611	8
chr16	68549697	68574697	8
chr19	56403231	56428231	8
chr4	49632983	51794034	8
chr19	56553231	56578432	8
chr19	37562098	37587299	8
chr3	44712308	44737308	8
chr19	36706098	36731098	8
chr2	172082072	172107072	10
chr2	172082672	172107672	10
chr19	36876698	36901698	8
chr19	52303347	52328347	8
chr5	179065599	179090599	8
chr12	133140214	133165214	8
chr7	6674769	6699769	8
chr19	57530432	57555432	8
chr19	52015547	52040547	8
chr16	3299600	3324600	8
chr19	43835048	43860048	8
chr17	48593038	48618038	10
chr16	3386800	3411800	8
chr7	6672969	6697969	8
chr19	44459781	44485989	8
chr12	132992814	133017814	8
chr3	75717649	75742649	8
chr19	58118433	58143433	8
chr17	61393839	61418839	10
chr3	44719508	44744508	8
chr11	31795852	31821053	11
chr12	133065614	133090614	8
chr5	179070199	179095199	8
chr19	37409298	37434298	8
chr15	96320971	96345971	3
chr19	56411831	56436831	8
chr19	9560124	9585124	8
chr19	9325924	9350924	8
chr2	95141655	95166655	8
chr19	58109833	58134833	8
chr4	49096183	49121183	8
chr19	8802324	8827324	8
chr7	27163981	27188981	11
chr4	413611	438611	8
chr12	53973016	53998016	10
chr19	36732698	36757698	8
chr12	53963016	53988016	10
chr8	143928832	143953832	3
chr19	51964347	51989347	8
chr19	7068989	7093989	8
chr19	9514324	9539324	8
chr19	37125898	37150898	8
chr5	180248000	180273000	8
chr19	57615432	57640432	8
chr19	56519431	56544431	8
chr10	8033237	8058237	11
chr21	10713256	10738256	8
chr7	155447505	155472505	11
chr12	133145614	133170614	8
chr19	9371524	9396524	8
chr2	176078672	176103672	11
chr8	143927232	143952232	3
chr4	10092776	10117776	3
chr4	349611	374611	8
chr19	36624498	36649498	8
chr4	64308	91513	8
chr19	19706391	19731391	8
chr11	65568729	65593729	2
chr4	4851073	4876073	10
chr2	118835024	118860024	11
chr16	34132333	34157333	11
chr10	117531089	117556089	11
chr19	37091498	37116498	8
chr2	89804990	89829990	8
chr5	178706199	178731199	8
chr15	25075653	25100653	8
chr10	41866608	42107952	8
chr19	9368924	9393924	8
chr8	144826815	144851815	1
chr10	129948336	129973336	10
chr9	96753918	96778918	8
chr12	133192614	133217614	8
chr6	1601565	1626565	11
chr12	133003214	133028214	8
chr3	134350558	134375558	3
chr4	69908	97114	8
chr10	129947936	129972936	10
chr11	819000	844000	3
