chr20	49279663	49289663	8
chr1	26412309	26422309	8
chr7	131545241	131555241	8
chr7	131544241	131554241	8
chr1	232126254	232136254	8
chr1	232126054	232136054	8
chr1	27000109	27010109	8
chr1	38992528	39002528	8
chr20	49282663	49292663	8
chr15	63043801	63053801	8
chr22	36327355	36337355	3
chr8	71679765	71689765	8
chr10	78033242	78043242	8
chr8	30387284	30397284	8
chr8	38433282	38443282	8
chr18	58859368	58869368	8
chr11	94648634	94658634	8
chr11	94649034	94659034	8
chr3	109329753	109339753	8
chr3	109330553	109340553	8
chr11	94647434	94657434	8
chr5	147860037	147870037	8
chr6	158807568	158817568	8
chr15	63041001	63051001	8
chr1	223018658	223028658	8
chr2	64256466	64266466	8
chr1	223019858	223029858	8
chr13	28427263	28437263	8
chr3	46572910	46582910	8
chr11	65496729	65506729	8
chr20	32771994	32781994	8
chr10	125148031	125158031	8
chr8	71682965	71692965	8
chr8	38435482	38445482	8
chr1	17432104	17442104	8
chr22	39310795	39320795	8
chr1	17427304	17437304	8
chr2	37223857	37233857	8
chr13	51170664	51180664	8
chr8	30539883	30549883	8
chr15	41559602	41569602	8
chr1	28505088	28515088	8
chr8	41300481	41310481	8
chr6	167229512	167239512	8
chr8	30398084	30408084	8
chr5	147863637	147873637	8
chr15	63045401	63055401	8
chr5	116562704	116572704	8
chr4	122826445	122836445	8
chr5	33438894	33449095	8
chr5	116562504	116572504	8
chr1	8870941	8880941	8
chr13	51168264	51178264	8
chr17	28718382	28728382	8
chr6	34234623	34244623	8
chr2	37197857	37207857	8
chr2	63844666	63854666	8
chr17	49014438	49024438	8
chr2	207761676	207771676	8
chr8	30536883	30546883	8
chr1	62194328	62204328	8
chr3	134362758	134372758	14
chr2	64252666	64262666	8
chr1	62194528	62204528	8
chr1	26995309	27005309	8
chr14	38194195	38204195	8
chr1	42946329	42956329	4
chr8	38436682	38446682	8
chr5	139274111	139284111	8
chr18	3450602	3460602	8
chr6	34236023	34246023	8
chr17	48047838	48057838	8
chr5	94354095	94364095	8
chr17	48048038	48058038	8
chr1	26415309	26425309	8
chr8	30382684	30392684	8
chr7	70696614	70706614	8
chr20	47351056	47361056	8
chr11	62851528	62861528	8
chrX	137567441	137577441	8
chr1	28503888	28513888	8
chr20	51793261	51803261	8
chr19	54199933	54210132	8
chr8	26633284	26643284	8
chr9	2808400	2818400	8
chr18	3452402	3462402	8
chr3	32835108	32845108	3
chr4	112647444	112657444	8
chr1	234602654	234612654	8
chr5	116565104	116575104	4
chr13	110905653	110915653	8
chr14	38189395	38199395	8
chr14	21520849	21531266	8
chr2	43218261	43228261	8
chr7	70696014	70706014	8
chr6	33271023	33281023	8
chr3	170354612	170364612	8
chr5	3115486	3125486	3
chr11	62554128	62564128	8
chr1	223023258	223033258	8
