chr21	10789456	12965879	14
chr7	27097981	27122981	15
chr7	27095581	27120581	15
chr2	132262427	132287427	15
chr16	34147533	34172533	15
chr4	41399	67908	15
chr10	41831808	41856808	14
chr14	23413591	23438591	13
chr2	132244827	132269827	15
chr11	114062678	114087678	4
chr1	207802255	207827255	8
chr3	134350758	134375758	8
chr2	217825277	217850277	8
chr2	91579743	91608374	14
chr7	27141981	27166981	3
chr19	38700160	38725160	8
chr11	31795652	31820853	7
chr11	114066278	114091278	4
chr4	47004	73308	15
chr1	201358872	201383872	8
chr21	10772656	10797656	14
chr2	217806477	217831477	8
chr6	1601365	1626365	3
chr1	201357872	201382872	8
chr3	147390813	147415813	7
chr7	27135581	27160581	3
chr2	217844477	217869477	3
chr1	201360672	201385672	8
chr10	95389843	95414843	3
chr10	95389643	95414643	3
chr11	114067478	114092478	4
chr17	48561638	48586638	3
chr20	10645952	10670952	8
chr22	36320155	36345155	8
chr2	91608574	91633574	15
chr2	92111974	92136974	14
chr20	10647352	10672352	8
chr5	141338433	141363433	14
chr5	149408037	149433037	8
chr5	149406637	149431637	8
chr19	24332598	24357598	14
chr10	95384243	95409243	8
chr2	85756077	85781077	3
chr8	11689691	11714691	3
chr2	217877077	217902077	9
chr2	217914877	217939877	8
chr14	23396191	23421191	3
chr1	90706243	90731243	11
chr5	151662439	151687439	8
chr22	19749677	19774677	7
chr20	10649152	10674152	8
chr2	104841942	104866942	14
chr2	217883877	217908877	8
chr4	110614644	110639644	7
chr9	95061918	95086918	8
chr16	86563194	86588194	14
chr16	32524479	32549479	2
chr5	173227797	173252797	16
chr1	156473808	156498808	3
chr4	10090976	10115976	1
chr7	150954512	150979512	8
chr2	217887277	217912277	8
chr11	31803452	31828653	7
chr19	1251801	1276801	8
chr15	67814862	67839862	15
chr8	26027284	26052284	15
chr16	32523679	32548679	2
chr1	156471608	156496608	8
chr10	8033837	8058837	3
chr2	201114677	201139677	11
chr9	63811466	63836466	14
chr9	130928013	130953013	2
chr2	176116072	176141072	14
chr8	2047285	2073720	12
chr19	38711960	38736960	4
chr22	19745477	19770477	7
chr22	46074120	46099120	8
chr14	37582795	37607795	14
chr13	99958546	99983546	15
chr16	86564594	86589594	14
chr11	47328049	47353049	2
chr22	46086320	46111320	8
chr10	95414043	95439043	3
chr14	23381791	23406791	3
chr10	129948536	129973536	3
chr22	46078120	46103120	8
chr2	85751677	85776677	3
chr9	121301322	121326322	1
chr2	176078472	176103472	13
chr2	127634425	127659626	8
chr2	44931261	44956261	11
chr4	189559446	189584446	15
chr22	36314155	36339155	8
chr10	100723843	100748843	11
chr4	10078176	10103176	8
chr8	30544483	30569483	8
chr9	37018203	37043203	14
chr9	63806066	63831066	14
chr12	53050416	53075416	8
chr22	32804814	32829814	3
