chr5	181241600	181242800	8
chr8	144789000	144791600	8
chr7	5527600	5529200	8
chr22	39316000	39318200	8
chr12	6535800	6536800	8
chr3	51994200	51995000	8
chr12	56159600	56161200	8
chr19	49488800	49490400	8
chr19	47157800	47158800	8
chr19	3983400	3984400	8
chr17	28721200	28723200	8
chr16	89561400	89564600	8
chr19	54201400	54203600	8
chr12	120198400	120199800	8
chr17	7574200	7575400	8
chr17	4945000	4946800	8
chr1	28507200	28510600	8
chr6	132815800	132816800	8
chr2	231711200	231712600	8
chr11	8684000	8684600	8
chr11	64763600	64764800	8
chr11	62666400	62667200	8
chr1	223023000	223024400	8
chr17	48056400	48057000	8
chr19	4409400	4410200	8
chr6	33782200	33782600	8
chr6	33273200	33275200	8
chr1	155196600	155197800	8
chr19	48615000	48617800	8
chr1	8872600	8874400	8
chr1	44776600	44777800	8
chr14	35403000	35403400	8
chr11	75401200	75402200	8
chr22	39522400	39523400	8
chr9	136725800	136726600	8
chr19	17861000	17862000	8
chr6	44248600	44249400	8
chr1	173864600	173866600	8
chr11	62853200	62854000	8
chr9	127448400	127450000	8
chrX	49039400	49039600	8
chr4	52713400	52715400	8
chr1	53325400	53325600	8
chr14	49583800	49584600	8
chr6	34424200	34425200	8
chr12	49129800	49130200	8
chr17	16439800	16440600	8
chr17	74205000	74205400	8
chr9	124860000	124861000	8
chr19	55405800	55406600	8
chr20	38433400	38434000	8
chr17	41689800	41690200	8
chr2	101003400	101005000	8
chr11	57640200	57641400	8
chr3	39407800	39408400	8
chr11	62882400	62883200	8
chr17	16440800	16441600	8
chr1	43653400	43654000	8
chr1	27006400	27006800	8
chr2	209305600	209305800	8
chr1	156077000	156077400	8
chr20	2654000	2654400	8
chr22	23895800	23896000	8
chr17	38851400	38852000	8
chr12	57094400	57094600	8
chr17	42999400	42999600	8
chr2	216499800	216500400	8
chr1	153991800	153992000	8
chr7	44985200	44985800	8
chr15	63046800	63047400	8
chr22	31342000	31343200	8
chr17	28724200	28724800	8
chr14	68789200	68790200	8
chr19	800200	800800	8
chr3	184177200	184177600	8
chr8	144788200	144788800	8
chr1	8874600	8875600	8
chr6	131907600	131908000	8
chr11	119420800	119421000	8
chr3	109333800	109334800	8
chr3	134365200	134365400	8
chr17	7237200	7237400	8
chr2	55233600	55234000	8
chr5	150447800	150448000	8
chr5	82274600	82275000	8
chr3	54633800	54634200	8
chr4	118280000	118281000	8
chr1	17433400	17434200	8
chr1	200408800	200409200	8
chr11	62710000	62710400	8
chr20	62935400	62935600	8
chr8	26637600	26638200	8
chr13	39023600	39024200	8
chr18	3456200	3456600	8
chr9	2811200	2811600	8
chr16	19859600	19860200	8
chr6	125701000	125701400	8
chr13	51175000	51176000	8
chr19	49497200	49498200	8
