chr21	10773800	10798800	12
chr15	25298800	25323800	12
chr19	1248000	1273000	8
chr21	11106200	11131200	12
chr21	10799000	10824000	12
chr19	58702000	58727000	12
chr10	42373800	42398800	14
chr19	1246800	1271800	8
chr4	49635000	49660000	14
chr2	133011800	133036800	14
chr19	1245400	1270400	8
chr4	49098200	49123200	14
chr3	75766600	75791600	12
chr2	89855000	89880000	14
chr11	31819400	31844400	14
chr3	134069400	134094400	1
chr11	31820200	31845200	14
chr21	10824200	10849200	12
chr16	33942400	33967400	14
chr19	58753800	58778800	12
chr19	58628800	58653800	12
chr11	118776600	118801600	1
chr19	39137800	39162800	3
chr12	122231000	122256000	1
chr2	119591600	119616600	14
chr19	39194600	39219600	8
chr12	122231400	122256400	1
chr11	65252800	65277800	1
chr2	172945000	172970000	14
chr2	172946800	172971800	14
chr19	58480400	58505400	12
chr11	819000	844000	1
chr8	145003600	145028600	3
chr19	39196200	39221200	8
chr8	145003200	145028200	3
chr22	46464200	46489200	1
chr10	124890800	124915800	2
chr17	8043400	8068400	8
chr3	184031800	184056800	1
chr22	36713200	36738200	8
chr22	46462800	46487800	8
chr19	2037800	2062800	1
chr2	133004800	133029800	14
chr17	7122000	7147000	1
chr10	124892200	124917200	2
chr3	134074000	134099000	1
chr7	155240400	155265400	14
chr2	28612800	28637800	1
chr10	39127600	39152600	14
chr18	46454600	46479600	2
chr16	75267600	75292600	1
chr17	7737200	7762200	1
chr1	119526400	119551400	14
chr2	176952600	176977600	15
chr13	100619800	100644800	15
chr19	12888400	12913400	1
chr1	207976000	208001000	1
chr1	156083200	156108200	1
chr19	39318800	39343800	1
chr15	68109000	68134000	1
chr14	74205200	74230200	1
chr11	44323200	44348200	14
chr19	15358600	15383600	8
chr20	29808400	29833400	12
chr10	38793800	38818800	12
chr19	39880200	39905200	1
chr10	102973400	102998400	15
chr15	96864400	96889400	1
chr17	7131600	7156600	1
chr7	156791400	156816400	14
chr5	178390000	178415000	12
chr10	102486800	102511800	14
chr2	45155400	45180400	15
chr11	57075600	57100600	1
chr19	44980200	45005200	1
chr9	126759400	126784400	14
chr16	46385800	46410800	14
chr11	63990400	64015400	1
chr21	38060600	38085600	14
chr10	42791200	42816200	12
chr22	36705800	36730800	8
chr7	27208600	27233600	14
chr4	13524600	13549600	14
chr11	63991800	64016800	1
chr3	50273600	50298600	1
chr9	96700800	96725800	14
chr12	124861200	124886200	3
chr17	79806000	79831000	4
chr19	58574400	58599400	12
chr8	144995200	145020200	3
chr12	53438000	53463000	1
chr17	7463200	7488200	2
chr4	49139800	49164800	12
chr1	91171600	91196600	14
chr19	42771800	42796800	1
chr12	133618400	133643400	12
chr14	77488400	77513400	1
chr19	54690400	54715400	1
chr1	156085600	156110600	1
chr17	79805000	79830000	4
