chr4	153310200	153320200	14
chr14	19412600	19422600	6
chr13	77434000	77444000	14
chr8	125664400	125674400	4
chr2	3045000	3055000	6
chr3	8241600	8251600	3
chr9	4251600	4261600	14
chr11	3179000	3189000	14
chrX	170001600	170011600	6
chr4	147119000	147129000	3
chr6	37869600	37879600	2
chr11	3132400	3142400	14
chr11	3099400	3109400	2
chr15	78258600	78268600	7
chr11	34681000	34691000	14
chr1	85605400	85615400	14
chr10	58221400	58231400	14
chr3	5855800	5865800	3
chr18	36793200	36803200	9
chr1	162215200	162225200	9
chrX	75664800	75674800	9
chr8	3744800	3754800	3
chr7	103806600	103816600	6
chr11	3159800	3169800	6
chr11	6411400	6421400	7
chr7	121068600	121078600	9
chr7	103822800	103832800	6
chr13	65255600	65265600	14
chr9	64917000	64927000	12
chr17	39843000	39853000	6
chr1	58608800	58618800	12
chr3	96479600	96489600	9
chr2	181921600	181931600	6
chr11	3190000	3200000	6
chr14	27426400	27436400	2
chr17	57226000	57236000	9
chr9	110300000	110310000	1
chr1	85591000	85601000	14
chr14	30942400	30952400	7
chr4	147266200	147276200	9
chr5	139805000	139815000	6
chr11	3144600	3154600	14
chr17	35125000	35135000	6
chr12	110019600	110029600	7
chr18	3003000	3013000	6
chr9	110529000	110539000	4
chr6	86543800	86553800	6
chr18	61655400	61665400	7
chr9	123863200	123873200	14
chr13	119608400	119618400	14
chr5	130685200	130695200	8
chr12	105435800	105445800	12
chr2	69336000	69346000	7
chr13	119596800	119606800	6
chr7	28433400	28443400	4
chr11	106707600	106717600	9
chr17	24928000	24938000	12
chr1	75369400	75379400	3
chr18	35618000	35628000	6
chr1	161995800	162005800	9
chr15	86199800	86209800	5
chr7	12008400	12018400	14
chr18	24157000	24167000	6
chr6	90329800	90339800	7
chr18	60946000	60956000	9
chr17	13543800	13553800	14
chr7	140904200	140914200	6
chr7	142569000	142579000	7
chr6	116645600	116655600	9
chr13	21811800	21821800	9
chr10	127746600	127756600	9
chr14	70203000	70213000	3
chr7	126578400	126588400	4
chr8	94375800	94385800	7
chrX	167203200	167213200	9
chr18	11346000	11356000	3
chr17	13581800	13591800	14
chr2	84495400	84505400	9
chr4	49543800	49553800	9
chr8	27020000	27030000	2
chrX	139982000	139992000	9
chr13	59812400	59822400	6
chr1	133655600	133665600	4
chr19	10837400	10847400	13
chr3	96236200	96246200	9
chr1	170997600	171007600	9
chr12	102360400	102370400	12
chr14	41151000	41161000	9
chr1	58501400	58511400	1
chrX	11993200	12003200	6
chr11	11683800	11693800	2
chr16	37576400	37586400	7
chr9	66060800	66070800	6
chr5	105792000	105802000	7
chr7	12920000	12930000	2
chr19	29126000	29136000	7
chr15	77195800	77205800	7
chr2	11544200	11554200	7
chr7	127112800	127122800	2
chr2	72171800	72181800	7
