chr10	41839408	42105752	8
chr21	10688056	10738056	8
chr2	89787797	89844190	8
chr2	89329243	89842790	8
chr10	38811669	41693608	8
chr19	58167433	58217634	1
chr10	38485072	38581069	8
chr10	38801069	38851069	8
chr21	10647456	10697456	8
chr15	25045853	25095853	8
chr16	34132333	34182333	11
chr12	133037414	133087414	2
chr2	132237227	132287227	11
chr20	30397524	31245597	8
chr21	10365056	10415056	9
chr19	58227434	58277434	3
chr12	133034414	133084414	8
chr22	36323555	36373555	3
chr4	49106583	49156583	8
chr4	49107383	49157383	8
chr2	132230227	132280227	11
chr4	424611	474611	3
chr19	36512698	36562698	8
chr4	421811	471811	8
chr19	57529632	57579632	8
chr19	58156633	58206633	1
chr19	36515298	36565298	8
chr3	75695849	75745849	8
chr16	36043429	46422888	8
chr12	133096614	133146614	8
chr19	51991747	52041747	2
chr20	31674197	31724197	3
chr7	130873041	130923041	3
chr15	60350201	60400201	3
chr4	40999	94313	8
chr21	10716256	10766256	8
chr10	38474272	38524272	8
chr21	10415256	10465256	9
chr20	49241463	49291463	3
chr12	133180214	133230214	8
chr19	57963832	58013832	8
chr19	36537698	36587698	8
chr15	92881370	92931370	3
chr22	46064120	46114120	3
chr4	437211	487211	3
chr22	36297354	36347555	3
chr4	189568046	189618046	9
chr2	176073072	176123072	11
chr19	38647160	38697160	1
chr17	48597838	48647838	11
chr19	36706098	36756098	8
chr21	10775856	12977279	8
chr19	1236601	1286601	3
chr19	1237001	1287001	3
chr19	52046347	52096347	2
chr7	6658769	6708769	8
chr12	53971816	54021816	11
chr2	92080974	92130974	8
chr19	56533831	56584032	1
chr4	189633846	189683846	9
chr19	1231801	1281801	3
chr16	34057733	34107733	8
chr19	52082347	52132347	2
chr19	58259834	58309834	8
chr4	10068376	10118376	3
chr15	67063862	67113862	3
chr7	6666969	6716969	8
chr5	180243600	180293600	8
chr15	72196459	72246459	3
chr8	11675691	11725691	10
chr4	10072176	10122176	3
chr19	52276147	52326147	8
chr22	46043320	46093320	3
chr19	44447412	44501348	8
chr19	57954632	58004632	8
chr11	62527328	62577328	3
chr17	7213881	7263881	3
chr5	180242600	180292600	8
chr12	132907414	132957414	8
chr20	35694478	35744478	3
chr11	65405729	65455729	3
chr4	189693446	189743446	8
chr19	51855347	51905347	1
chr11	65406529	65456529	3
chr19	52274547	52324547	8
chr17	48707838	48757838	12
chr17	38867347	38917347	3
chr9	63794266	63844266	11
chr11	65397129	65447129	3
chr6	30433623	30483623	10
chr1	155929209	155979209	3
chr7	62334949	62517622	8
chr10	100709043	100759043	11
chr17	64490283	64540482	3
chr14	73711897	73761897	6
chr9	36996003	37046003	11
chr2	92073974	92123974	8
chr11	795400	845400	3
chr11	62536128	62586128	3
chr14	21219641	21269641	3
