chr7	27179200	27229200	11
chr17	46642000	46692000	10
chr5	140762200	140812200	1
chr15	96863600	96913600	3
chr12	54366000	54416000	11
chr2	132995800	133045800	11
chr15	25291400	25341400	8
chr4	40400	90400	8
chr10	42355200	42405200	8
chr21	10774200	10824200	8
chr4	35400	85400	8
chr19	58738800	58788800	2
chr16	33933000	33983000	11
chr2	176956200	177006200	11
chr12	133655400	133705400	2
chr6	10380600	10430600	11
chr2	89830400	89880400	8
chr5	92902800	92952800	10
chr13	100601600	100651600	11
chr10	39104800	39154800	8
chr16	46385800	46435800	8
chr19	58679800	58729800	1
chr17	77746200	77796200	11
chr4	417200	467200	2
chr19	37004200	37054200	8
chr19	58475000	58525000	2
chr10	8068200	8118200	11
chr16	46393400	46443400	8
chr3	147093000	147143000	12
chr19	52358800	52408800	8
chr4	174413800	174463800	10
chr15	89902600	89952600	11
chr19	52495600	52545600	2
chr19	13105600	13155600	11
chr19	37201000	37251000	8
chr17	77739000	77789000	11
chr22	46449200	46499200	3
chr10	38769200	38819200	8
chr2	91769600	91819600	11
chr2	91770400	91820400	11
chr19	23518200	23568200	8
chr2	133007200	133057200	11
chr12	115093800	115143800	11
chr19	58041000	58091000	2
chr22	36719800	36769800	6
chr19	37349400	37399400	8
chr19	37105600	37155600	8
chr19	57046000	57096000	2
chr19	52355200	52405200	1
chr14	99694400	99744400	11
chr19	37903400	37953400	8
chr21	11097600	11147600	8
chr19	1238000	1288000	3
chr19	1237000	1287000	3
chr8	11533400	11583400	11
chr9	126758400	126808400	11
chr4	49107000	49157000	8
chr2	177007600	177057600	11
chr19	52868200	52918200	2
chr12	54416200	54466200	11
chr5	87948800	87998800	11
chr19	13099200	13149200	11
chr10	8078000	8128000	11
chr19	1241000	1291000	3
chr4	331600	381600	2
chr19	1229000	1279000	3
chr10	102468800	102518800	11
chr19	37281800	37331800	8
chr19	56885600	56935600	2
chr19	37209800	37259800	8
chr22	46430600	46480600	3
chr19	38022600	38072600	8
chr17	36713800	36763800	2
chr15	25260800	25310800	8
chr11	31813600	31863600	11
chr12	58117600	58167600	11
chr3	75688200	75738200	8
chr2	92275000	92325000	8
chr4	403000	453000	8
chr2	219717600	219767600	11
chr19	57037200	57087200	2
chr16	729200	779200	3
chr22	36728600	36778600	6
chr16	67183600	67233600	11
chr21	10824400	10874400	8
chr19	9447400	9497400	8
chr7	96612000	96662000	11
chr19	58190400	58240400	2
chr17	46785600	46835600	11
chr12	57589200	57639200	11
chr7	27236800	27286800	11
chr4	336800	386800	8
chr2	223137400	223187400	11
chr19	37614200	37664200	8
chr3	75758800	75808800	8
chr1	832200	882200	11
chr9	21961400	22011400	12
chr3	181407200	181457200	11
chr12	133483800	133533800	8
chr5	42991200	43041200	10
