chr19	37725000	37735000	20
chr4	127000	137000	20
chr19	52877600	52887600	20
chr19	52814800	52824800	20
chr12	133516400	133526400	20
chr19	37912200	37922200	20
chr19	52618400	52628400	20
chr4	71200	81200	20
chr19	52570400	52580400	20
chr15	25329800	25339800	20
chr15	25289000	25299000	20
chr19	58501800	58511800	20
chr5	178306200	178316200	20
chr19	52392000	52402000	20
chr19	56918200	56928200	20
chr19	23524600	23534600	20
chr19	23512600	23522600	20
chr19	44980600	44990600	20
chr19	21991600	22001600	20
chr16	68582600	68592600	20
chr19	58641400	58651400	20
chr19	44339000	44349000	20
chr5	178138600	178148600	20
chr19	58758200	58768200	20
chr12	133759400	133769400	20
chr15	25299200	25309200	20
chr18	32878000	32888000	20
chr5	179683800	179693800	20
chr12	133720400	133730400	20
chr19	58748000	58758000	20
chr19	9481000	9491000	20
chr19	37386400	37396400	20
chr19	37241800	37251800	20
chr15	25309400	25319400	20
chr19	58051400	58061400	20
chr15	25319600	25329600	20
chr4	436400	446400	20
chr5	179673600	179683600	20
chr19	57053800	57063800	20
chr19	37643200	37653200	20
chr17	16525800	16535800	20
chr19	37204400	37214400	20
chr11	3382200	3392200	20
chr9	99525600	99535600	20
chr12	133577400	133587400	20
chr19	58713800	58723800	20
chr8	146062800	146072800	20
chr19	24299800	24309800	20
chr19	8922000	8932000	20
chr7	63977800	63987800	20
chr19	20727000	20737000	20
chr19	7075400	7085400	20
chr19	57079600	57089600	20
chr19	35250000	35260000	20
chr19	52468400	52478400	20
chr19	58768400	58778400	20
chr19	9406400	9416400	20
chr19	52497000	52507000	20
chr19	20816200	20826200	20
chr19	37135800	37145800	20
chr19	58696800	58706800	20
chr19	37025600	37035600	20
chr19	37005000	37015000	20
chr4	422800	432800	20
chr19	23552800	23562800	20
chr12	133502000	133512000	20
chr19	37303400	37313400	20
chr19	52628600	52638600	20
chr4	456800	466800	4
chr19	12052600	12062600	20
chr7	6732200	6742200	20
chr2	95811400	95821400	20
chr19	9672600	9682600	20
chr19	14823600	14833600	20
chr12	133613400	133623400	20
chr19	37579800	37589800	20
chr19	37870600	37880600	20
chr19	52582600	52592600	20
chr2	95873000	95883000	20
chr16	3356600	3366600	4
chr12	133660000	133670000	20
chr5	150274800	150284800	20
chr19	37035800	37045800	20
chr19	37966200	37976200	20
chr19	12294000	12304000	20
chr5	178498200	178508200	20
chr7	63798400	63808400	20
chr19	44831000	44841000	20
chr16	31917600	31927600	20
chr4	335800	345800	20
chr12	133673000	133683000	20
chr19	37313600	37323600	20
chr7	5096400	5106400	20
chr19	53051400	53061400	20
chr19	37944600	37954600	20
chr19	37427400	37437400	20
chr12	133709200	133719200	20
chr19	53339800	53349800	20
chr19	9447200	9457200	20
chr19	58490000	58500000	20
