chr21	10683056	10733056	12
chr10	38483472	38579469	14
chr10	38789469	38839469	12
chr12	53961816	54011816	14
chr7	27149581	27199581	14
chr10	41839408	42105752	14
chr9	114348520	114398520	8
chr7	50303404	50365502	2
chr2	176093072	176143072	14
chr2	89787797	89844190	14
chr5	170253596	170303596	8
chr17	48577438	48627438	14
chr7	50349302	50399302	8
chr20	30397724	31245797	12
chr15	25046053	25096053	12
chr19	58165833	58216034	1
chr11	128460105	128510105	8
chr13	99953546	100003546	15
chr12	133036614	133086614	1
chr10	11161237	11211237	1
chr5	93564694	93614694	14
chr10	71725243	71775243	8
chr19	36703898	36753898	12
chr12	133091814	133141814	3
chr21	10364456	10414456	12
chr22	36327955	36377955	8
chr22	36328355	36378355	8
chr4	421011	471011	12
chr17	48707438	48757438	14
chr19	51855347	51905347	1
chr12	54012016	54062016	14
chr19	51948747	51998747	1
chr4	49106583	49156583	12
chr1	198637270	198687471	1
chr11	35138453	35188453	1
chr14	100063063	100113063	1
chr11	67242729	67292729	2
chr3	75704849	75754849	12
chr10	11146037	11196037	1
chr17	77433918	77483918	1
chr11	67240129	67290129	8
chr19	37111698	37161698	12
chr5	88652982	88703183	14
chr6	10380167	10430167	14
chr11	35145253	35195253	3
chr6	28768623	28818623	15
chr5	132451308	132501308	8
chr10	71719843	71769843	8
chr2	68761668	68811668	8
chr14	99224863	99274863	1
chr6	24891972	24941972	1
chr19	37534098	37584299	12
chr15	31324797	31374797	2
chr19	57529632	57579632	1
chr4	173499449	173549449	14
chr6	30444423	30494423	8
chr10	8026637	8076637	14
chr19	58096633	58146633	1
chr4	336411	386411	1
chr14	91369256	91419256	2
chr16	36043029	46422488	14
chr19	41859530	41912848	1
chr3	52230384	52280384	1
chr6	24837972	24887972	8
chr7	50293604	50355702	2
chr16	34061933	34111933	12
chr19	37407298	37457298	12
chr8	133032955	133083156	1
chr1	198655471	198705471	1
chr1	206555072	206607247	1
chr1	198653471	198703471	1
chr1	206553872	206606047	1
chr3	30607308	30657308	8
chr22	36313555	36363555	8
chr7	139060454	139110454	1
chr15	96320571	96370571	14
chr2	174562072	174612072	1
chr2	196128676	196178676	2
chr2	68734868	68784868	1
chr17	79770201	79820201	15
chr19	44447015	44501148	1
chr15	92880170	92930170	2
chr2	176143272	176193272	14
chr19	36513498	36563498	1
chr19	1237001	1287001	14
chr3	30630708	30680708	8
chr17	38558364	38608947	4
chr19	36849098	36899098	1
chr2	172071872	172121872	14
chr4	10069176	10119176	1
chr17	77445318	77495318	1
chr4	10074376	10124376	1
chr9	40874972	40930571	14
chr19	41295695	41345695	1
chr19	56536231	56586432	2
chr5	132443308	132493308	8
chr10	38839669	41721608	14
chr14	99218463	99268463	1
chr10	80453644	80503644	2
chr11	31793452	31843854	14
