chr21	10688656	10738656	12
chr21	10364056	10414056	12
chr10	41839408	42105752	14
chr10	38486072	38582069	12
chr10	38811669	41693608	12
chr15	25046253	25096253	12
chr2	89787797	89844190	12
chr2	176067072	176117072	14
chr19	1236801	1286801	1
chr19	58165433	58215634	1
chr19	1230201	1280201	1
chr22	36323755	36373755	8
chr20	30399524	31247597	12
chr22	36326155	36376155	8
chr3	75704049	75754049	12
chr10	100708243	100758243	15
chr16	34119533	34169533	14
chr12	53925816	53975816	14
chr12	133036614	133086614	1
chr17	48597838	48647838	14
chr22	36294554	36344755	8
chr19	1244401	1294401	1
chr17	7213881	7263881	1
chr19	58229834	58279834	1
chr4	49106583	49156583	12
chr19	1221001	1271001	1
chr19	38647560	38697560	1
chr19	58096633	58146633	1
chr7	27150981	27200981	14
chr19	38662160	38712160	9
chr21	10414256	10464256	12
chr19	36709498	36759498	12
chr17	48708638	48758638	14
chr8	11675491	11725491	14
chr17	79795801	79845801	1
chr11	795400	845400	1
chr19	57960432	58010432	1
chr12	133097214	133147214	1
chr15	89358769	89408769	14
chr10	42294952	42344952	12
chr19	41261695	41311695	1
chr2	176117272	176167272	14
chr6	31619623	31669623	1
chr4	408811	458811	12
chr7	27203581	27253581	14
chr4	10068776	10118776	1
chr9	35700403	35750403	1
chr12	133181214	133231214	1
chr12	53976016	54026016	14
chr4	10069576	10119576	1
chr9	123992921	124042921	14
chr17	38867747	38917747	1
chr19	44447412	44501348	1
chr15	96320771	96370771	1
chr10	117126089	117176089	14
chr19	39369360	39419360	1
chr3	147371813	147421813	14
chr12	132907414	132957414	1
chr19	55634434	55684434	1
chr2	218956478	219006478	14
chr17	28679382	28729382	1
chr10	101114643	101164643	14
chr19	1733801	1783801	14
chr2	132238627	132288627	14
chr19	57529432	57579432	1
chr19	37112098	37162098	12
chr17	8115082	8165082	14
chr7	56447107	56497107	12
chr17	7557283	7607482	1
chr19	1406601	1456601	1
chr11	64222728	64272728	1
chr12	121790294	121840294	1
chr7	96984288	97034288	14
chr21	10618256	10668256	12
chr4	189567646	189617646	12
chr7	155442105	155492105	14
chr6	33274223	33324223	1
chr11	791200	841200	1
chr19	55632034	55682034	1
chr4	189632846	189682846	12
chr4	40599	93913	14
chr4	49119183	49169183	12
chr19	42206648	42256648	2
chr12	56115416	56165416	8
chr11	67240129	67290129	1
chr19	1211201	1261201	1
chr19	37531498	37581699	12
chr13	99949546	99999546	2
chr10	42300552	42350552	12
chr16	667400	717400	1
chr12	6532034	6582034	1
chr11	62552728	62602728	1
chr14	101992863	102042863	5
chr20	49241463	49291463	1
chr7	56442307	56492307	12
chr10	123117484	123167484	1
chr16	36051029	46430488	14
chr2	96256662	96306662	1
chr2	118817224	118867224	14
chr17	79767401	79817401	2
