chr5	140865400	140875400	13
chr1	201976200	201986200	1
chr17	47075200	47085200	4
chr12	115107800	115117800	10
chr12	6333200	6343200	3
chr17	46622200	46632200	11
chr12	115108800	115118800	10
chr2	133025000	133035000	24
chr17	46626000	46636000	11
chr2	133023200	133033200	24
chr12	6334400	6344400	3
chr17	46644200	46654200	3
chr17	46623800	46633800	11
chr2	133022200	133032200	24
chr17	46643400	46653400	9
chr17	43299400	43309400	22
chr22	28186200	28196200	4
chr7	27146600	27156600	1
chr19	13203200	13213200	2
chr17	43298400	43308400	22
chr17	47073200	47083200	4
chr7	27142200	27152200	9
chr5	140867000	140877000	3
chr5	124069800	124079800	2
chr7	27139600	27149600	9
chr22	28187000	28197000	9
chr17	56407600	56417600	4
chr5	2743800	2753800	9
chr17	46639800	46649800	9
chr7	2560800	2570800	10
chr7	27155800	27165800	23
chr11	65351600	65361600	23
chr1	1286800	1296800	16
chr10	80993800	81003800	18
chr7	2560000	2570000	10
chr19	13161600	13171600	23
chr12	6476800	6486800	3
chr5	92919800	92929800	4
chr7	27172200	27182200	23
chr17	59477200	59487200	24
chr1	208405200	208415200	16
chr17	1959200	1969200	22
chr17	48279400	48289400	18
chr15	40390000	40400000	3
chr17	46648800	46658800	24
chr17	48279800	48289800	24
chr15	96886200	96896200	10
chr1	27322000	27332000	23
chr14	99723600	99733600	22
chr1	208404600	208414600	16
chr15	96886600	96896600	10
chr5	1101000	1111000	4
chr17	1961800	1971800	9
chr17	48273600	48283600	14
chr11	118481600	118491600	9
chr7	27175400	27185400	23
chr5	149515600	149525600	3
chr22	39629400	39639400	22
chr3	112351000	112361000	3
chr1	156044600	156054600	9
chr19	45252400	45262400	13
chr22	39630200	39640200	15
chr15	40389000	40399000	3
chr3	50194800	50204800	13
chr19	13113400	13123400	23
chr12	115111800	115121800	10
chr11	65318400	65328400	17
chr5	141245600	141255600	23
chr5	140867600	140877600	3
chr9	124042600	124052600	9
chr17	46664400	46674400	4
chr10	114885200	114895200	4
chr12	54776800	54786800	3
chr3	66539800	66549800	9
chr1	27328800	27338800	4
chr9	124042800	124052800	9
chr11	65318800	65328800	17
chr2	66665200	66675200	4
chr17	55950000	55960000	9
chr17	40819200	40829200	23
chr11	65350200	65360200	23
chr2	60754400	60764400	3
chr20	60930200	60940200	9
chr2	231728800	231738800	9
chr5	124067600	124077600	2
chr19	13136200	13146200	9
chr19	13120400	13130400	4
chr11	75045000	75055000	3
chr22	46453600	46463600	23
chr1	44009800	44019800	1
chr10	114885800	114895800	4
chr2	121492000	121502000	9
chr18	19750600	19760600	4
chr19	13117600	13127600	4
chr8	37653200	37663200	23
chr10	45455800	45465800	13
chr5	16733200	16743200	3
chr1	200859600	200869600	18
chr5	2746600	2756600	9
chr3	141122200	141132200	13
