chr19	8525800	8526000	1	8.37313	1	(1,11)	6.17038	1	12.0531
chr19	58184600	58184800	4	5.999	1	(4,20)	7.9901	1	11.9315
chr19	58004200	58004400	20	5.98246	1	(4,20)	7.84535	1	11.8386
chr19	57615600	57615800	20	6.39405	1	(4,20)	7.71589	1	11.7809
chr19	57683600	57683800	4	6.9508	1	(4,20)	7.43168	1	11.7734
chr19	57577400	57577600	4	5.97123	1	(4,20)	7.42523	1	11.6666
chr5	141319200	141319400	20	5.72752	1	(4,20)	7.18475	1	11.6508
chr19	57683800	57684000	20	7.11718	1	(4,20)	7.25339	1	11.6384
chr5	141319400	141319600	4	6.02229	1	(4,20)	6.77821	1	11.5213
chr19	57615400	57615600	4	7.73563	1	(4,20)	6.40543	1	11.5211
chr19	58004000	58004200	4	7.98476	1	(4,20)	5.93073	1	11.4008
chr14	49599600	49599800	1	6.78649	1	(1,4)	6.90849	1	11.3265
chr19	57476400	57476600	4	8.48686	1	(4,4)	5.90922	1	11.2912
chr16	3306400	3306600	4	5.28756	1	(4,20)	5.94129	1	11.2764
chr19	52396400	52396600	20	5.25669	1	(4,20)	5.76189	1	11.2536
chr5	172765200	172765400	13	8.82234	1	(13,13)	6.60018	1	11.2505
chr1	31956000	31956200	13	11.1993	1	(13,13)	11.1596	1	11.239
chr16	3306600	3306800	20	6.28648	1	(4,20)	6.26102	1	11.2358
chr5	141392800	141393000	20	6.02792	1	(20,24)	3.93654	1	11.1974
chr19	57476200	57476400	20	7.86592	1	(4,20)	5.86948	1	11.187
chr17	8187000	8187200	13	5.60038	1	(1,13)	6.20629	1	11.1826
chr19	57748600	57748800	4	6.34556	1	(4,20)	5.15737	1	11.1806
chr7	64999000	64999200	20	4.52392	1	(11,20)	4.08528	1	11.1787
chr12	133082000	133082200	20	7.7171	1	(4,20)	5.73449	1	11.1585
chr19	9673600	9673800	20	6.78254	1	(4,20)	6.3778	1	11.1568
chrX	48801600	48801800	22	11.1491	1	(22,22)	11.1491	1	11.1491
chrX	135974200	135974400	22	11.1491	1	(22,22)	11.1491	1	11.1491
chrX	129932200	129932400	22	11.1491	1	(22,22)	11.1491	1	11.1491
chr9	93095800	93096000	22	11.1491	1	(22,22)	11.1491	1	11.1491
chr9	39809000	39809200	22	11.1491	1	(22,22)	11.1491	1	11.1491
chr9	28800	29000	22	11.1491	1	(22,22)	11.1491	1	11.1491
chr9	137605200	137605400	22	11.1491	1	(22,22)	11.1491	1	11.1491
chr9	127224800	127225000	22	11.1491	1	(22,22)	11.1491	1	11.1491
chr8	98825600	98825800	22	11.1491	1	(22,22)	11.1491	1	11.1491
chr8	56211400	56211600	22	11.1491	1	(22,22)	11.1491	1	11.1491
chr8	232000	232200	22	11.1491	1	(22,22)	11.1491	1	11.1491
chr8	1763400	1763600	22	11.1491	1	(22,22)	11.1491	1	11.1491
chr8	145052200	145052400	22	11.1491	1	(22,22)	11.1491	1	11.1491
chr7	75442200	75442400	22	11.1491	1	(22,22)	11.1491	1	11.1491
chr7	6825800	6826000	22	11.1491	1	(22,22)	11.1491	1	11.1491
chr7	65038000	65038200	22	11.1491	1	(22,22)	11.1491	1	11.1491
chr7	2631600	2631800	22	11.1491	1	(22,22)	11.1491	1	11.1491
chr7	102478400	102478600	22	11.1491	1	(22,22)	11.1491	1	11.1491
chr4	3074000	3074200	22	11.1491	1	(22,22)	11.1491	1	11.1491
chr3	132722400	132722600	22	11.1491	1	(22,22)	11.1491	1	11.1491
chr3	12967600	12967800	22	11.1491	1	(22,22)	11.1491	1	11.1491
chr22	50782800	50783000	22	11.1491	1	(22,22)	11.1491	1	11.1491
chr22	50507600	50507800	22	11.1491	1	(22,22)	11.1491	1	11.1491
chr22	43187200	43187400	22	11.1491	1	(22,22)	11.1491	1	11.1491
chr2	237691800	237692000	22	11.1491	1	(22,22)	11.1491	1	11.1491
chr21	44338600	44338800	22	11.1491	1	(22,22)	11.1491	1	11.1491
chr2	112054800	112055000	22	11.1491	1	(22,22)	11.1491	1	11.1491
chr1	9910200	9910400	22	11.1491	1	(22,22)	11.1491	1	11.1491
chr19	7920600	7920800	22	11.1491	1	(22,22)	11.1491	1	11.1491
chr17	82751400	82751600	22	11.1491	1	(22,22)	11.1491	1	11.1491
chr17	80260600	80260800	22	11.1491	1	(22,22)	11.1491	1	11.1491
chr17	58083200	58083400	22	11.1491	1	(22,22)	11.1491	1	11.1491
chr17	45051800	45052000	22	11.1491	1	(22,22)	11.1491	1	11.1491
chr17	39952800	39953000	22	11.1491	1	(22,22)	11.1491	1	11.1491
chr16	29082200	29082400	22	11.1491	1	(22,22)	11.1491	1	11.1491
chr15	80152400	80152600	22	11.1491	1	(22,22)	11.1491	1	11.1491
chr15	28589800	28590000	22	11.1491	1	(22,22)	11.1491	1	11.1491
chr14	99684000	99684200	22	11.1491	1	(22,22)	11.1491	1	11.1491
chr12	26831600	26831800	22	11.1491	1	(22,22)	11.1491	1	11.1491
chr1	2204800	2205000	22	11.1491	1	(22,22)	11.1491	1	11.1491
chr1	206204400	206204600	22	11.1491	1	(22,22)	11.1491	1	11.1491
chr1	160098800	160099000	22	11.1491	1	(22,22)	11.1491	1	11.1491
chr1	155746200	155746400	22	11.1491	1	(22,22)	11.1491	1	11.1491
chr1	155610400	155610600	22	11.1491	1	(22,22)	11.1491	1	11.1491
chr1	148152000	148152200	22	11.1491	1	(22,22)	11.1491	1	11.1491
chr1	11272800	11273000	22	11.1491	1	(22,22)	11.1491	1	11.1491
chr10	87341800	87342000	22	11.1491	1	(22,22)	11.1491	1	11.1491
chr10	45972400	45972600	22	11.1491	1	(22,22)	11.1491	1	11.1491
chr19	20659800	20660000	4	7.82864	1	(4,20)	5.34362	1	11.1123
chr7	5524000	5524200	11	7.50499	1	(11,19)	5.29726	1	11.093
chr17	8226600	8226800	13	6.70509	1	(1,13)	5.21475	1	11.0857
chr19	18281400	18281600	22	11.017	1	(22,22)	10.951	1	11.0831
chr19	58230000	58230200	4	6.80372	1	(4,20)	5.53248	1	11.0708
chr17	31937600	31937800	22	11.0077	1	(22,22)	10.951	1	11.0645
chr16	30194400	30194600	22	11.0077	1	(22,22)	10.951	1	11.0645
chr19	8525600	8525800	22	5.53717	1	(11,22)	3.73538	1	11.0618
chr5	177671000	177671200	22	11.0053	1	(22,22)	10.951	1	11.0597
chr1	1691800	1692000	22	11.004	1	(22,22)	10.951	1	11.0571
chrX	150568200	150568400	22	11.0028	1	(22,22)	10.951	1	11.0547
chr7	75157000	75157200	22	11.0028	1	(22,22)	10.951	1	11.0547
chr7	143837200	143837400	22	11.0028	1	(22,22)	10.951	1	11.0547
chr21	45555200	45555400	22	11.0028	1	(22,22)	10.951	1	11.0547
chr19	10717600	10717800	22	11.0028	1	(22,22)	10.951	1	11.0547
chr10	15168800	15169000	22	11.0028	1	(22,22)	10.951	1	11.0547
chr9	135907400	135907600	22	11.0006	1	(22,22)	10.951	1	11.0502
chr8	12601200	12601400	22	11.0006	1	(22,22)	10.951	1	11.0502
chr5	1633200	1633400	22	11.0006	1	(22,22)	10.951	1	11.0502
chr2	241217800	241218000	22	11.0006	1	(22,22)	10.951	1	11.0502
chr21	36156400	36156600	22	11.0006	1	(22,22)	10.951	1	11.0502
chr17	82293200	82293400	22	11.0006	1	(22,22)	10.951	1	11.0502
chr17	21043000	21043200	22	11.0006	1	(22,22)	10.951	1	11.0502
chr1	25267000	25267200	22	11.0006	1	(22,22)	10.951	1	11.0502
chr12	31200	31400	22	11.0006	1	(22,22)	10.951	1	11.0502
chr12	122226200	122226400	22	11.0006	1	(22,22)	10.951	1	11.0502
chr10	79825800	79826000	22	11.0006	1	(22,22)	10.951	1	11.0502
