chr14	106359000	106384000	9
chr7	27181600	27206600	3
chr2	133011400	133036400	10
chr7	27169000	27194000	3
chr7	27189200	27214200	3
chr11	67034600	67059600	3
chr11	67034000	67059000	3
chr7	27164600	27189600	3
chr1	44870400	44895400	3
chr2	66651600	66676600	3
chr12	54671600	54696600	3
chr9	37013600	37038600	12
chr16	85931000	85956000	3
chr10	11208000	11233000	3
chr10	11205800	11230800	3
chr9	36982800	37007800	11
chr5	169701000	169726000	3
chr5	140731200	140756200	10
chr2	133019200	133044200	10
chr6	24909600	24934600	3
chr17	37924400	37949400	12
chr14	93118600	93143600	3
chr11	33885800	33910800	3
chr1	169656600	169681600	3
chr12	6432400	6457400	3
chr2	60760200	60785200	6
chr12	6430200	6455200	3
chr2	233926600	233951600	3
chr10	73508800	73533800	3
chr2	172944200	172969200	10
chr1	198609200	198634200	3
chr17	46651800	46676800	11
chr7	5454400	5479400	11
chr11	33880000	33905000	3
chr11	33880200	33905200	3
chr19	50824200	50849200	3
chr17	77764200	77789200	10
chr8	134064600	134089600	3
chr17	37917200	37942200	12
chr19	50823800	50848800	3
chr9	36977200	37002200	11
chr12	93963800	93988800	3
chr5	140759200	140784200	10
chr1	198606400	198631400	3
chr3	128194600	128219600	3
chr9	117126200	117151200	3
chr14	106338800	106363800	3
chr16	57662200	57687200	13
chr10	8084000	8109000	11
chr6	160386600	160411600	11
chr17	77749400	77774400	3
chr7	23493600	23518600	12
chr4	42800	67800	8
chr2	172951000	172976000	10
chr12	57613600	57638600	11
chr17	47814000	47839000	3
chr19	50829800	50854800	3
chr2	12855600	12880600	10
chr7	27208200	27233200	1
chr12	32113600	32138600	3
chr12	57613000	57638000	11
chr1	44877800	44902800	3
chr10	101279200	101304200	11
chr5	134707200	134732200	3
chr16	3085000	3110000	12
chr9	139540200	139565200	3
chr16	3085200	3110200	12
chr22	37686400	37711400	3
chr7	23491400	23516400	12
chr9	139539200	139564200	3
chr12	54679800	54704800	1
chr6	24920200	24945200	3
chr1	167601200	167626200	3
chr19	58497000	58522000	2
chr16	85921000	85946000	3
chr2	223160000	223185000	10
chr12	32029400	32054400	1
chr10	8078000	8103000	11
chr6	389400	414400	10
chr6	387200	412200	10
chr1	40507800	40532800	3
chr10	21798800	21823800	10
chr22	40345600	40370600	12
chr9	139544400	139569400	3
chr4	119600	144600	2
chr4	39400	64400	8
chr22	40346200	40371200	12
chr20	44627000	44652000	1
chr6	1601600	1626600	10
chr17	46636200	46661200	3
chr1	31211000	31236000	3
chr4	7037200	7062200	11
chr22	40343800	40368800	12
chr17	79359400	79384400	1
chr10	21797400	21822400	10
chr22	37616800	37641800	3
chr12	6424400	6449400	3
chr15	68107600	68132600	11
chr12	111102000	111127000	3
chr16	85920000	85945000	3
