chr19	3973600	3994400	8
chr12	56543600	56565200	8
chr8	146006000	146027000	8
chr19	49982600	50003400	8
chr16	30068400	30089200	8
chr3	183885000	183905400	8
chr6	119548400	119568800	14
chr22	39907600	39929600	8
chr17	39836200	39856800	8
chr2	232566400	232587200	8
chr16	89618000	89638800	8
chr22	39702200	39724200	8
chr1	121474400	121495400	14
chr17	4838400	4860200	8
chr11	62640200	62660800	8
chr5	180658600	180679400	8
chr17	7467600	7488400	8
chr19	18379600	18400000	8
chr12	20694200	20714600	14
chr1	91842800	91863200	14
chr17	33468000	33488400	14
chr2	133015200	133035800	14
chr12	6635200	6655800	8
chr7	5557400	5578800	8
chr12	54666200	54687400	8
chr17	46118200	46139800	8
chr9	130201600	130222400	8
chr7	61959000	61979600	14
chr10	98551200	98571600	14
chr6	35427400	35448200	8
chr1	150537200	150558600	8
chr2	133006600	133027400	14
chrX	136510200	136530600	14
chr8	70592400	70612600	14
chr14	88227600	88248000	14
chr13	28023600	28044000	14
chr11	85185000	85205200	14
chr19	1264400	1285000	8
chr3	52018600	52039000	8
chr12	53765800	53787200	8
chr6	31692000	31712200	8
chr11	65261600	65283400	8
chr15	66534800	66555400	14
chr19	2261600	2282000	8
chr5	54518000	54539400	14
chr19	49990800	50011000	8
chr4	10106600	10127000	8
chr19	55888600	55909000	8
chr19	13040800	13061400	8
chr11	8695600	8716000	8
chr1	121128200	121148800	14
chr22	36714600	36735200	8
chr6	150249600	150270200	14
chr14	35861600	35882800	8
chr22	36715800	36736200	8
chr2	230035400	230055800	14
chr2	133016800	133037200	14
chr16	33947000	33967400	14
chr5	71136600	71157000	14
chr19	36056400	36076800	14
chr11	46401200	46421600	14
chr11	6622200	6642600	8
chr6	31497800	31518200	8
chr20	42077800	42098000	8
chr9	68402400	68424000	14
chr11	62549800	62570200	8
chr20	47886600	47907000	8
chr3	122736800	122757400	14
chr1	29553200	29574000	14
chr19	42355200	42375400	8
chr5	179038600	179059000	8
chr6	31794800	31815600	8
chr1	145431200	145451400	8
chr14	105251800	105272200	2
chr11	46358800	46379200	2
chr11	34369600	34389800	2
chr13	44706200	44726400	2
chr8	145681200	145701400	2
chr4	2253800	2274200	2
chr1	155570000	155590400	2
chr4	3065800	3086000	2
chr20	4971800	4992200	2
chr9	41944000	41964400	2
chr1	1040800	1061200	2
chr1	11975600	11996000	2
chr3	38485200	38505600	2
chr3	129315400	129335800	2
chr12	132558600	132578800	2
chr12	64200	84600	2
chr12	102214600	102235000	2
chr1	161349800	161370000	2
chr8	28470000	28490200	2
chr15	40723000	40743200	2
chr5	133440400	133460600	2
chr18	33151400	33171800	2
chr6	18145400	18165600	2
chr17	55027800	55048000	2
chr17	79309800	79330200	2
chr19	4333800	4354000	2
chr19	7975600	7995800	2
