chr2	165878800	165888800	6
chr5	123134400	123144400	6
chr19	46036600	46046600	6
chr8	126586800	126596800	6
chr11	98740000	98750000	6
chr7	25277400	25287400	6
chr4	106907400	106917400	6
chr10	79851400	79861400	6
chr17	34586000	34596000	6
chr5	142900400	142910400	6
chr11	60105000	60115000	6
chr1	86522600	86532600	6
chr7	45457200	45467200	6
chr5	125385400	125395400	6
chr11	120816000	120826000	6
chr2	30651200	30661200	6
chr1	134058600	134068600	6
chr8	84194800	84204800	6
chr18	3001200	3011200	6
chr3	96260600	96270600	6
chr4	148037600	148047600	6
chr3	87905600	87915600	6
chr2	30437400	30447400	6
chr12	84172400	84182400	6
chr4	150369200	150379200	6
chr4	133726600	133736600	6
chr9	3000000	3010000	6
chr9	3026600	3036600	6
chr13	55504200	55514200	6
chr1	183289600	183299600	6
chr7	73608000	73618000	6
chr15	82143800	82153800	6
chr2	26132000	26142000	6
chr9	121310600	121320600	6
chr12	80123200	80133200	6
chr17	45729000	45739000	6
chr14	65342000	65352000	6
chr10	67002200	67012200	6
chr2	98657400	98667400	6
chr2	118759400	118769400	6
chr2	181909200	181919200	6
chr9	35305000	35315000	6
chr5	146260800	146270800	6
chr18	40298400	40308400	6
chrX	112367000	112377000	6
chr9	24537000	24547000	6
chr6	103647400	103657400	6
chr8	69879800	69889800	3
chr6	88191200	88201200	3
chr13	112986800	112996800	3
chr15	98799000	98809000	3
chr2	119320400	119330400	3
chr16	18581400	18591400	3
chr19	37689400	37699400	3
chr8	105267000	105277000	3
chr5	107719800	107729800	3
chr1	155737800	155747800	3
chr14	70074200	70084200	3
chr6	64726600	64736600	3
chr15	99583000	99593000	3
chr9	21029200	21039200	3
chr6	30170600	30180600	3
chr7	131542000	131552000	3
chr19	16869400	16879400	3
chr4	89294200	89304200	3
chr4	21674400	21684400	3
chr10	80487200	80497200	3
chr5	35382600	35392600	3
chr19	25665200	25675200	3
chr9	31909400	31919400	3
chr2	118701800	118711800	3
chr15	75739000	75749000	3
chr13	21997400	22007400	3
chr15	98771200	98781200	3
chr11	119039800	119049800	3
chr7	19300800	19310800	3
chr1	78208400	78218400	3
chr2	18686800	18696800	3
chr6	83702800	83712800	3
chr10	52020400	52030400	3
chr11	95138200	95148200	3
chr4	46339800	46349800	3
chr1	136944000	136954000	3
chr5	33427800	33437800	3
chr12	8295400	8305400	3
chr1	74882000	74892000	3
chr4	152281400	152291400	3
chr1	74782400	74792400	3
chr13	94878600	94888600	3
chr2	57101200	57111200	3
chr2	73263800	73273800	3
chr2	147080400	147090400	3
chr13	94702200	94712200	3
chr6	83064000	83074000	3
chr1	4489800	4499800	3
chr5	75067000	75077000	3
chr14	69167800	69177800	3
chr14	32457400	32467400	3
chr2	172544000	172554000	3
chr16	94084800	94094800	3
