chr20	47896000	47906000	8
chr7	131229400	131239400	8
chr7	131229000	131239000	8
chr1	26737600	26747600	8
chr10	79793000	79803000	8
chr1	232262000	232272000	8
chr18	56526600	56536600	8
chr1	232261800	232271800	8
chr20	47899200	47909200	8
chr1	27326600	27336600	8
chr8	72591000	72601000	8
chr17	27046000	27056000	8
chr1	39459800	39469800	8
chr15	63334400	63344400	8
chr3	109048600	109058600	8
chr3	109048800	109058800	8
chr18	3449800	3459800	8
chr1	223195400	223205400	8
chr15	63333200	63343200	8
chr22	39706800	39716800	8
chr13	51744000	51754000	8
chr1	223192800	223202800	8
chr2	64480800	64490800	8
chr13	51742400	51752400	8
chr13	29001400	29011400	8
chr8	30397400	30407400	8
chr11	65264200	65274200	8
chr2	64479800	64489800	8
chr6	159228600	159238600	8
chr8	30246600	30256600	8
chr4	93190200	93200200	8
chr8	72595200	72605200	8
chr6	167642800	167652800	8
chr5	33439200	33449200	8
chr17	46124600	46134600	8
chr1	8931000	8941000	8
chr10	126837600	126847600	7
chr6	34202400	34212400	7
chr5	138609000	138619000	8
chr6	41515200	41525200	15
chr8	38290800	38300800	3
chr15	63337200	63347200	8
chr17	46125200	46135200	8
chr22	36723400	36733400	3
chr1	17758600	17768600	8
chr1	17754400	17764400	8
chr1	28831600	28841600	8
chr14	38659400	38669400	8
chr4	123747000	123757000	8
chr6	34203400	34213400	8
chr7	24436200	24446200	8
chr8	72587600	72597600	8
chr20	50409600	50419600	3
chr6	167640600	167650600	8
chr7	24436000	24446000	8
chr18	3452000	3462000	8
chr3	54666600	54676600	8
chr20	31359800	31369800	8
chr14	38658600	38668600	8
chr5	147245800	147255800	8
chr6	33238800	33248800	8
chr1	18971400	18981400	15
chr13	56148800	56158800	8
chr5	147242600	147252600	8
chr10	53791400	53801400	8
chr1	28830400	28840400	8
chr19	54704000	54714000	8
chr1	232256200	232266200	7
chr8	30394400	30404400	8
chr8	30247800	30257800	8
chr1	62660000	62670000	8
chr9	79628800	79638800	14
chr2	43445400	43455400	8
chr6	137808400	137818400	14
chr14	21989200	21999200	8
chr10	126839600	126849600	8
chr17	72199600	72209600	8
chr13	111558000	111568000	8
chr4	10110000	10120000	8
chr15	53076400	53086400	15
chr1	232255600	232265600	7
chr1	150543000	150553000	8
chr14	69255200	69265200	8
chr12	122012200	122022200	8
chr10	114708800	114718800	3
chr6	26195800	26205800	3
chr2	45155200	45165200	14
chr3	170071600	170081600	8
chr7	20156800	20166800	7
chr1	26741800	26751800	8
chr1	223196800	223206800	8
chr12	54671600	54681600	8
chr2	37450800	37460800	8
chr1	197879600	197889600	14
chr16	73065000	73075000	15
chr10	114709200	114719200	3
chr3	46614200	46624200	8
chr8	30241200	30251200	8
chr3	147107200	147117200	15
chr5	122421600	122431600	14
