chr11	128462105	128487105	8
chr5	134115709	134140709	2
chr14	22520222	22553461	8
chr14	22500817	22534452	10
chr9	114360720	114385720	8
chr11	128489305	128514305	10
chr1	198644070	198669271	4
chr1	198643870	198669071	4
chr6	24907172	24932172	1
chr7	50329604	50366702	10
chr5	170270596	170295596	10
chr14	22494815	22526031	10
chr1	206559872	206585468	8
chr4	35800	62108	3
chr5	157184189	157209189	2
chr4	36200	62508	3
chr14	100084263	100109263	8
chr1	24906109	24931109	10
chr7	50356702	50381702	8
chr2	196142276	196167276	10
chr2	157410888	157435888	8
chr4	108148044	108173044	14
chr4	108146844	108171844	14
chr3	18417708	18442708	8
chr1	198650671	198675671	10
chr22	37218560	37243560	8
chr8	133045755	133070755	8
chr8	133046355	133071355	8
chr1	24904909	24929909	8
chr14	100079063	100104063	8
chr10	71747243	71772243	8
chr3	18415308	18440308	8
chr6	24896372	24921372	1
chr1	198639070	198664271	8
chr4	40207980	40232980	8
chr2	92111974	92136974	16
chr2	132261427	132286427	15
chr14	99234863	99259863	8
chr14	99181263	99206263	8
chr4	10090976	10115976	8
chrX	79147703	79172703	8
chr14	91309256	91334256	8
chr19	1066201	1091201	2
chr14	91309056	91334056	8
chr11	35158853	35183853	8
chr7	50311404	50348502	10
chr8	125923156	125948156	12
chr14	99208463	99233463	8
chr5	157208589	157233790	8
chr10	41837608	41862608	14
chrX	79143503	79168503	8
chr3	16294693	16319693	8
chr14	100062863	100087863	8
chr2	196148876	196173876	10
chr3	18413108	18438108	8
chr8	125926756	125951756	12
chr11	35144853	35169853	8
chr2	196149476	196174476	10
chr10	123132684	123157684	2
chr19	1064201	1089201	2
chr2	196153276	196178276	10
chr2	144502433	144527433	1
chr11	64851928	64876928	4
chr22	36327555	36352555	8
chr3	30637308	30662308	8
chr2	172082072	172107072	14
chr2	157415888	157440888	8
chr11	60971928	60996928	8
chr11	67268329	67293329	8
chr1	226712499	226737499	8
chr20	36924797	36949797	2
chr12	9652604	9677604	8
chr16	34139733	34164733	14
chr6	24855372	24880372	8
chr3	30643108	30668108	8
chr11	64853728	64878728	4
chr5	35851898	35876898	8
chr22	31272214	31297214	8
chrX	136638041	136663041	8
chr11	35164253	35189253	8
chr3	52250184	52275184	4
chr1	160621610	160646610	10
chr14	22542257	22572900	10
chr7	130937641	130962641	1
chr7	27149981	27174981	14
chr15	81291259	81316259	8
chr10	8034637	8059637	2
chr1	160623010	160648010	10
chr2	30235334	30260334	8
chr15	92884970	92909970	8
chr3	16288093	16313093	8
chr7	130935441	130960441	1
chr14	99248063	99273063	8
chr1	169687259	169712259	2
chr1	167491563	167516563	4
chr11	67271329	67296329	8
chr20	53572461	53597461	8
chr12	47203417	47228417	8
chr7	27148981	27173981	14
chr11	117984485	118009485	8
