chr11	96321800	96346800	6
chr6	52159000	52184000	6
chr6	52189000	52214000	6
chr8	84765000	84790000	3
chr18	37734800	37759800	2
chr8	108695000	108720000	4
chr7	70345800	70370800	6
chr8	108694600	108719600	4
chr6	52215800	52240800	3
chr11	3132000	3157000	12
chr7	137297800	137322800	6
chr8	84699400	84724400	3
chr11	3175000	3200000	6
chr4	82489800	82514800	10
chr10	80137200	80162200	3
chr8	108699000	108724000	4
chr10	80142800	80167800	6
chr11	85824400	85849400	6
chr2	116052000	116077000	3
chr11	98922000	98947000	12
chr5	119662600	119687600	6
chr10	80135000	80160000	12
chr2	165864800	165889800	6
chr7	70331600	70356600	6
chr13	63549600	63574600	6
chr13	78180000	78205000	6
chr2	74676000	74701000	3
chr2	26481000	26506000	12
chr8	57311200	57336200	1
chr13	63548000	63573000	6
chr1	42683200	42708200	6
chr9	44477400	44502400	4
chr3	34640800	34665800	3
chr18	75370800	75395800	6
chr18	37746600	37771600	2
chr11	24073400	24098400	2
chr10	127508400	127533400	6
chr13	83720800	83745800	1
chr11	97797800	97822800	12
chr8	120485000	120510000	4
chr9	61367800	61392800	5
chr7	79495800	79520800	3
chr11	119034000	119059000	12
chr10	80293000	80318000	6
chr12	86877400	86902400	12
chr18	37805200	37830200	10
chr10	80131000	80156000	12
chr11	24076800	24101800	2
chr2	74711600	74736600	3
chr3	88200000	88225000	6
chr2	9868600	9893600	9
chr15	102995200	103020200	3
chr11	98947400	98972400	12
chr11	119033400	119058400	12
chr18	37714800	37739800	2
chr15	85664000	85689000	6
chr4	22475600	22500600	3
chrX	12066000	12091000	5
chr5	119823200	119848200	3
chr11	120220000	120245000	9
chr5	111411800	111436800	9
chr5	139535200	139560200	3
chr15	102959600	102984600	3
chr14	122461200	122486200	3
chr8	84725400	84750400	3
chr8	84965000	84990000	9
chr11	94927600	94952600	6
chr9	91350200	91375200	3
chr13	31799200	31824200	3
chr11	19003000	19028000	4
chr4	133035400	133060400	2
chr8	92350000	92375000	6
chr8	70486800	70511800	9
chr19	44741000	44766000	3
chr15	85662600	85687600	6
chr8	84692200	84717200	3
chr8	121069600	121094600	3
chr7	79525000	79550000	6
chr19	5793400	5818400	12
chr10	81558800	81583800	2
chr7	45698000	45723000	12
chr11	98940800	98965800	12
chr13	40716800	40741800	1
chr18	35828000	35853000	6
chr11	70212800	70237800	6
chr15	85667400	85692400	6
chr2	45093400	45118400	12
chr2	38336400	38361400	3
chr8	94976800	95001800	4
chr11	84509800	84534800	3
chr11	85829000	85854000	6
chr11	94925600	94950600	6
chr10	80128800	80153800	3
chr11	94988200	95013200	12
chr10	81401600	81426600	6
chr11	70216400	70241400	6
chr2	105666600	105691600	3
chr19	46303800	46328800	6
chr15	102234600	102259600	3
chr10	79913800	79938800	6
