chr2	133025000	133035000	12
chr2	133026600	133036600	12
chr2	133020800	133030800	12
chr18	18510800	18520800	10
chr21	10714000	10724000	10
chr4	49400	59400	12
chr16	33955600	33965600	10
chr16	33954200	33964200	10
chr16	33954000	33964000	10
chr9	68412400	68422400	11
chr21	10697800	10707800	10
chr14	23894200	23904200	6
chr21	10697400	10707400	10
chr21	10719000	10729000	10
chr2	91811200	91821200	11
chr2	91769400	91779400	10
chr9	66454600	66464600	10
chr2	92315200	92325200	10
chr21	9825400	9835400	11
chr9	66454800	66464800	10
chr16	33969200	33979200	10
chr9	68408400	68418400	11
chr19	27731400	27741400	8
chr11	113931800	113941800	3
chr12	46756600	46766600	3
chr15	68111800	68121800	11
chr2	133031200	133041200	12
chr12	106973800	106983800	10
chr15	68112600	68122600	11
chr1	207985600	207995600	3
chr3	75712000	75722000	11
chr2	91808200	91818200	11
chr15	76626400	76636400	12
chr4	190495400	190505400	13
chr5	153853400	153863400	11
chr4	59600	69600	13
chr19	58126400	58136400	3
chr10	127575600	127585600	11
chr2	63276600	63286600	12
chr1	26385000	26395000	3
chr16	46385600	46395600	8
chr20	47895200	47905200	3
chr3	119370400	119380400	2
chr7	23504800	23514800	6
chr19	44978400	44988400	8
chr19	58764200	58774200	8
chr17	35290800	35300800	12
chr1	207987200	207997200	3
chr22	19739400	19749400	10
chr11	31825800	31835800	11
chr3	75715200	75725200	11
chr21	10798800	10808800	8
chr11	31824800	31834800	11
chr7	61967000	61977000	11
chr1	91182400	91192400	10
chr17	59473800	59483800	6
chr6	5996000	6006000	11
chr7	23505200	23515200	6
chr10	42390800	42400800	8
chr5	172659400	172669400	3
chr3	75784400	75794400	8
chr6	5999200	6009200	11
chr6	1605800	1615800	3
chr19	58488600	58498600	8
chr6	10409800	10419800	11
chr5	140736200	140746200	8
chr21	10756200	10766200	9
chr16	33971600	33981600	10
chr15	25301200	25311200	8
chr18	55101200	55111200	10
chr3	128202400	128212400	3
chr5	140797200	140807200	8
chr3	62353200	62363200	1
chr18	55101400	55111400	10
chr2	89868400	89878400	8
chr3	119366000	119376000	3
chr11	65265600	65275600	3
chr19	10397600	10407600	3
chr10	42377200	42387200	8
chr14	37123800	37133800	10
chr1	197879400	197889400	11
chr15	76629800	76639800	2
chr1	50884200	50894200	12
chr12	133620800	133630800	8
chr5	140717400	140727400	8
chr19	8917400	8927400	8
chr1	201335800	201345800	3
chr19	58693600	58703600	1
chr4	111534800	111544800	11
chr3	147108400	147118400	11
chr10	101291400	101301400	2
chr1	63782400	63792400	8
chr1	201336400	201346400	3
chr7	61981000	61991000	11
chr5	140716600	140726600	8
chr13	79174600	79184600	2
chr5	50676800	50686800	11
chr9	37024600	37034600	11
chr10	94825400	94835400	12
chr3	62354400	62364400	1
