chr6	36561200	36571200	3
chr22	39706600	39716600	3
chr8	146011400	146021400	3
chr17	7472600	7482600	3
chr9	136209200	136219200	3
chr1	24018000	24028000	3
chr17	37000800	37010800	3
chr9	127615000	127625000	3
chr20	42085200	42095200	3
chr17	39844000	39854000	3
chr12	54671600	54681600	3
chr6	32935200	32945200	3
chr5	180666400	180676400	3
chr19	54704000	54714000	3
chr7	5563600	5573600	3
chr9	130205200	130215200	3
chr16	31190200	31200200	3
chr5	177630800	177640800	3
chr16	89623000	89633000	3
chr19	3977800	3987800	3
chr6	31501000	31511000	3
chr19	59053800	59063800	3
chr20	37054200	37064200	3
chr22	39915200	39925200	3
chr19	49991800	50001800	3
chr11	8703200	8713200	3
chr3	52022400	52032400	3
chr11	65264200	65274200	3
chr20	47893600	47903600	3
chr6	33238800	33248800	3
chr5	179042000	179052000	3
chr1	150543000	150553000	3
chr6	74223800	74233800	3
chr1	35649400	35659400	3
chr11	62619400	62629400	3
chr12	125397000	125407000	3
chr6	30581200	30591200	3
chr17	56075800	56085800	3
chr17	73772600	73782600	3
chr17	79476000	79486000	3
chr2	232570200	232580200	3
chr17	74725200	74735200	3
chr1	40032800	40042800	3
chr14	103798800	103808800	3
chr6	35431800	35441800	3
chr12	56550800	56560800	3
chr16	2007000	2017000	3
chr11	67346800	67356800	3
chr1	28831600	28841600	3
chr6	31797200	31807200	3
chr12	6636800	6646800	3
chr6	30684000	30694000	3
chr3	12873400	12883400	3
chr2	3622200	3632200	3
chr20	60875400	60885400	3
chr6	34384200	34394200	3
chr9	140129600	140139600	3
chr1	145038000	145048000	11
chr1	145071200	145081200	11
chr2	43445400	43455400	3
chr3	186500200	186510200	3
chr6	44213400	44223400	3
chr15	66788800	66798800	3
chr20	34321600	34331600	3
chr9	19371400	19381400	3
chr4	152020000	152030000	3
chr2	38969600	38979600	3
chr6	133133200	133143200	3
chr19	55910200	55920200	3
chr19	13048200	13058200	3
chr6	139688400	139698400	3
chr13	45906800	45916800	3
chr1	173828800	173838800	3
chr17	27044400	27054400	3
chr19	42363400	42373400	3
chr2	70307600	70317600	3
chr14	102545200	102555200	3
chr1	45240600	45250600	3
chr10	74026800	74036800	3
chr11	118963200	118973200	3
chr14	50044000	50054000	3
chr7	26235400	26245400	3
chr11	93465600	93475600	3
chr11	10821800	10831800	3
chr13	91999000	92009000	3
chr20	2632000	2642000	3
chr12	46758000	46768000	3
chr1	234738800	234748800	3
chr11	122925400	122935400	3
chr11	75110400	75120400	3
chr5	40826600	40836600	3
chr17	16341400	16351400	3
chr2	217362600	217372600	3
chr2	101618000	101628000	3
chr17	4843000	4853000	3
chr5	138608400	138618400	3
chr16	30074800	30084800	3
chr4	53578600	53588600	3
chr19	49371400	49381400	3
chr19	49118600	49128600	3
