chr19	58184233	58209434	4
chr12	132987414	133012414	6
chr15	25073453	25098453	20
chr19	36545098	36570098	20
chr12	133036414	133061414	4
chr19	58242234	58267234	20
chr19	57530032	57555032	20
chr19	37420298	37445298	20
chr12	31966066	31991066	20
chr4	448011	473011	4
chr19	23365398	23390398	4
chr19	36812298	36837298	4
chr19	56600632	56625632	20
chr12	133081814	133106814	4
chr12	133131414	133156414	4
chr19	52299147	52324147	20
chr19	51878947	51903947	4
chr4	336011	361011	4
chr19	37563498	37588699	20
chr5	180246600	180271600	20
chr2	156319288	156344288	11
chr19	57976832	58001832	4
chr19	51962347	51987347	4
chr19	44473183	44500748	4
chr19	23332398	23357398	20
chr19	36746498	36771498	4
chr19	57683432	57708432	4
chr19	37220898	37245898	6
chr14	22481811	22511017	18
chr19	9322924	9347924	22
chr19	52069747	52094747	4
chr19	20541194	20566194	4
chr4	126119	161010	4
chr11	60970728	60995728	13
chr19	37079498	37104498	4
chr19	36636498	36661498	20
chr1	167427563	167452563	13
chr3	18412108	18437108	1
chr19	57768832	57793832	4
chr19	52542547	52567547	20
chr16	31734279	31759279	20
chr19	52110947	52135947	20
chr19	9560124	9585124	14
chr7	64326822	64351822	20
chr19	56402831	56427831	4
chr3	18409908	18434908	11
chr14	98166663	98191663	13
chr19	52268747	52293747	4
chr2	156317088	156342088	11
chr19	36391698	36416698	20
chr1	247142698	247167698	20
chr19	36703498	36728498	20
chr19	37145498	37170498	20
chr4	108044444	108069444	11
chr16	53444288	53469288	11
chr11	60983928	61008928	13
chrX	136643241	136668241	1
chr19	23217398	23242398	20
chr19	16359389	16384389	13
chr12	47203417	47228417	13
chr2	203706677	203731677	1
chr19	53431147	53456346	4
chr19	36889098	36914098	20
chr8	125927556	125952556	20
chr16	3386600	3411600	1
chr19	52018347	52043347	4
chr8	125925556	125950556	20
chr5	157213589	157238790	13
chr19	36855698	36880698	20
chr21	46539287	46564287	13
chr19	36925098	36950098	20
chr15	24962653	24987653	20
chr16	57022888	57047888	11
chr12	47209017	47234017	13
chr16	3285200	3310200	4
chr14	91853056	91878056	13
chr19	19661191	19686191	4
chr2	203717277	203742277	11
chr15	38528199	38553199	18
chr12	9665404	9690404	20
chr19	37454098	37479098	22
chr4	89282849	89307849	18
chr14	61488482	61513482	13
chr9	129853321	129878321	13
chr1	198723271	198748271	11
chr11	128300305	128325305	20
chr1	167436363	167461363	18
chr3	108819153	108844153	18
chr11	128301105	128326105	20
chr20	59144145	59169145	13
chr19	23653398	23678398	20
chr22	37291759	37316759	11
chr2	84837676	84862676	11
chr19	57492232	57517232	1
chr12	54954416	54979416	11
chr10	41837608	41862608	22
chr19	58121633	58146633	20
chr7	64514822	64539822	20
chr19	52394347	52419347	4
chr1	226631899	226656899	18
