chr8	144835015	144845015	20
chr4	49706	59907	20
chr19	9562924	9572924	20
chr7	6692569	6702569	20
chr19	9293724	9303724	20
chr19	57615032	57625032	20
chr19	44474583	44485189	20
chr19	57996232	58006232	4
chr12	133039014	133049014	20
chr19	56568231	56578432	4
chr19	58188833	58198833	20
chr19	58127433	58137433	20
chr15	25080653	25090653	20
chr12	133096614	133106614	20
chr16	68552097	68562097	20
chr19	36543498	36553498	20
chr19	9525924	9535924	20
chr15	25050053	25060053	20
chr19	52313947	52323947	20
chr19	58199033	58209234	20
chr19	57978432	57988432	20
chr9	96758318	96768318	20
chr15	25060253	25070253	20
chr15	25070453	25080453	20
chr19	58255834	58265834	20
chr19	58245634	58255634	20
chr12	133182414	133192414	4
chr19	7075389	7085389	20
chr16	31908079	31918079	20
chr19	52063147	52073147	20
chr12	133006014	133016014	20
chr5	180254400	180264400	20
chr19	11941785	11951785	20
chr5	178712199	178722199	20
chr19	36710498	36720498	20
chr19	43836848	43846848	20
chr12	132944214	132954214	20
chr19	52114547	52124547	20
chr16	3285400	3295400	6
chr19	51964347	51974347	20
chr19	37234698	37244698	20
chr19	20543794	20553794	20
chr19	9376324	9386324	20
chr12	133080614	133090614	4
chr19	57533832	57543832	20
chr19	51992547	52002547	20
chr19	8805524	8815524	20
chr4	463211	473211	4
chr7	5057569	5067569	20
chr12	133049214	133059214	20
chr19	36745298	36755298	20
chr2	95145655	95155655	20
chr19	56545231	56555231	20
chr19	36816298	36826298	20
chr19	52548147	52558147	20
chr19	51888347	51898347	20
chr19	52375747	52385747	20
chr11	3357570	3367570	20
chr16	3306400	3316400	20
chr12	133149014	133159014	20
chr19	24118198	24128198	20
chr19	36513498	36523498	20
chr19	23344598	23354598	20
chr19	12269385	12279385	20
chr4	445811	455811	20
chr18	35299636	35309636	20
chr4	428811	438811	20
chr19	36889498	36899498	20
chr19	44490349	44500948	20
chr12	132925414	132935414	20
chr19	52031747	52041747	20
chr19	12523386	12533386	20
chr4	126119	144218	20
chr19	57681432	57691432	20
chr5	178880399	178890399	20
chr19	58428433	58438433	20
chr19	12181785	12191785	20
chr19	56408431	56418431	20
chr19	57746232	57756232	22
chr19	52014347	52024347	20
chr19	37634899	37644899	20
chr19	21808198	21818198	20
chr6	27450021	27460021	20
chr2	95207252	95217252	20
chr19	57544032	57554032	20
chr19	57569632	57579632	20
chr19	2845802	2855802	20
chr19	36638698	36648698	20
chr19	36553698	36563698	20
chr22	30968814	30978814	20
chr19	37424098	37434098	20
chr4	71308	81907	20
chr7	64519422	64529422	20
chr12	133118214	133128214	20
chr5	150895438	150905438	22
chr19	52836547	52846547	20
chr19	19707791	19717791	20
chr19	9153324	9163324	6
chr19	36826498	36836498	20
chr19	9335124	9345124	20
