chr15	25046253	25096253	20
chr12	133078814	133128814	1
chr19	58229634	58279634	4
chr19	58164233	58214434	20
chr19	36513098	36563098	20
chr4	424611	474611	1
chr19	36710498	36760498	20
chr19	57963632	58013632	20
chr19	57529632	57579632	4
chr19	23335398	23385398	20
chr19	56534031	56584232	1
chr19	38647160	38697160	22
chr19	51959747	52009747	20
chr19	38648160	38698160	9
chr19	37412698	37462698	20
chr19	36618098	36668098	22
chr19	56525831	56576032	1
chr19	58093633	58143633	20
chr22	36323755	36373755	9
chr4	405411	455411	20
chr12	133181014	133231014	4
chr19	51855347	51905347	20
chr12	133143814	133193814	4
chr19	36858698	36908698	20
chr19	36794698	36844698	20
chr19	58156033	58206033	20
chr5	180244000	180294000	20
chr12	132907214	132957214	20
chr4	336011	386011	4
chr19	37123498	37173498	1
chr19	52089547	52139547	1
chr22	36291754	36341955	9
chr19	56403031	56453031	1
chr8	143911432	143961432	3
chr10	119031688	119081688	3
chr19	52287547	52337547	1
chr19	37532298	37582499	20
chr19	51850747	51900747	20
chr8	143913632	143963632	3
chr19	52364747	52414747	1
chr19	37383098	37433098	20
chr19	57947832	57997832	20
chr19	9336724	9386724	20
chr14	21220441	21270441	1
chr19	15245389	15295389	9
chr15	92881570	92931570	1
chr19	44447612	44501548	20
chr20	35694278	35744278	1
chr19	36729498	36779498	1
chr4	344411	394411	20
chr19	44446416	44500748	20
chr20	62904848	62954848	1
chr9	131393013	131443013	22
chr20	47311456	47361456	9
chr17	77424118	77474118	3
chr17	20994687	21044687	22
chr17	77424718	77474718	3
chr19	15257389	15307389	9
chr10	79066643	79116643	1
chr16	3276800	3326800	20
chr19	55634234	55684234	1
chr19	53203347	53253347	20
chr4	50106	103713	4
chr1	2227161	2277161	1
chr19	37119298	37169298	20
chr1	26692109	26742109	4
chr17	7213881	7263881	1
chr12	120216197	120266197	22
chr12	110279995	110329995	3
chr15	96320771	96370771	1
chr19	43834848	43884848	20
chr15	96320971	96370971	1
chr16	3369600	3419600	1
chr15	92877770	92927770	1
chr16	70521497	70571497	3
chr19	1236801	1286801	1
chr11	62525928	62575928	1
chr10	125112631	125162631	1
chr2	176066872	176116872	2
chr1	27554889	27604889	3
chr19	9373724	9423724	20
chr22	49778352	49828352	22
chr3	9388316	9438316	1
chr14	68930683	68980683	1
chr19	56373831	56423831	1
chr7	157335906	157385906	1
chr17	38867347	38917347	3
chr17	82225324	82275324	1
chr12	53452016	53502016	22
chr6	31619623	31669623	1
chr1	26690109	26740109	4
chr7	73473270	73523270	9
chr14	73738297	73788297	3
chr10	80453444	80503444	22
chr19	1406401	1456401	22
chr17	48577038	48627038	2
chr1	19437106	19487106	1
chr4	10068976	10118976	1
chr1	227630699	227680699	20
chr10	100710043	100760043	23
