chr2	133014200	133039200	11
chr13	100617600	100642600	3
chr13	100619000	100644000	3
chr21	10828000	10853000	8
chr16	33941400	33966400	11
chr7	131215800	131240800	3
chr10	42373800	42398800	8
chr10	38793000	38818000	8
chr4	49633400	49658400	8
chr10	39114000	39139000	8
chr20	29808000	29833000	8
chr21	10795400	10820400	8
chr2	89848600	89873600	8
chr14	57260800	57285800	3
chr16	73066600	73091600	11
chr4	49098400	49123400	8
chr9	68408600	68433600	11
chr1	18956400	18981400	12
chr13	100607200	100632200	3
chr10	8081600	8106600	11
chr11	31824600	31849600	11
chr11	31825200	31850200	11
chr21	11108000	11133000	8
chr10	42791000	42816000	8
chr2	45158800	45183800	11
chr15	53074200	53099200	11
chr2	45155200	45180200	11
chr15	25297000	25322000	8
chr20	22536800	22561800	12
chr5	50671400	50696400	11
chr8	72583600	72608600	3
chrX	39941800	39966800	11
chr5	87967000	87992000	11
chr3	147105200	147130200	11
chr17	77765200	77790200	11
chr5	87967400	87992400	11
chr4	111538600	111563600	11
chr16	46385800	46410800	8
chr4	48800	73800	8
chr1	91171600	91196600	11
chr12	115101600	115126600	11
chr6	10402400	10427400	11
chr5	87968000	87993000	11
chr15	96864000	96889000	11
chr15	96863800	96888800	11
chr10	8076800	8101800	11
chr2	237064600	237089600	12
chr9	126758800	126783800	10
chr12	113898600	113923600	11
chr9	131144200	131169200	11
chr5	87956400	87981400	11
chr9	126757400	126782400	10
chr17	77768800	77793800	11
chr10	101278000	101303000	11
chr14	61101600	61126600	11
chr17	35282600	35307600	11
chr20	22545000	22570000	12
chr2	223153400	223178400	11
chr2	105458800	105483800	11
chr2	172943400	172968400	11
chr4	13526200	13551200	11
chrX	25016400	25041400	10
chr5	2736400	2761400	3
chr10	8073600	8098600	10
chr2	119590200	119615200	11
chr14	61100600	61125600	11
chr15	96883200	96908200	11
chr12	115118400	115143400	11
chr8	41157800	41182800	6
chr6	10388000	10413000	11
chr16	33877400	33902400	8
chr10	124890600	124915600	3
chr7	96630000	96655000	11
chr2	223156200	223181200	11
chr7	156792000	156817000	11
chr17	46617600	46642600	12
chr3	27751600	27776600	11
chr19	58753800	58778800	8
chrX	25015000	25040000	11
chr3	147120200	147145200	11
chr13	28527600	28552600	12
chr1	119521600	119546600	11
chr5	92904600	92929600	11
chr21	11075800	11100800	8
chr9	129371000	129396000	11
chr6	100893400	100918400	11
chr15	68109200	68134200	11
chr6	1603600	1628600	11
chr16	73055200	73080200	12
chr14	36971200	36996200	12
chr7	27130400	27155400	11
chr12	57610200	57635200	3
chr12	57613000	57638000	3
chr4	54953200	54978200	11
chr4	54953400	54978400	11
chr6	28731800	28756800	11
chr10	102483800	102508800	11
chr19	58693600	58718600	8
chr3	128192200	128217200	11
chr2	219844400	219869400	11
