chr15	25048053	25098053	20
chr14	99225263	99275263	23
chr19	58229034	58279034	4
chr19	23340598	23390598	20
chr12	133081814	133131814	4
chr19	36540298	36590298	4
chr4	424811	474811	4
chr19	51958947	52008947	4
chr19	37412498	37462498	20
chr19	52273347	52323347	1
chr4	337011	387011	22
chr19	52539147	52589147	1
chr19	36789298	36839298	4
chr19	58165433	58215634	4
chr19	36859498	36909498	20
chr19	36611298	36661298	20
chr19	57529832	57579832	4
chr14	22499417	22563100	13
chr19	52364547	52414547	4
chr12	132985414	133035414	4
chr19	51855747	51905747	4
chr19	36705498	36755498	20
chr19	52085747	52135747	4
chr19	57963632	58013632	4
chr12	133033414	133083414	22
chr5	180243200	180293200	22
chr19	56533231	56583432	4
chr19	56372631	56422631	22
chr19	51851547	51901547	22
chr19	37124098	37174098	16
chr19	37538498	37588699	22
chr19	52352147	52402147	4
chr19	37530898	37581099	22
chr16	3364400	3414400	1
chr17	77423518	77473518	3
chr4	408811	458811	20
chr5	132451708	132501708	13
chr19	36728298	36778298	4
chr16	31869479	31919479	20
chr19	58093833	58143833	22
chr19	53438547	53488746	1
chr4	345611	395611	22
chr17	48564438	48614438	1
chr12	9647004	9697004	20
chr19	51920747	51970747	4
chr19	56594432	56644432	4
chr12	133143814	133193814	22
chr1	226632299	226682299	13
chr19	19784791	19834791	1
chr7	64321022	64371022	20
chr5	134099309	134149309	23
chr19	56597432	56647432	20
chr10	71726243	71776243	18
chr19	56392831	56442831	22
chr19	36909698	36959698	1
chr5	170253596	170303596	18
chr7	64319822	64369822	20
chr10	11160837	11210837	14
chr19	36325498	36375498	20
chr22	36327355	36377355	9
chr22	39913196	39963196	11
chr19	37601099	37651099	20
chr19	37390898	37440898	20
chr7	50303204	50365302	1
chr2	68762068	68812068	4
chr19	9322924	9372924	1
chr16	31725279	31775279	20
chr19	57746032	57796032	4
chr6	24904772	24954772	11
chr12	9653204	9703204	20
chr19	57954432	58004432	4
chr11	128691905	128741905	16
chr9	129852521	129902521	13
chr2	68750668	68800668	11
chr1	12142143	12192143	13
chr10	11142837	11192837	13
chr1	227610299	227660299	20
chr7	64665022	64715022	10
chr13	99039146	99089146	1
chr7	64514422	64564422	11
chr1	198636470	198686671	13
chr15	31323797	31373797	1
chr5	157178789	157228990	18
chr5	132444708	132494708	13
chr9	114348120	114398120	18
chr17	40306348	40356348	11
chr7	27161781	27211781	22
chr19	58157033	58207234	4
chr12	111402796	111452796	11
chr13	99338146	99388146	3
chr19	37458898	37508898	4
chr19	53196947	53246947	4
chr19	19865191	19915191	1
chr1	167469163	167519163	3
chr16	56998088	57048088	3
chr15	96318971	96368971	22
chr13	40970464	41020464	4
chr19	19793591	19843591	1
chr3	18399708	18449708	1
chr4	119920	180811	4
