chr10	42355000	42405000	8
chr15	25293200	25343200	8
chr19	58677600	58727600	1
chr12	133655400	133705400	2
chr19	52462400	52512400	8
chr7	27191400	27241400	11
chr12	54355600	54405600	11
chr2	89830200	89880200	8
chr21	10774200	10824200	8
chr19	37201400	37251400	8
chr4	418000	468000	3
chr19	52358600	52408600	8
chr19	58739000	58789000	8
chr10	39104800	39154800	8
chr19	52355000	52405000	8
chr2	176955800	177005800	11
chr19	58041000	58091000	8
chr19	37004600	37054600	8
chr16	46386000	46436000	8
chr12	133608800	133658800	8
chr19	23518400	23568400	8
chr10	11205600	11255600	3
chr4	331400	381400	8
chr19	37903200	37953200	8
chr19	44955000	45005000	8
chr19	44953800	45003800	8
chr19	52784600	52834600	8
chr17	46655400	46705400	10
chr19	37208600	37258600	8
chr4	404000	454000	8
chr19	38027200	38077200	8
chr19	37875000	37925000	8
chr19	37349400	37399400	8
chr19	38028600	38078600	8
chr5	92900400	92950400	11
chr10	38771800	38821800	8
chr19	58668000	58718000	1
chr2	132995800	133045800	11
chr4	49104600	49154600	8
chr13	100604400	100654400	12
chr16	46401000	46451000	8
chr19	52535200	52585200	8
chr16	33932600	33982600	11
chr19	58473400	58523400	8
chr19	52423400	52473400	8
chr5	169681000	169731000	3
chr19	37106000	37156000	8
chr9	117111000	117161000	3
chr14	99691200	99741200	3
chr19	57048000	57098000	2
chr17	46785200	46835200	11
chr11	128340800	128390800	3
chr15	25268800	25318800	8
chr19	56904600	56954600	8
chr14	22977400	23027400	3
chr19	58607800	58657800	8
chr19	37614000	37664000	8
chr4	341200	391200	8
chr19	52872800	52922800	2
chr6	10380400	10430400	10
chr12	133723400	133773400	8
chr19	52585800	52635800	1
chr12	54405800	54455800	11
chr4	123800	173800	3
chr6	30412200	30462200	3
chr19	56902000	56952000	8
chr5	87948400	87998400	11
chr19	58467400	58517400	8
chr19	37279800	37329800	1
chr4	126200	176200	8
chr10	8067800	8117800	11
chr4	174420600	174470600	11
chr19	53700200	53750200	2
chr19	37577000	37627000	8
chr16	3414600	3464600	8
chr7	27164800	27214800	11
chr19	36988600	37038600	8
chr11	128330200	128380200	3
chr3	75753800	75803800	8
chr4	49115000	49165000	8
chr4	42800	92800	12
chr12	133718600	133768600	8
chr19	58189800	58239800	8
chr10	11188000	11238000	3
chr6	28736200	28786200	12
chr19	53042400	53092400	1
chr1	227818600	227868600	8
chr16	3329200	3379200	8
chr21	10824400	10874400	8
chr15	96864000	96914000	10
chr19	58258000	58308000	8
chr16	31736600	31786600	8
chr16	31738600	31788600	8
chr7	50412600	50462600	2
chr6	24897800	24947800	3
chr2	177006000	177056000	11
chr19	52879400	52929400	2
chr17	77745000	77795000	12
chr21	11101400	11151400	9
chr22	36723600	36773600	3
