chr14	99691400	99741400	3
chr14	22970600	23020600	3
chr11	128340800	128390800	3
chr11	128331200	128381200	3
chr14	22951200	23001200	3
chr7	27183600	27233600	11
chr14	99669400	99719400	13
chr7	27165400	27215400	11
chr2	132995600	133045600	11
chr1	198606400	198656400	3
chr6	24898000	24948000	3
chr17	46654600	46704600	10
chr10	11208000	11258000	3
chr15	25295400	25345400	8
chr4	41600	91600	12
chr4	40199000	40249000	3
chr5	133429000	133479000	3
chr5	156607400	156657400	3
chr6	24905400	24955400	3
chr21	10774200	10824200	8
chr10	42355000	42405000	8
chr10	8067800	8117800	11
chr12	133655600	133705600	2
chr10	39104800	39154800	8
chr4	435200	485200	8
chr5	169680600	169730600	3
chr19	23520000	23570000	8
chr2	89830600	89880600	8
chr22	40320200	40370200	6
chr12	54363800	54413800	11
chr19	52775600	52825600	8
chr19	58739000	58789000	8
chr11	60738000	60788000	3
chr19	37903800	37953800	8
chr19	52463400	52513400	8
chr19	37004600	37054600	8
chr5	133449200	133499200	3
chr12	9802600	9852600	3
chr14	100530800	100580800	3
chr2	60735600	60785600	10
chr2	176956000	177006000	11
chr4	331600	381600	8
chr1	226876000	226926000	3
chr19	38055000	38105000	8
chr16	46386000	46436000	8
chr17	37909400	37959400	1
chr19	37347200	37397200	8
chr19	58679600	58729600	1
chr7	50413000	50463000	8
chr22	36724400	36774400	3
chr16	33933000	33983000	11
chr19	58190400	58240400	1
chr11	35160200	35210200	3
chr5	140705600	140755600	10
chr17	77743400	77793400	11
chr19	37102400	37152400	8
chr10	8078800	8128800	11
chr4	109048200	109098200	12
chr21	43821200	43871200	3
chr10	11189200	11239200	3
chr22	40328600	40378600	6
chr19	52358600	52408600	1
chr19	52867200	52917200	2
chr1	198622600	198672600	3
chr19	37287200	37337200	1
chr19	37203800	37253800	8
chr13	100605200	100655200	11
chr19	58041000	58091000	8
chr19	58475000	58525000	2
chr19	58257800	58307800	8
chr5	39169400	39219400	1
chr16	46399200	46449200	8
chr19	37206600	37256600	8
chr4	49105000	49155000	8
chr5	140762000	140812000	11
chr2	196993200	197043200	3
chr19	56885400	56935400	8
chr10	38769200	38819200	8
chr5	39167800	39217800	1
chr19	38037400	38087400	8
chr2	158259000	158309000	3
chr19	53046000	53096000	8
chr19	37572600	37622600	8
chr16	31884200	31934200	6
chr4	119800	169800	2
chr5	92900600	92950600	11
chr2	158260200	158310200	3
chr9	36989200	37039200	11
chr3	30685200	30735200	6
chr3	30652800	30702800	6
chr15	25269200	25319200	8
chr9	117111000	117161000	3
chr19	57046200	57096200	2
chr6	30412600	30462600	3
chr19	58471200	58521200	2
chr19	52355200	52405200	8
chr8	134045400	134095400	3
chr19	52860600	52910600	2
chr19	52536400	52586400	8
chr4	407800	457800	8
