chr6	169655000	169655200	1	7.7239	1	(1,20)	8.82428	1	19.3138
chr21	8987600	8987800	19	6.93284	1	(19,20)	4.44988	1	19.2
chr12	116760200	116760400	1	7.0584	1	(1,11)	4.74988	1	18.8972
chr11	28140200	28140400	20	7.20183	1	(18,20)	4.74988	1	18.6039
chr6	169654800	169655000	20	7.28718	1	(1,20)	8.82428	1	18.1111
chr19	17332800	17333000	11	6.86363	1	(11,22)	4.06915	1	18.08
chr11	66316400	66316600	10	4.31486	1	(10,19)	2.27494	1	17.9745
chr12	94425400	94425600	11	6.50225	1	(11,21)	4.39139	1	17.8739
chr21	42925000	42925200	22	6.36795	1	(13,22)	4.02134	1	17.8405
chr7	150955400	150955600	3	3.95252	1	(3,12)	2.21644	1	17.774
chr19	36152600	36152800	7	7.31978	1	(7,22)	8.92428	1	17.723
chr20	63941600	63941800	9	6.84155	1	(9,22)	4.26408	1	17.7143
chr3	65356400	65356600	13	4.33289	1	(7,13)	2.37494	1	17.6637
chr11	47415600	47415800	7	3.83514	1	(7,15)	2.21644	1	17.5807
chr19	10577000	10577200	7	5.95843	1	(1,7)	4.74988	1	17.5647
chr5	165233800	165234000	18	6.60507	1	(18,20)	4.00979	1	17.4935
chr4	78252800	78253000	18	6.59195	1	(18,20)	4.17984	1	17.4911
chr19	2042000	2042200	9	6.79397	1	(1,9)	4.27439	1	17.4902
chr9	124765400	124765600	24	3.70126	1	(9,24)	2.09421	1	17.4297
chr21	31157400	31157600	15	9.61738	1	(15,20)	13.6911	1	17.4245
chr11	36093400	36093600	20	9.54098	1	(15,20)	13.8912	1	17.4061
chr11	65851000	65851200	20	6.90283	1	(11,20)	7.3754	1	17.3594
chr5	2748400	2748600	4	6.13594	1	(4,20)	3.81325	1	17.3425
chr1	31579200	31579400	4	3.72789	1	(4,15)	2.21644	1	17.3422
chr19	7921400	7921600	11	7.10263	1	(11,16)	7.9898	1	17.2753
chr4	87928200	87928400	22	3.4986	1	(4,7)	2.09421	1	17.2744
chr19	58204000	58204200	20	9.48248	1	(3,20)	13.7742	1	17.2465
chr14	24311200	24311400	13	7.38219	1	(13,19)	8.16589	1	17.2283
chr5	2747200	2747400	11	6.38308	1	(11,24)	4.07439	1	17.2247
chr10	132364200	132364400	20	9.60705	1	(19,20)	13.5327	1	17.1803
chr1	37995000	37995200	11	6.96745	1	(3,11)	4.64988	1	17.157
chrX	122227600	122227800	11	6.46191	1	(11,20)	3.95622	1	17.1337
chr1	1629600	1629800	13	3.83896	1	(3,19)	2.21644	1	17.0888
chr3	196517600	196517800	21	6.32535	1	(13,21)	3.98841	1	17.0644
chr6	31900800	31901000	14	6.83284	1	(4,14)	7.17777	1	17.0614
chr6	31270600	31270800	11	7.34508	1	(11,23)	8.48277	1	17.0359
chr1	165752200	165752400	11	6.68457	1	(11,20)	7.22028	1	17.0358
chr4	87928600	87928800	20	6.58884	1	(11,20)	3.98915	1	17.0056
chr19	36151400	36151600	11	7.03087	1	(11,22)	7.91288	1	17.0056
chr11	133919600	133919800	11	9.36985	1	(11,23)	6.54933	1	17.0051
chr1	156216600	156216800	23	5.96935	1	(21,23)	3.96659	1	16.999
chr16	3129000	3129200	11	6.77417	1	(4,11)	4.07175	1	16.986
chr4	386200	386400	20	9.32488	1	(1,20)	13.459	1	16.9744
chr19	49689200	49689400	19	3.71604	1	(9,19)	2.17494	1	16.9574
chr3	142141000	142141200	11	6.42566	1	(11,21)	4.33289	1	16.9508
chr4	88277400	88277600	21	5.85343	1	(13,21)	4.23695	1	16.9154
chr1	112701400	112701600	11	6.25404	1	(11,23)	3.86471	1	16.9132
chr19	615600	615800	23	3.75366	1	(7,22)	2.27494	1	16.9089
chr17	78356400	78356600	22	6.92654	1	(10,22)	8.27391	1	16.8921
chr17	38464800	38465000	18	6.74093	1	(11,18)	7.17633	1	16.8917
chr19	7554800	7555000	11	6.52653	1	(11,22)	3.90894	1	16.8913
chr19	1133200	1133400	5	6.34898	1	(5,15)	3.92414	1	16.8907
chr11	2826400	2826600	15	6.33974	1	(15,24)	4.06285	1	16.8906
chr1	43660400	43660600	11	6.62016	1	(11,18)	3.97439	1	16.8815
chr3	194132800	194133000	13	9.19575	1	(13,23)	6.40783	1	16.859
chr2	120867000	120867200	14	6.17836	1	(3,14)	3.61758	1	16.8357
chr3	142140800	142141000	20	3.74154	1	(19,20)	2.27494	1	16.8247
chr1	205529400	205529600	11	6.52611	1	(11,16)	3.9081	1	16.8163
chr6	33124600	33124800	20	6.74523	1	(11,20)	7.49816	1	16.8121
chr17	43304800	43305000	18	6.4876	1	(13,18)	3.89139	1	16.8031
chr4	78252600	78252800	20	3.96657	1	(14,20)	2.07494	1	16.7925
chr7	71474600	71474800	18	9.3161	1	(18,20)	6.19814	1	16.782
chr18	12553000	12553200	12	6.98745	1	(12,20)	7.99108	1	16.7673
chr14	48260400	48260600	1	3.4711	1	(1,14)	2.21644	1	16.7646
chr20	48657200	48657400	6	9.14441	1	(6,19)	13.459	1	16.7219
chr8	141682400	141682600	15	6.31027	1	(15,24)	4.06285	1	16.7191
chr16	51135200	51135400	11	3.80747	1	(11,23)	2.11644	1	16.6979
chr1	17619000	17619200	22	7.00458	1	(7,22)	4.17175	1	16.6902
chr4	87928000	87928200	4	9.18851	1	(4,7)	6.84409	1	16.6855
chr12	121575800	121576000	11	7.08548	1	(3,11)	9.04127	1	16.6759
chr4	24321600	24321800	19	3.66189	1	(3,19)	2.37494	1	16.6715
chr20	63942200	63942400	22	6.34541	1	(11,22)	3.84114	1	16.668
chrX	48803000	48803200	11	6.79783	1	(11,16)	7.9898	1	16.6657
chr1	243730200	243730400	21	3.93413	1	(10,21)	2.37494	1	16.6568
chr12	80778000	80778200	20	6.73295	1	(19,20)	4.54988	1	16.6536
chr21	8987800	8988000	20	3.83579	1	(3,24)	2.11644	1	16.6521
chr11	65471400	65471600	18	6.74304	1	(10,18)	7.89669	1	16.6378
chr19	56479200	56479400	22	5.81966	1	(4,22)	3.42845	1	16.6351
chr9	100142400	100142600	11	6.73773	1	(4,11)	7.51249	1	16.6284
chr9	34991600	34991800	1	3.77916	1	(1,9)	2.09421	1	16.6226
chr19	1827000	1827200	18	9.32003	1	(9,18)	6.72482	1	16.6191
chr11	65471800	65472000	10	6.56583	1	(10,14)	6.64323	1	16.6067
chr4	78253200	78253400	11	8.95684	1	(11,20)	5.60828	1	16.6046
chr20	17610800	17611000	13	3.67935	1	(12,13)	2.37494	1	16.6002
chr8	22275200	22275400	19	9.07356	1	(1,19)	13.2104	1	16.5988
chr5	2743600	2743800	24	7.01362	1	(3,24)	9.08277	1	16.5957
chr20	19975200	19975400	22	6.22205	1	(10,22)	4.49139	1	16.5916
chr12	112578200	112578400	18	6.86914	1	(18,24)	8.07598	1	16.5864
chr19	12765800	12766000	22	6.20329	1	(11,22)	4.04765	1	16.5649
chr16	67198400	67198600	11	6.6599	1	(11,16)	7.68036	1	16.5573
chr17	20998200	20998400	11	8.96079	1	(10,11)	6.04345	1	16.5533
chr6	43174600	43174800	22	6.36977	1	(9,22)	4.31065	1	16.5417
chr17	65572800	65573000	15	9.31305	1	(1,15)	12.7375	1	16.5353
chr14	77303200	77303400	18	9.77203	1	(7,18)	12.476	1	16.5329
chr13	99747000	99747200	1	6.80683	1	(1,15)	4.08695	1	16.5292
chr4	168878400	168878600	23	5.90564	1	(11,23)	4.46915	1	16.5245
chr18	3294800	3295000	20	6.7259	1	(11,20)	7.5885	1	16.5172
chr15	84603200	84603400	1	3.60339	1	(1,18)	1.87494	1	16.5168
chr19	12873600	12873800	23	3.51792	1	(7,23)	2.37494	1	16.5133
chr19	1083000	1083200	13	3.70905	1	(13,16)	2.05795	1	16.5052
