chr15	25291800	25341800	8
chr19	58739000	58789000	3
chr10	42355400	42405400	8
chr19	37004600	37054600	2
chr19	58676200	58726200	8
chr21	10773800	10823800	8
chr12	133616800	133666800	1
chr10	39104800	39154800	8
chr10	39103400	39153400	8
chr20	30262000	30312000	3
chr2	132994800	133044800	12
chr21	10795600	10845600	8
chr2	89830200	89880200	8
chr16	46385800	46435800	8
chr4	418600	468600	2
chr12	133676600	133726600	1
chr16	46398400	46448400	8
chr16	33934400	33984400	8
chr2	132984600	133034600	12
chr7	130563000	130613000	3
chr19	52495800	52545800	2
chr12	133607400	133657400	8
chr10	38769200	38819200	8
chr22	46457000	46507000	3
chr16	87855400	87905400	3
chr2	89838200	89888200	8
chr22	46448800	46498800	3
chr15	93424400	93474400	3
chr19	37194600	37244600	8
chr19	1231600	1281600	3
chr19	58041400	58091400	2
chr19	52594000	52644000	2
chr4	49104600	49154600	8
chr19	52779200	52829200	2
chr19	58474800	58524800	1
chr4	447600	497600	3
chr19	44955600	45005600	3
chr19	44955400	45005400	3
chr12	133484000	133534000	2
chr2	92274400	92324400	8
chr12	54364200	54414200	3
chr21	11096800	11146800	8
chr15	93444000	93494000	8
chr15	67354400	67404400	1
chr11	62296400	62346400	3
chr12	133757800	133807800	8
chr22	36720000	36770000	3
chr16	87849600	87899600	3
chr1	43388400	43438400	3
chr19	39137800	39187800	1
chr19	58662800	58712800	8
chr19	52597400	52647400	2
chr15	60643600	60693600	1
chr16	31883200	31933200	6
chr20	47856200	47906200	8
chr5	179672000	179722000	8
chr11	794800	844800	3
chr11	795000	845000	3
chr19	37929000	37979000	1
chr17	7117000	7167000	3
chr17	37023200	37073200	3
chr2	36668000	36718000	6
chr3	75716600	75766600	1
chr20	48721400	48771400	3
chr12	104679600	104729600	3
chr14	21687600	21737600	3
chr2	178076600	178126600	3
chr12	122213400	122263400	3
chr19	37109600	37159600	2
chr17	77739200	77789200	10
chr12	13031200	13081200	12
chr19	1219000	1269000	3
chr17	46643200	46693200	1
chr17	80183200	80233200	3
chr20	48719400	48769400	3
chr19	56145600	56195600	3
chr1	16464800	16514800	3
chr19	58109800	58159800	3
chr17	46641000	46691000	1
chr11	65621400	65671400	3
chr12	122206600	122256600	3
chr7	157374000	157424000	13
chr15	72489000	72539000	3
chr4	401200	451200	8
chr9	130283600	130333600	8
chr4	36200	86200	8
chr10	80872800	80922800	2
chr2	36579400	36629400	1
chr1	230201400	230251400	8
chr20	34282800	34332800	3
chr19	57043800	57093800	3
chr2	60748000	60798000	10
chr11	65173800	65223800	3
chr12	13023400	13073400	12
chr19	37614200	37664200	1
chr7	47574400	47624400	11
chr10	42379600	42429600	8
chr17	75377400	75427400	3
chr7	6697600	6747600	8
chr17	46654200	46704200	11
