chr12	114838200	114848200	24
chr11	114038600	114048600	9
chr6	1614800	1624800	10
chr6	41604400	41614400	24
chr6	1614600	1624600	10
chr4	96458400	96468400	24
chr11	114035400	114045400	9
chr11	114035800	114045800	9
chr4	96458200	96468200	24
chr12	114836400	114846400	3
chr15	89346400	89356400	19
chr11	125922800	125932800	24
chr11	125923400	125933400	24
chr2	237478400	237488400	19
chr15	89348200	89358200	19
chr11	125922600	125932600	24
chr15	89348600	89358600	19
chr11	130318600	130328600	23
chr7	96644800	96654800	4
chr4	96461000	96471000	24
chr18	71948400	71958400	18
chr8	25893200	25903200	13
chr11	113942000	113952000	24
chr12	4381000	4391000	24
chr6	41607000	41617000	24
chr11	113929200	113939200	24
chr17	41000000	41010000	11
chr11	113944600	113954600	24
chr11	114006400	114016400	23
chr2	56138800	56148800	4
chr11	113930200	113940200	24
chr12	4379200	4389200	9
chr5	127863600	127873600	20
chr11	114006200	114016200	23
chr18	71947000	71957000	22
chr12	4383600	4393600	24
chr12	91495400	91505400	18
chr11	1765200	1775200	1
chr2	237476000	237486000	19
chr21	28326400	28336400	25
chr4	185723800	185733800	11
chr12	72661800	72671800	19
chr8	99956000	99966000	9
chr7	80263600	80273600	9
chr14	72052400	72062400	2
chr9	125795600	125805600	22
chr4	185723000	185733000	11
chr7	95217000	95227000	11
chr6	155428200	155438200	22
chr6	41607800	41617800	23
chr4	185735600	185745600	22
chr11	114020600	114030600	24
chr3	170138200	170148200	22
chr7	64456000	64466000	20
chr12	4384800	4394800	24
chr20	48174000	48184000	15
chr13	41191600	41201600	16
chr5	3593600	3603600	1
chr4	185727200	185737200	5
chr15	81123800	81133800	12
chr12	53720600	53730600	22
chr11	120082800	120092800	17
chr15	68712400	68722400	7
chr12	53720800	53730800	22
chr10	119298400	119308400	24
chr5	83009000	83019000	4
chr20	48173600	48183600	15
chr9	125795000	125805000	22
chr6	35551000	35561000	12
chr5	72734000	72744000	23
chr4	189322600	189332600	4
chr1	224804600	224814600	23
chr12	54424000	54434000	23
chr2	119595800	119605800	24
chr6	35550600	35560600	5
chr1	224804400	224814400	23
chr15	68712000	68722000	7
chr11	114021400	114031400	24
chr5	3594200	3604200	1
chr5	140797000	140807000	4
chr12	52298400	52308400	9
chr1	224802800	224812800	23
chr12	54422600	54432600	23
chr7	64455400	64465400	20
chr15	68659400	68669400	12
chr15	68657200	68667200	9
chr14	72050400	72060400	13
chr2	56091200	56101200	10
chr15	37392600	37402600	18
chr21	28311200	28321200	3
chr21	28324600	28334600	25
chr8	32573400	32583400	19
chr3	123411000	123421000	22
chr1	224912200	224922200	18
chr20	48172000	48182000	18
chr15	68698600	68708600	18
chr12	52299000	52309000	9
chr15	39882200	39892200	18
chr11	114045600	114055600	23
chr6	160101800	160111800	9
