chr10	42355000	42405000	8
chr15	25291200	25341200	8
chr21	10774000	10824000	8
chr19	58739000	58789000	8
chr19	58676000	58726000	1
chr2	89830400	89880400	8
chr12	133655400	133705400	8
chr10	39104600	39154600	8
chr16	46385800	46435800	8
chr4	418400	468400	2
chr16	46393800	46443800	8
chr2	176938800	176988800	11
chr19	37004200	37054200	8
chr10	38769200	38819200	8
chr19	58471600	58521600	8
chr19	37201400	37251400	8
chr10	102468800	102518800	12
chr2	132995800	133045800	11
chr19	58040800	58090800	8
chr12	54319200	54369200	10
chr16	33932800	33982800	11
chr4	402400	452400	8
chr19	58666400	58716400	8
chr16	33935800	33985800	11
chr4	42600	92600	8
chr17	46675400	46725400	11
chr4	49104600	49154600	8
chr19	52358600	52408600	8
chr17	46786800	46836800	11
chr19	52495400	52545400	8
chr19	44955600	45005600	8
chr2	132990600	133040600	11
chr7	27195800	27245800	11
chr19	44954200	45004200	8
chr8	11532800	11582800	10
chr12	54369400	54419400	10
chr6	10380400	10430400	2
chr12	133757800	133807800	8
chr12	133723400	133773400	8
chr21	10824200	10874200	8
chr19	52790800	52840800	8
chr12	133574400	133624400	8
chr3	75753200	75803200	8
chr19	58607800	58657800	8
chr4	330200	380200	2
chr4	49113600	49163600	8
chr19	57047400	57097400	2
chr21	11097400	11147400	8
chr13	100601600	100651600	11
chr9	126755000	126805000	11
chr19	1236800	1286800	3
chr15	96863600	96913600	3
chr19	38022600	38072600	8
chr19	1237400	1287400	3
chr19	37213000	37263000	8
chr12	133484000	133534000	8
chr7	6697400	6747400	3
chr7	155228200	155278200	11
chr7	96611400	96661400	11
chr19	37614000	37664000	1
chr19	1733400	1783400	12
chr9	129368400	129418400	11
chr19	52350800	52400800	8
chr19	37349600	37399600	8
chr17	77769600	77819600	11
chr19	52584000	52634000	1
chr15	89905000	89955000	11
chr16	3326600	3376600	3
chr10	102873200	102923200	11
chr21	10827200	10877200	8
chr10	42379800	42429800	8
chr5	179670800	179720800	8
chr19	23518200	23568200	8
chr19	37108600	37158600	1
chr19	58448000	58498000	8
chr21	10747400	10797400	8
chr2	92272400	92322400	8
chr19	1243800	1293800	3
chr3	147092600	147142600	11
chr16	3419800	3469800	8
chr19	37875000	37925000	8
chr7	27246000	27296000	11
chr2	219717600	219767600	11
chr19	37899800	37949800	8
chr10	102966400	103016400	10
chr19	57054400	57104400	2
chr19	9633800	9683800	8
chr11	31814800	31864800	10
chr19	56910600	56960600	2
chr2	219821200	219871200	11
chr19	9445200	9495200	8
chr19	9444600	9494600	8
chr7	1258000	1308000	12
chr6	30410600	30460600	11
chr10	118885600	118935600	11
chr12	133479000	133529000	8
chr19	37282000	37332000	1
chr4	8854200	8904200	10
chr19	56903400	56953400	2
chr19	52401000	52451000	8
