chr15	89917200	89942200	18
chr15	89923400	89948400	18
chr15	89927000	89952000	18
chr7	157461800	157486800	6
chr7	157461200	157486200	6
chr17	48259800	48284800	11
chr17	48266000	48291000	11
chr7	157455400	157480400	6
chr1	156607200	156632200	12
chr17	55625600	55650600	6
chr14	70397000	70422000	12
chr3	14475800	14500800	12
chr12	6318400	6343400	12
chr16	1013200	1038200	9
chr15	89903600	89928600	22
chr15	93605400	93630400	1
chr17	47075400	47100400	12
chr11	31808800	31833800	9
chr13	100617200	100642200	4
chr19	13126400	13151400	4
chr19	13126600	13151600	4
chr9	124034200	124059200	3
chr8	143533000	143558000	10
chr2	105449200	105474200	4
chr11	31814800	31839800	9
chr19	13130400	13155400	4
chr13	100615400	100640400	4
chr1	205403800	205428800	4
chr2	171669000	171694000	7
chr1	156621800	156646800	12
chr14	29230800	29255800	4
chr8	28351400	28376400	10
chr20	62080800	62105800	11
chr20	62081000	62106000	11
chr2	105450600	105475600	4
chr22	46436400	46461400	4
chr10	126328600	126353600	11
chr17	33371600	33396600	4
chr17	55629000	55654000	6
chr12	109022400	109047400	10
chr19	13189400	13214400	6
chr10	126330400	126355400	11
chr7	5718600	5743600	9
chr1	156620200	156645200	12
chr2	240212400	240237400	3
chr22	46434800	46459800	15
chr8	143529800	143554800	10
chr3	181406600	181431600	14
chr11	75039400	75064400	12
chr10	81161200	81186200	7
chr11	125999600	126024600	15
chr2	206562800	206587800	6
chr16	57654200	57679200	4
chr2	145211800	145236800	8
chr1	204048600	204073600	3
chr20	47327400	47352400	6
chr1	156369000	156394000	10
chr3	181417200	181442200	15
chr10	119288800	119313800	4
chr3	14462000	14487000	7
chr3	66448400	66473400	10
chr8	28353600	28378600	3
chr19	13137000	13162000	4
chr19	13183200	13208200	4
chr18	53049400	53074400	12
chr13	100619600	100644600	4
chr8	56791000	56816000	9
chr7	5721400	5746400	9
chr3	66487800	66512800	13
chr17	55975200	56000200	3
chr9	97842600	97867600	11
chr15	86284200	86309200	12
chr6	112051000	112076000	9
chr14	70404600	70429600	12
chr14	99690400	99715400	3
chr3	112929400	112954400	11
chr12	109020800	109045800	5
chr10	126372000	126397000	10
chr7	20814600	20839600	3
chr16	85599600	85624600	4
chr5	92906000	92931000	5
chr10	21795400	21820400	4
chr18	53050200	53075200	12
chr9	14299800	14324800	14
chr10	105404800	105429800	11
chr9	97845200	97870200	10
chr20	25012200	25037200	9
chr2	105445600	105470600	4
chr14	99719400	99744400	15
chr15	68910600	68935600	9
chr17	55543600	55568600	9
chr11	62305400	62330400	17
chr2	60743800	60768800	3
chr10	126368600	126393600	10
chr19	13193600	13218600	6
chr17	55974600	55999600	3
chr18	53050400	53075400	12
chr20	39789600	39814600	9
chr15	89969600	89994600	18
chr1	61553200	61578200	12
