chr14	99225063	99275063	3
chr11	128470705	128520705	3
chr14	22489412	22552657	3
chr11	128460905	128510905	3
chr7	27143981	27193981	11
chr14	99204663	99254663	13
chr2	132238227	132288227	12
chr6	24897772	24947772	3
chr1	198637070	198687271	3
chr7	27125381	27175381	11
chr17	48577238	48627238	10
chr10	11166037	11216037	3
chr4	40197380	40247380	3
chr15	25050253	25100253	8
chr4	40799	94113	12
chr6	24905372	24955372	3
chr7	50307604	50369702	3
chr5	134093109	134143109	3
chr5	157180389	157230590	3
chr21	10688256	10738256	8
chr10	8025837	8075837	11
chr10	41837808	42104152	8
chr10	38485072	38581069	8
chr10	38811669	41693608	8
chr2	60508465	60558465	1
chr12	133079014	133129014	2
chr5	170253796	170303796	3
chr4	441411	491411	3
chr19	23337198	23387198	8
chr19	58227634	58277634	8
chr19	52271347	52321347	6
chr22	39924196	39974196	6
chr12	53970016	54020016	11
chr12	9650404	9700404	3
chr5	134113109	134163109	3
chr19	37412898	37462898	8
chr11	60970528	61020528	3
chr19	36513698	36563698	8
chr19	51960147	52010147	8
chr14	100064463	100114463	3
chr1	226688299	226738299	3
chr2	89787797	89844190	8
chr1	198651071	198701071	3
chr16	34130533	34180533	11
chr17	39753147	39803147	13
chr9	36989003	37039003	11
chr4	108126844	108176844	12
chr19	57678632	57728632	1
chr19	36856298	36906298	8
chr4	337811	387811	8
chr2	176091272	176141272	11
chr22	36328355	36378355	3
chr19	37563898	37614099	8
chr17	79770001	79820001	11
chr10	8036837	8086837	11
chr9	36987603	37037603	11
chr11	35138653	35188653	3
chr19	58167433	58217634	1
chr5	141326033	141376033	10
chr19	36611498	36661498	8
chr19	51855547	51905547	8
chr19	57963632	58013632	8
chr21	42401091	42451290	3
chr19	36796298	36846298	1
chr4	40182180	40232180	3
chr19	36712898	36762898	8
chr19	52364747	52414747	2
chr10	11146237	11196237	3
chr20	30395924	31243997	8
chr13	99952946	100002946	11
chr5	39169698	39219698	3
chr3	30611108	30661108	6
chr19	56374031	56424031	8
chr2	157402488	157452488	3
chr4	49102983	49152983	8
chr2	196128476	196178476	3
chr19	57529632	57579632	8
chr5	141382433	141432433	11
chr16	31872879	31922879	6
chr3	30643708	30693708	6
chr19	36717298	36767298	8
chr19	57746432	57796432	8
chr5	39167898	39217898	3
chr1	167469163	167519163	3
chr2	157404088	157454088	3
chr22	39933196	39983196	6
chr17	35473981	35523981	11
chr19	52542747	52592747	8
chr9	114348720	114398720	3
chr15	25023653	25073653	8
chr19	37081698	37131698	8
chr19	56534831	56585032	2
chr19	37531698	37581899	8
chr12	9633204	9683204	3
chr5	93564894	93614894	11
chr19	51851747	51901747	8
chr22	36340355	36390355	3
chr2	68735868	68785868	3
chr1	167466963	167516963	1
chr6	30444823	30494823	3
