chr21	10773800	10823800	12
chr10	39102800	39152800	14
chr12	54344800	54394800	14
chr2	89830200	89880200	14
chr7	27189200	27239200	14
chr9	117110800	117160800	8
chr10	42355000	42405000	14
chr10	38771800	38821800	12
chr2	176952000	177002000	14
chr5	169680600	169730600	8
chr15	25291200	25341200	12
chr19	58677400	58727400	1
chr17	46670000	46720000	14
chr10	11203200	11253200	1
chr12	54398000	54448000	14
chr12	133613400	133663400	1
chr11	128330400	128380400	8
chr5	92900400	92950400	14
chr7	50416400	50466400	8
chr13	100604800	100654800	15
chr16	46406200	46456200	14
chr12	133668400	133718400	3
chr19	37194800	37244800	12
chr21	11098000	11148000	12
chr4	415000	465000	12
chr22	36724000	36774000	8
chr21	10824000	10874000	12
chr22	36725400	36775400	8
chr17	46785200	46835200	14
chr19	52358600	52408600	1
chr19	52462200	52512200	1
chr4	49108600	49158600	14
chr10	73485000	73535000	1
chr5	87948800	87998800	14
chr6	10379200	10429200	2
chr17	75429800	75479800	1
chr3	75754000	75804000	12
chr10	11188000	11238000	1
chr19	42363200	42413200	1
chr14	100529400	100579400	1
chr11	67010200	67060200	2
chr5	131787000	131837000	8
chr1	198606600	198656600	1
chr19	37602600	37652600	12
chr11	35160000	35210000	1
chr15	31617000	31667000	2
chr14	91835600	91885600	2
chr6	30412200	30462200	14
chr19	58041000	58091000	1
chr4	174421000	174471000	14
chr1	198608600	198658600	1
chr4	330200	380200	1
chr1	206728400	206778400	1
chr1	206728000	206778000	1
chr19	38027000	38077000	12
chr16	33864400	33914400	12
chr11	35164800	35214800	3
chr19	58607800	58657800	1
chr19	44955200	45005200	1
chr6	24903000	24953000	1
chr10	8068400	8118400	14
chr2	177005000	177055000	14
chr3	52264400	52314400	1
chr2	175426400	175476400	1
chr19	37004400	37054400	1
chr17	77744000	77794000	15
chr22	36709600	36759600	8
chr6	28736400	28786400	15
chr11	67004200	67054200	8
chr15	93423600	93473600	2
chr10	73480000	73530000	8
chr19	37898200	37948200	12
chr4	10070800	10120800	1
chr14	22989200	23039200	8
chr19	1237000	1287000	14
chr15	96863800	96913800	14
chr2	196993400	197043400	2
chr7	138745200	138795200	1
chr17	75441400	75491400	1
chr4	10076000	10126000	1
chr2	68988800	69038800	3
chr6	24838200	24888200	8
chr11	31815400	31865400	14
chr5	150488400	150538400	1
chr19	37340000	37390000	1
chr19	41801600	41851600	1
chr1	198624600	198674600	1
chr17	36714600	36764600	4
chr5	131778000	131828000	8
chr16	33927000	33977000	14
chr19	58742000	58792000	1
chr2	172936600	172986600	14
chr19	58471800	58521800	1
chr10	102468800	102518800	14
chr5	150489800	150539800	1
chr10	11181200	11231200	1
chr1	227819200	227869200	12
chr19	23518200	23568200	12
chr12	7036200	7086200	2
chr2	158260600	158310600	8
