chr21	10688656	10738656	12
chr10	41839408	42105752	14
chr15	25046653	25096653	12
chr21	10365656	10415656	12
chr19	58168233	58218434	1
chr19	1230201	1280201	8
chr10	38811669	41693608	14
chr19	38678560	38728560	7
chr3	75704249	75754249	12
chr10	38485472	38581469	12
chr19	38647160	38697160	3
chr22	46066720	46116720	1
chr19	58227834	58277834	2
chr19	1224801	1274801	8
chr2	176066872	176116872	14
chr19	1243201	1293201	8
chr19	57963832	58013832	1
chr2	89787797	89844190	14
chr22	36321555	36371555	8
chr22	36323155	36373155	8
chr22	36291754	36341955	8
chr7	27142781	27192781	4
chr19	58093233	58143233	2
chr16	34119533	34169533	14
chr20	30399724	31247797	12
chr2	132238627	132288627	14
chr22	46042720	46092720	1
chr17	7213881	7263881	1
chr4	49106583	49156583	14
chr22	46042320	46092320	8
chr11	795400	845400	1
chr19	1211401	1261401	8
chr8	143910832	143960832	3
chr19	15235989	15285989	8
chr2	217894477	217944477	1
chr19	36706098	36756098	12
chr17	48592838	48642838	14
chr19	57529432	57579432	1
chr12	133036614	133086614	1
chr12	124352254	124402254	3
chr14	73712497	73762497	4
chr9	127521121	127571121	3
chr12	53950616	54000616	14
chr19	15240789	15290789	8
chr9	127519921	127569921	3
chr8	143927832	143977832	2
chr5	141383033	141433033	12
chr12	124347654	124397654	3
chr19	39365560	39415560	1
chr19	55634434	55684434	2
chr3	184298212	184348212	1
chr19	36617698	36667698	4
chr9	35703203	35753203	1
chr2	218244877	218294877	2
chr19	41261895	41311895	1
chr12	121790294	121840294	1
chr11	65613729	65663729	1
chr17	40306548	40356548	1
chr11	805400	855400	1
chr19	44447015	44501148	1
chr22	50260171	50310171	3
chr6	33271023	33321023	1
chr6	31619623	31669623	1
chr12	53030216	53080216	1
chr12	133089214	133139214	1
chr12	34357465	34407465	12
chr2	132248427	132298427	14
chr1	27554489	27604489	2
chr2	217874677	217924677	8
chr22	50259371	50309371	3
chr11	64222728	64272728	1
chr10	100709043	100759043	14
chr17	40091347	40141347	1
chr13	99952946	100002946	4
chr5	178940399	178990399	4
chr2	217809877	217859877	3
chr19	42206248	42256248	1
chr8	22560687	22610687	1
chr12	133181214	133231214	4
chr11	67240129	67290129	1
chr17	82227724	82277724	1
chr17	40062347	40112347	1
chr9	136435948	136485948	1
chr19	37112298	37162298	12
chr12	132907414	132957414	3
chr12	53025016	53075016	1
chr19	55643434	55693434	2
chr1	156456208	156506208	1
chr19	5585189	5635189	1
chr9	134325154	134375154	4
chr14	101991663	102041663	5
chr17	81842524	81892524	1
chr4	49118183	49168183	14
chr2	96256462	96306462	1
chr11	65380729	65430729	1
chr10	79137843	79187843	9
chr19	37533498	37583699	12
chr19	49829543	49879543	1
chr19	56518431	56568431	1
chr5	179792199	179842400	1
