chr17	43323632	43323832	9	9.65124	1	(9,14)	15.8329	1	19.1727
chr11	14340054	14340254	3	9.39057	1	(3,10)	13.8142	1	18.3463
chr17	47172034	47172234	8	4.90412	1	(8,15)	3.95824	1	18.0493
chr17	47135634	47135834	8	5.45341	1	(8,15)	3.95824	1	17.9792
chr17	43322832	43323032	14	8.4681	1	(8,14)	6.94858	1	17.9469
chr1	39559328	39559528	1	9.12252	1	(1,5)	7.44858	1	17.8823
chr11	94237834	94238034	3	4.76225	1	(3,14)	3.25025	1	17.8596
chr13	99965746	99965946	5	7.87194	1	(5,14)	6.9664	1	17.839
chr21	8987167	8987367	8	9.04652	1	(8,16)	6.38815	1	17.7434
chr7	50069804	50070004	8	8.83835	1	(8,12)	6.08408	1	17.6785
chr17	43323432	43323632	8	9.08759	1	(8,14)	13.9663	1	17.6757
chr3	184080012	184080212	14	4.59465	1	(10,14)	3.6249	1	17.5875
chr16	34147733	34147933	8	8.82129	1	(8,12)	6.13656	1	17.5789
chr16	19861678	19861878	3	8.96609	1	(3,8)	12.9653	1	17.5532
chr17	42669382	42669582	7	8.33718	1	(3,7)	6.29858	1	17.5268
chr4	121103845	121104045	12	7.58086	1	(3,12)	7.48564	1	17.5124
chrX	154399659	154399859	7	8.07392	1	(1,7)	6.56159	1	17.4724
chr13	57492466	57492666	3	5.06303	1	(3,12)	3.69407	1	17.452
chr1	202624872	202625072	8	4.91338	1	(6,8)	3.40458	1	17.4229
chr6	143800863	143801063	4	7.95835	1	(1,4)	6.0829	1	17.4199
chr2	231666289	231666489	9	8.27129	1	(3,9)	6.85108	1	17.3903
chr16	87777794	87777994	10	4.4516	1	(4,10)	3.38166	1	17.2702
chr7	1070764	1070964	8	9.45111	1	(8,13)	7.2498	1	17.2334
chr19	57191032	57191232	12	8.42936	1	(3,12)	7.22148	1	17.2174
chr6	27762621	27762821	1	8.93639	1	(1,16)	14.2647	1	17.1823
chr2	132268427	132268627	16	4.75912	1	(1,16)	3.95824	1	17.177
chr6	132816461	132816661	8	8.58859	1	(2,8)	6.17289	1	17.1726
chr13	52599665	52599865	14	7.5879	1	(1,14)	6.19898	1	17.1715
chr6	10589167	10589367	8	5.03674	1	(2,8)	3.6249	1	17.1023
chr11	8683853	8684053	8	8.95756	1	(3,8)	6.22719	1	17.0783
chr15	43328802	43329002	7	8.42095	1	(7,15)	7.48564	1	17.0723
chr6	27762421	27762621	16	7.98244	1	(1,16)	7.58314	1	17.0579
chr20	51221663	51221863	15	8.11465	1	(1,15)	7.15231	1	17.0502
chr1	62198928	62199128	8	8.24743	1	(3,8)	7.08314	1	17.0442
chr17	47171834	47172034	14	8.08333	1	(8,14)	6.94858	1	17.0427
chr20	32765994	32766194	8	8.42033	1	(4,8)	6.24309	1	17.0319
chr4	87926648	87926848	1	7.71554	1	(1,6)	6.26061	1	17.0316
chr2	119794224	119794424	12	4.64176	1	(9,12)	3.19407	1	17.0299
chr17	47138634	47138834	7	4.73907	1	(7,14)	3.79157	1	17.0269
chr2	119794424	119794624	9	7.69485	1	(9,12)	6.13773	1	17.0056
chr1	2195361	2195561	10	8.45886	1	(4,10)	6.49199	1	16.9976
chr1	228464899	228465099	16	4.64001	1	(3,16)	3.95824	1	16.9524
chr3	73110849	73111049	3	8.55451	1	(3,14)	13.5774	1	16.9482
chr8	127813754	127813954	8	8.81026	1	(8,10)	6.12095	1	16.9339
chr16	3097599	3097799	8	8.29779	1	(3,8)	6.41647	1	16.911
chr20	32766194	32766394	7	7.60564	1	(7,8)	6.10474	1	16.9004
chr17	58004639	58004839	8	8.11241	1	(8,17)	6.94858	1	16.8887
chr5	2747286	2747486	14	4.69385	1	(7,14)	3.36074	1	16.8512
chr17	43388632	43388832	3	11.8127	1	(3,14)	10.05	1	16.8377
chr2	231711090	231711290	8	12.449	1	(2,8)	8.7504	1	16.8242
chr20	37397797	37397997	5	4.49317	1	(5,9)	3.57125	1	16.8227
chr11	3382770	3382970	3	4.91029	1	(3,5)	3.52741	1	16.8184
chr9	127449121	127449321	8	8.11013	1	(1,8)	5.62269	1	16.781
chr5	2747486	2747686	7	8.21479	1	(7,14)	6.45073	1	16.7475
chr9	100142118	100142318	7	7.7299	1	(3,7)	7.91647	1	16.7415
chr11	94238434	94238634	14	4.30216	1	(7,14)	3.09658	1	16.7352
chr1	62197528	62197728	8	8.08386	1	(3,8)	6.41647	1	16.735
chr19	49497343	49497543	8	12.1301	1	(4,8)	9.20896	1	16.7345
chr7	5529169	5529369	8	12.296	1	(1,8)	8.85652	1	16.7243
chr12	6535834	6536034	8	12.296	1	(1,8)	8.85652	1	16.7243
chr13	55576265	55576465	1	4.57953	1	(1,7)	3.52741	1	16.7143
chr17	81704770	81704970	5	4.42123	1	(3,5)	3.52741	1	16.6502
chr19	50658743	50658943	1	7.58875	1	(1,12)	7.12399	1	16.6406
chr2	132275627	132275827	14	7.45071	1	(8,14)	6.68157	1	16.6236
chr5	147869237	147869437	8	8.56299	1	(3,8)	11.7717	1	16.6198
chr17	28746582	28746782	8	8.56299	1	(3,8)	11.7717	1	16.6198
chr15	84604369	84604569	8	8.56299	1	(3,8)	11.7717	1	16.6198
chr1	2277761	2277961	8	8.44588	1	(8,9)	5.93124	1	16.6146
chr19	48103343	48103543	12	7.57101	1	(9,12)	6.18069	1	16.6111
chr7	101018519	101018719	1	4.60372	1	(1,10)	3.69407	1	16.6103
chr17	80024401	80024601	8	8.56385	1	(4,8)	6.10941	1	16.5946
chr5	12662888	12663088	8	12.0588	1	(3,8)	9.06638	1	16.592
chr4	52713633	52713833	8	12.0588	1	(3,8)	9.06638	1	16.592
chr18	58864768	58864968	8	12.0588	1	(3,8)	9.06638	1	16.592
chr13	51175064	51175264	8	12.0588	1	(3,8)	9.06638	1	16.592
chr1	26413509	26413709	8	12.0588	1	(3,8)	9.06638	1	16.592
chr11	57640527	57640727	8	12.0588	1	(3,8)	9.06638	1	16.592
chr15	41561202	41561402	15	4.40819	1	(7,15)	3.08999	1	16.5894
chr7	101300719	101300919	8	5.17658	1	(2,8)	3.57125	1	16.5883
chr9	137277348	137277548	3	8.25745	1	(3,14)	5.78734	1	16.5615
chr19	615600	615800	5	4.7813	1	(5,14)	3.95824	1	16.5543
chr8	125433358	125433558	5	4.5998	1	(3,5)	3.52741	1	16.5438
chr21	23384879	23385079	1	8.16084	1	(1,12)	7.12399	1	16.527
chr19	1439601	1439801	8	12.184	1	(2,8)	8.6324	1	16.5002
chr17	48056838	48057038	8	12.0063	1	(7,8)	8.96148	1	16.4871
chr4	122831045	122831245	8	12.0027	1	(8,11)	8.95418	1	16.4798
chr17	39201547	39201747	7	7.4048	1	(5,7)	5.36001	1	16.4794
chr7	148659708	148659908	12	4.35545	1	(12,15)	3.16575	1	16.4735
chr7	92695886	92696086	14	4.90453	1	(3,14)	3.52741	1	16.4703
chr19	1252001	1252201	7	4.43567	1	(1,7)	3.52741	1	16.4621
chr1	26129509	26129709	4	7.63181	1	(4,12)	5.93808	1	16.4616
chr2	24825931	24826131	5	7.39304	1	(5,15)	6.83184	1	16.4323
chr7	131552241	131552441	8	8.49469	1	(3,8)	6.02345	1	16.4318
chr1	27009709	27009909	8	8.49469	1	(3,8)	6.02345	1	16.4318
chr1	212952858	212953058	8	8.49469	1	(3,8)	6.02345	1	16.4318
chr2	115427424	115427624	12	7.76798	1	(10,12)	6.39067	1	16.4177
chr19	3683602	3683802	10	7.94284	1	(3,10)	6.32856	1	16.4121
chr19	58204833	58205033	5	4.52396	1	(3,5)	3.95824	1	16.4107
chr17	49014638	49014838	8	7.99001	1	(3,8)	6.41647	1	16.3972
chr19	50332543	50332743	3	7.55187	1	(3,12)	6.26784	1	16.391
