chr19	7441114	7451114	12
chr12	2247434	2257434	14
chr7	158585508	158595508	14
chr12	132767214	132777214	7
chr17	43302851	43313646	14
chr15	77691258	77701258	14
chr17	43385232	43395232	14
chr14	67043083	67053083	12
chr19	57699632	57709632	4
chr9	137137948	137147948	14
chr3	198164729	198174729	14
chr17	47135234	47145234	14
chr19	8628550	8638746	13
chr5	141311633	141321633	12
chr2	91623974	91633974	16
chr17	21337888	21347888	16
chr1	44408728	44418728	3
chr17	43313646	43325632	14
chrX	112304772	112314772	12
chrX	115886867	115896867	3
chr17	77165718	77175718	12
chr17	79133518	79143518	15
chr19	58000432	58010432	4
chr19	58181833	58191833	12
chr4	189685046	189695046	12
chr6	31730423	31740423	4
chr1	202622472	202632472	14
chr9	116355921	116365921	11
chr5	141093216	141103616	12
chr22	18888887	18898887	14
chr1	203303472	203313472	2
chr1	44632928	44642928	7
chr14	100526463	100536463	7
chr5	141483033	141493033	14
chr20	49278063	49288063	8
chr12	53179016	53189016	3
chr6	170287512	170297512	15
chr19	57681432	57691432	4
chr13	57484866	57494866	12
chr6	35465823	35475823	7
chr19	41217695	41227695	14
chr19	53878746	53888746	14
chr18	13623401	13633401	9
chr4	8497673	8507673	11
chr5	173320397	173330397	14
chr15	20348347	20358347	16
chr4	189697846	189707846	12
chr3	147388813	147398813	2
chr11	8680453	8690453	3
chr3	184258612	184268612	2
chr12	124783854	124793854	7
chr3	49015567	49025567	3
chr2	120582424	120592424	15
chr12	38099398	38109398	12
chr3	51385769	51395769	7
chrX	62935730	62945730	12
chr19	57468432	57478432	12
chr14	68786883	68796883	1
chr18	47591229	47601229	2
chr19	54461420	54474053	3
chr13	99982546	99992546	14
chr3	157540211	157550211	2
chr19	51893947	51903947	12
chr14	31880594	31890594	15
chr5	175108597	175118597	14
chr19	49488943	49498943	8
chr20	44803159	44813159	2
chr6	33424223	33434223	2
chr1	16145305	16155305	15
chr12	49088017	49098017	14
chr11	61579128	61589128	15
chr7	150000311	150010311	7
chr1	244047098	244057098	8
chr17	79776401	79786401	2
chr19	46012942	46022942	2
chr20	63846247	63856247	15
chr8	43237657	43247657	14
chr22	39521195	39531195	8
chr18	12305801	12315801	14
chr19	52452747	52462747	12
chr5	135485910	135495910	15
chr6	30484023	30494023	2
chr11	69636032	69646032	14
chr17	76133519	76143519	15
chr7	155297490	155307490	2
chr19	43462848	43472848	3
chr20	37906598	37916598	15
chr7	100092977	100102977	7
chr5	93598494	93608494	10
chr12	133078814	133088814	4
chr14	18232923	18242923	12
chr19	15191789	15201789	16
chr6	166004712	166014712	14
chr9	124013121	124023121	14
chr19	14088188	14098188	2
chr11	65498929	65508929	8
chr9	129596321	129606321	3
chr11	66284929	66294929	3
chr7	47530602	47540602	2
chr1	147075452	147085853	15
