chr3	52018400	52039200	8
chr1	155156400	155177400	8
chr8	146005600	146027000	8
chr12	56543400	56565400	8
chr19	49982400	50003800	8
chr5	180658600	180679600	8
chr1	28824400	28847800	8
chr22	39701800	39724400	8
chr16	89618000	89639400	8
chr12	49513400	49534000	8
chr17	7467400	7489000	8
chr11	8695600	8716600	8
chr1	27321400	27343400	8
chr1	200367800	200388400	8
chr17	27063000	27084600	8
chr18	3446200	3467000	8
chr19	47651600	47672200	8
chr1	32789800	32810400	8
chr3	186492800	186513800	8
chr2	232566000	232587400	8
chr12	6635000	6656000	8
chrX	48886600	48907200	8
chr19	3973400	3994400	8
chr7	99687000	99707600	8
chr17	16333200	16354000	8
chr11	62610200	62632000	8
chr20	47891600	47914200	8
chr16	29809800	29830800	8
chr11	62423800	62444800	8
chr1	53781200	53801400	8
chr1	223186600	223207800	8
chr19	54695800	54717400	8
chr19	55888200	55909200	8
chr19	49990800	50011600	8
chr19	42355200	42377000	8
chr3	183884800	183905600	8
chr9	130200800	130222600	8
chr9	136206000	136226600	8
chr20	47886200	47910800	8
chr17	4838200	4860200	8
chr19	17961800	17982800	8
chr11	67342400	67363000	8
chr17	41141400	41162000	8
chr17	46123600	46144200	8
chr11	62640000	62661800	8
chr6	31692000	31712200	8
chr19	49108400	49131400	8
chr11	57397800	57419000	8
chr3	134072000	134092800	8
chr14	35862400	35883000	8
chr7	5557400	5578800	8
chr19	55907200	55928200	8
chr12	120626800	120647800	8
chr5	138601600	138622600	8
chr1	156632800	156653600	8
chr7	100476000	100496600	8
chr1	173823800	173845600	8
chr17	27038400	27059200	8
chr22	24227800	24248400	8
chr22	39908600	39929600	8
chr19	59047200	59068000	8
chr8	126435400	126457600	8
chr2	101610000	101631000	8
chr19	49366800	49387200	8
chr22	31728200	31749200	8
chr7	45014600	45035200	8
chr9	127612400	127633400	8
chr18	56522000	56544000	8
chr6	74216600	74237200	8
chr5	176552200	176572800	8
chr19	2261600	2282000	8
chr6	33740000	33760400	8
chr11	62314600	62335000	8
chr4	10106800	10127400	8
chr9	140126800	140147000	8
chr17	56072400	56093200	8
chr2	217354600	217375400	8
chr4	53569600	53590600	8
chr1	150537200	150559800	8
chr19	4399400	4420200	8
chr5	177622800	177643800	8
chr6	160174000	160194200	8
chr1	8922800	8945800	8
chr5	176888400	176909400	8
chr3	48722200	48743000	8
chr8	146003600	146024200	8
chr17	39836200	39857000	8
chr18	47007400	47027800	8
chr3	134073800	134094600	8
chr11	64521200	64542600	8
chr14	69246000	69267400	8
chr10	102098400	102120000	8
chr1	86037600	86059000	8
chr1	26790000	26810400	8
chr17	16334200	16356000	8
chr16	19860600	19881600	8
chr16	29811200	29831800	8
chr19	6733200	6754800	8
chr11	65826400	65846800	8
chr11	6622400	6642600	8
