chr7	27136181	27186181	2
chr17	48563438	48613438	15
chr22	46063920	46113920	3
chr22	36321555	36371555	8
chr22	46046120	46096120	8
chr22	36321155	36371155	8
chr2	132238427	132288427	14
chr12	53984816	54034816	15
chr15	96319771	96369771	3
chr2	176091472	176141472	14
chr19	38673960	38723960	8
chr19	38663760	38713760	8
chr19	12994786	13044786	8
chr19	1231201	1281201	8
chr16	34131733	34181733	14
chr8	11675891	11725891	15
chr2	132230827	132280827	14
chr4	173493849	173543849	14
chr19	1243401	1293401	8
chr16	86471394	86521394	1
chr2	217894877	217944877	8
chr10	41837608	42103952	14
chr19	13055386	13105386	1
chr4	35800	89112	14
chr2	132249027	132299027	14
chr9	95055318	95105318	3
chr9	95043718	95093718	3
chr1	156461408	156511408	8
chr5	141382633	141432633	12
chr2	217813277	217863277	3
chr3	147375013	147425013	15
chr13	99948946	99998946	15
chr15	31326397	31376397	3
chr17	2041106	2091106	4
chr22	36302954	36353155	8
chr17	40306348	40356348	8
chr20	31672197	31722197	3
chr1	207803655	207853655	8
chr20	31673597	31723597	3
chr2	217808477	217858477	3
chr2	91580143	91633774	15
chr10	124693231	124743231	8
chr3	50226168	50276369	4
chr8	143928032	143978032	8
chr5	93567094	93617094	14
chr11	114133678	114183678	8
chr12	124379254	124429254	3
chr17	2045706	2095706	4
chr2	92084374	92134374	14
chr17	79772001	79822001	14
chr11	114057278	114107278	8
chr16	679200	729200	8
chr11	64843528	64893528	8
chr1	207806255	207856255	8
chr16	86462994	86512994	15
chr12	124364654	124414654	3
chr15	25050053	25100053	12
chr19	1213401	1263401	8
chr2	176141672	176191672	14
chr14	73716297	73766297	8
chr19	1218001	1268001	8
chr19	58227634	58277634	4
chr6	10380167	10430167	15
chr19	1254001	1304001	8
chr17	40063947	40113947	8
chr11	818400	868400	14
chr1	27554689	27604689	8
chr8	11701091	11751091	15
chr19	57963832	58013832	2
chr12	6921837	6972038	8
chr5	139635615	139685615	4
chr9	121279322	121329322	8
chr4	10074576	10124576	8
chr19	1212201	1262201	8
chr11	801600	851600	14
chr4	189551846	189601846	16
chr21	10689656	10739656	12
chr4	10074176	10124176	8
chr21	10371256	10421256	12
chr17	2036306	2086306	4
chr5	141834635	141884635	14
chr2	219416078	219466078	3
chr18	22161439	22211837	8
chr9	121282722	121332722	8
chr2	89787797	89844190	14
chr11	64839928	64889928	8
chr17	38867547	38917547	8
chr12	133078414	133128414	4
chr21	10772256	12973679	12
chr1	156453208	156503208	8
chr10	79110643	79160643	8
chr15	89359769	89409769	14
chr8	143910032	143960032	8
chr15	96330971	96380971	14
chr11	114051278	114101278	8
chr10	79397244	79447244	4
chr12	114662795	114712795	8
chr5	88650782	88700983	15
chr14	99225263	99275263	15
chr19	3359802	3409802	3
