chr21	10773800	10823800	12
chr10	39104800	39154800	12
chr2	89830400	89880400	14
chr10	42355000	42405000	14
chr21	11098200	11148200	12
chr10	38770800	38820800	12
chr15	25291000	25341000	12
chr21	10824000	10874000	12
chr2	176931800	176981800	14
chr19	58677000	58727000	1
chr3	75753400	75803400	12
chr12	133613200	133663200	1
chr22	36717600	36767600	8
chr10	102467800	102517800	15
chr16	46403200	46453200	14
chr4	49108600	49158600	12
chr16	33927000	33977000	14
chr12	54319200	54369200	14
chr19	1237000	1287000	8
chr22	36691400	36741400	8
chr22	36725000	36775000	8
chr17	46675200	46725200	14
chr17	46785400	46835400	14
chr12	133673400	133723400	1
chr19	58741800	58791800	1
chr4	403200	453200	12
chr19	37196400	37246400	12
chr19	58608000	58658000	1
chr19	1243200	1293200	8
chr7	27203600	27253600	14
chr4	10070400	10120400	1
chr8	11533000	11583000	14
chr19	44955400	45005400	1
chr17	7117200	7167200	1
chr10	42790400	42840400	12
chr12	54369400	54419400	14
chr19	41767600	41817600	1
chr19	58471600	58521600	1
chr19	37602600	37652600	12
chr4	49120800	49170800	12
chr13	100601800	100651800	14
chr19	58040800	58090800	1
chr9	126756000	126806000	14
chr6	31587400	31637400	1
chr2	132996000	133046000	14
chr9	35700400	35750400	1
chr12	133757800	133807800	1
chr19	39137800	39187800	1
chr10	102874400	102924400	14
chr19	38023800	38073800	12
chr19	37004200	37054200	1
chr17	77769600	77819600	1
chr2	219821200	219871200	14
chr2	176982000	177032000	14
chr19	1733200	1783200	14
chr11	795400	845400	2
chr4	10078600	10128600	1
chr20	47857800	47907800	1
chr21	10842000	10892000	12
chr19	37875000	37925000	12
chr15	89905200	89955200	14
chr10	118885600	118935600	4
chr19	39857000	39907000	1
chr19	1220200	1270200	1
chr11	31815600	31865600	14
chr11	794400	844400	2
chr10	42795200	42845200	12
chr12	133484000	133534000	1
chr7	61742400	61792400	12
chr6	33242000	33292000	1
chr10	102965000	103015000	14
chr6	10379200	10429200	2
chr12	122228200	122278200	1
chr17	61871200	61921200	1
chr19	39164800	39214800	9
chr17	7460800	7510800	2
chr10	124877000	124927000	1
chr12	56509200	56559200	8
chr19	52358600	52408600	1
chr14	74178800	74228800	1
chr14	74179000	74229000	1
chr7	96612400	96662400	14
chr4	45000	95000	14
chr1	155900400	155950400	1
chr17	27006400	27056400	2
chr1	227818400	227868400	12
chr17	8018400	8068400	14
chr7	155227600	155277600	14
chr6	100031200	100081200	14
chr12	6668400	6718400	1
chr2	96922400	96972400	1
chr19	56145800	56195800	1
chr11	62320200	62370200	2
chr19	57048200	57098200	1
chr14	102459200	102509200	5
chr11	67007400	67057400	1
chr3	75715000	75765000	14
chr9	36996000	37046000	14
chr19	9447400	9497400	12
chr12	56990600	57040600	1
