chr7	61967200	61977200	14
chr1	121475600	121485600	14
chr2	232570400	232580400	8
chr1	91843200	91853200	14
chr2	91668400	91678400	14
chr7	5563600	5573600	8
chr12	6641200	6651200	8
chr12	56550800	56560800	8
chr8	43828800	43838800	14
chr12	20694600	20704600	14
chr12	127650200	127660200	14
chr19	3977000	3987000	8
chr10	102756200	102766200	3
chr9	37028000	37038000	14
chr9	66454600	66464600	14
chr6	119558200	119568200	14
chr22	39915200	39925200	1
chr6	58769400	58779400	14
chr17	33468400	33478400	14
chr1	121129200	121139200	14
chr18	18510800	18520800	14
chr10	98553800	98563800	14
chr1	28830600	28840600	1
chr19	49992600	50002600	8
chr8	67869600	67879600	14
chr2	90446800	90456800	14
chr2	133025000	133035000	14
chr8	146009400	146019400	1
chr9	68412400	68422400	14
chr21	9825400	9835400	14
chr6	108434800	108444800	14
chr2	238599800	238609800	2
chr8	146276400	146286400	2
chr8	57121800	57131800	2
chrX	152856000	152866000	2
chr8	124428000	124438000	2
chr5	54520600	54530600	14
chr5	71145000	71155000	14
chr22	50352800	50362800	8
chrX	136510600	136520600	14
chr4	113430000	113440000	14
chr6	150253800	150263800	14
chr2	73142400	73152400	14
chr10	43246000	43256000	14
chr15	60289000	60299000	14
chr1	148851000	148861000	14
chr9	79184800	79194800	14
chr1	145070400	145080400	14
chr14	88228000	88238000	14
chrX	129110000	129120000	2
chr22	50940800	50950800	2
chr1	222790600	222800600	2
chr6	167033400	167043400	2
chr16	834800	844800	2
chr17	41372400	41382400	14
chr8	70596600	70606600	14
chr7	1701600	1711600	14
chr19	1266600	1276600	1
chr20	37350400	37360400	14
chr17	47012800	47022800	1
chr19	27731800	27741800	14
chrX	61717600	61727600	14
chr20	13194800	13204800	14
chr16	33949600	33959600	14
chr3	157815200	157825200	14
chr12	73800	83800	2
chr19	1489400	1499400	2
chr6	100053000	100063000	14
chr12	49517800	49527800	1
chr10	22604800	22614800	14
chr17	4843000	4853000	1
chr17	7473800	7483800	1
chr16	29815000	29825000	1
chr14	100141400	100151400	2
chr11	62529400	62539400	1
chr13	28024000	28034000	14
chr6	170596400	170606400	14
chr19	2266600	2276600	1
chr3	52020200	52030200	1
chr17	79979800	79989800	2
chr17	79005200	79015200	2
chr19	46498000	46508000	2
chr20	4973000	4983000	2
chr10	64571800	64581800	14
chr1	197879400	197889400	14
chr21	11176800	11186800	14
chr16	46403200	46413200	14
chr11	122846800	122856800	14
chr6	100036200	100046200	14
chr8	28477000	28487000	2
chr14	90525400	90535400	14
chr19	18385200	18395200	1
chr17	48041000	48051000	14
chr14	100062600	100072600	2
chr8	1710600	1720600	2
chr15	80444400	80454400	2
chr9	108600	118600	14
chr19	13048400	13058400	1
chr19	7980600	7990600	2
chr6	37136000	37146000	2
