chr17	77765400	77806600	15
chr7	156777000	156817200	15
chr22	39899000	39939600	8
chr5	176542200	176582800	8
chr7	5547400	5589000	8
chr3	134064000	134105600	8
chr12	6625200	6665800	8
chr12	56533800	56575000	8
chr3	134056000	134099400	8
chr2	232556400	232597400	8
chr1	199989200	200029600	15
chr1	850600	891000	15
chr17	77752200	77792600	15
chr17	28544600	28584800	15
chr17	35271000	35311200	15
chr2	74705200	74746400	15
chr3	138636200	138676600	15
chr19	18040800	18081800	15
chr1	856400	896600	15
chr10	42514800	42555000	14
chr10	119284800	119325600	14
chr10	15741200	15781400	14
chr10	94811800	94852200	14
chr9	116896800	116937000	14
chr10	119284200	119324600	14
chr10	98541200	98581600	14
chr9	37016600	37057600	14
chr10	46950800	46991400	14
chr10	64555400	64595800	14
chr11	14975200	15015400	14
chr11	124689800	124730000	14
chr12	20684200	20724600	14
chr12	34352400	34392800	14
chr12	63524200	63564400	14
chr12	108217400	108258400	14
chr12	63524800	63565400	14
chr12	127630400	127671000	14
chr11	129224000	129264400	14
chr11	85175000	85215200	14
chr11	46391400	46431800	14
chr11	44311000	44351200	14
chr11	44307400	44347600	14
chr11	122834800	122875400	14
chr11	16614400	16654600	14
chr9	68392600	68434400	14
chr11	100978800	101019400	14
chr9	101686400	101726800	14
chr8	99936600	99977200	14
chr9	79166600	79207000	14
chr6	10395000	10435200	14
chr6	1291400	1332000	14
chr6	58756600	58799200	14
chr6	150265400	150306600	14
chr6	137222000	137262400	14
chr6	127420600	127461600	14
chr6	119538400	119578800	14
chr6	26482000	26522200	14
chr6	117567000	117607400	14
chr6	108466000	108507800	14
chr6	108418600	108459000	14
chr6	106938000	106978800	14
chr6	166057600	166098000	14
chr6	100042000	100082400	14
chr6	100031600	100071800	14
chr6	85464200	85504400	14
chr6	117566200	117606400	14
chr6	27260000	27300400	14
chr6	37483600	37524000	14
chr6	58753600	58794000	14
chrY	10005000	10045400	14
chr13	28013600	28054000	14
chr8	25883200	25923400	14
chr8	26704400	26744600	14
chr8	99932200	99974000	14
chr8	43811400	43851800	14
chr8	97151400	97192400	14
chr8	67854400	67894600	14
chr8	70582200	70622600	14
chr8	53832600	53873400	14
chr7	103066200	103106400	14
chr7	120949800	120990000	14
chr7	27255400	27295600	14
chr7	61948800	61989600	14
chr7	136535800	136576000	14
chr7	136534000	136574800	14
chr6	58754400	58794800	14
chr9	96693200	96733600	14
chr13	29048400	29088600	14
chr14	62260000	62300200	14
chr14	88217600	88258000	14
chr20	42523800	42564400	14
chr20	26169800	26210200	14
chr20	26168800	26209000	14
chr20	3200400	3240600	14
chr19	55572400	55612800	14
chr19	27711800	27752400	14
chr19	6567000	6607600	14
chr20	55184600	55225200	14
chr19	36046400	36086800	14
chr19	39968800	40009400	14
