chr19	23185600	23185800	1	8.70079	1	(1,21)	9.81805	1	13.8221
chr4	6059200	6059400	11	5.06128	1	(11,21)	5.00301	1	13.602
chr7	63505600	63505800	1	5.10081	1	(1,21)	5.39502	1	13.5744
chr19	38041600	38041800	22	6.7959	1	(20,22)	10.0584	1	13.4861
chr5	140798600	140798800	20	7.49875	1	(20,22)	9.6247	1	13.2728
chr5	140802400	140802600	20	6.33779	1	(20,23)	6.59897	1	13.1912
chr1	151880800	151881000	4	8.45546	1	(4,21)	6.29593	1	13.1846
chr19	39545400	39545600	11	8.33274	1	(11,21)	9.13204	1	13.1111
chr5	65099200	65099400	15	6.91663	1	(15,20)	7.93239	1	13.104
chr9	34371200	34371400	20	5.1233	1	(4,20)	4.33507	1	13.0961
chr17	31060000	31060200	13	4.89441	1	(13,21)	3.37739	1	13.093
chr5	140789400	140789600	23	7.38423	1	(20,23)	5.19333	1	13.0643
chr19	58445200	58445400	4	6.30665	1	(4,20)	5.52615	1	13.0637
chr19	58261400	58261600	4	6.52606	1	(4,20)	9.61968	1	12.9968
chr19	58128000	58128200	4	6.52606	1	(4,20)	9.61968	1	12.9968
chr19	57986600	57986800	4	6.52606	1	(4,20)	9.61968	1	12.9968
chr8	22008400	22008600	20	8.38369	1	(20,24)	8.7924	1	12.9949
chr19	50990200	50990400	20	8.38369	1	(20,24)	8.7924	1	12.9949
chr7	63505200	63505400	13	5.97549	1	(13,21)	6.63491	1	12.9819
chr5	140811200	140811400	22	7.04235	1	(20,22)	7.05251	1	12.9791
chr19	57051600	57051800	4	6.27816	1	(4,20)	7.55266	1	12.9692
chr19	58607000	58607200	20	6.10934	1	(4,20)	5.52615	1	12.9591
chr12	51180600	51180800	22	7.1649	1	(20,22)	4.54568	1	12.8896
chr13	48894200	48894400	20	5.86173	1	(4,20)	3.55411	1	12.875
chr19	58512000	58512200	4	7.37106	1	(4,20)	9.20348	1	12.8711
chr19	58195600	58195800	4	7.37106	1	(4,20)	9.20348	1	12.8711
chr16	957600	957800	20	4.54479	1	(13,20)	4.20969	1	12.8544
chr5	140798200	140798400	22	7.06121	1	(20,22)	7.05251	1	12.8249
chr19	58741600	58741800	20	7.28814	1	(4,20)	9.20348	1	12.8213
chr19	58216400	58216600	20	7.28814	1	(4,20)	9.20348	1	12.8213
chr16	3454200	3454400	20	7.28814	1	(4,20)	9.20348	1	12.8213
chr5	140772400	140772600	20	9.1109	1	(20,23)	7.07201	1	12.7337
chr22	31368000	31368200	4	5.34155	1	(4,6)	6.03409	1	12.7312
chr11	117612400	117612600	11	7.04792	1	(11,21)	7.7385	1	12.7239
chr18	13632600	13632800	11	4.62406	1	(11,21)	5.00301	1	12.7019
chr7	63505400	63505600	21	4.65035	1	(2,21)	5.04251	1	12.6994
chr2	60758400	60758600	3	4.57946	1	(3,5)	3.90044	1	12.6954
chr7	63387600	63387800	2	7.87973	1	(2,21)	9.20115	1	12.6926
chr7	63360000	63360200	2	7.87973	1	(2,21)	9.20115	1	12.6926
chr19	53088200	53088400	22	6.14541	1	(20,22)	5.78941	1	12.6908
chr16	3356600	3356800	4	8.16318	1	(4,20)	5.12677	1	12.6567
chr19	58516200	58516400	20	7.01676	1	(4,20)	6.73659	1	12.6398
chr1	60388600	60388800	20	7.10873	1	(18,20)	5.2909	1	12.6219
chr20	39828000	39828200	18	6.14726	1	(18,21)	5.36698	1	12.5865
chr5	34482400	34482600	18	7.53803	1	(18,21)	8.9488	1	12.5704
chr12	125248800	125249000	18	7.53803	1	(18,21)	8.9488	1	12.5704
chr3	10210400	10210600	21	3.82918	1	(10,21)	2.42826	1	12.5657
chr16	33953200	33953400	23	6.42064	1	(21,23)	7.60548	1	12.5653
chr5	140625800	140626000	22	7.2303	1	(20,22)	7.05251	1	12.5496
chr17	31059600	31059800	11	7.08767	1	(11,21)	5.00301	1	12.5467
chr7	6210000	6210200	11	5.92978	1	(4,11)	7.17373	1	12.5394
chr14	107251600	107251800	16	4.82876	1	(16,21)	4.78213	1	12.5221
chr12	110201200	110201400	11	5.39419	1	(11,21)	5.00301	1	12.5194
chr14	103454400	103454600	20	8.09076	1	(10,20)	8.20655	1	12.5114
chr7	63976200	63976400	4	5.79524	1	(4,21)	4.38922	1	12.5055
chr18	13632800	13633000	21	4.55321	1	(10,21)	3.75938	1	12.5038
chr16	85208200	85208400	23	8.02693	1	(10,23)	8.30909	1	12.4988
chr11	57413600	57413800	23	8.02693	1	(10,23)	8.30909	1	12.4988
chr13	113712200	113712400	18	8.38576	1	(18,21)	7.7403	1	12.4682
chr19	47959400	47959600	20	6.33267	1	(20,24)	8.34243	1	12.4525
chr19	58217400	58217600	4	8.08516	1	(4,20)	7.96314	1	12.4492
chr19	52405600	52405800	4	8.08516	1	(4,20)	7.96314	1	12.4492
chr19	45002600	45002800	4	8.08516	1	(4,20)	7.96314	1	12.4492
chr16	3454000	3454200	4	8.08516	1	(4,20)	7.96314	1	12.4492
chr12	133658600	133658800	4	8.08516	1	(4,20)	7.96314	1	12.4492
chr11	35686400	35686600	4	8.08516	1	(4,20)	7.96314	1	12.4492
chr8	145164200	145164400	11	6.07446	1	(11,23)	5.68397	1	12.4419
chr22	20780600	20780800	11	6.95195	1	(11,23)	6.92597	1	12.441
chr19	58146200	58146400	4	6.14776	1	(4,6)	5.62592	1	12.4368
chr14	20268600	20268800	23	4.81242	1	(21,23)	4.36676	1	12.433
chr5	140731200	140731400	23	7.23761	1	(21,23)	9.26686	1	12.429
chr7	63506800	63507000	21	4.50964	1	(13,21)	3.83355	1	12.403
chr8	22007400	22007600	20	7.03599	1	(20,24)	7.44739	1	12.3965
chr4	160172400	160172600	11	4.45355	1	(11,18)	3.07058	1	12.3945
chr16	33963200	33963400	23	6.44898	1	(21,23)	9.6857	1	12.3856
chr8	47829800	47830000	2	4.48583	1	(2,21)	5.04251	1	12.3779
chr6	13288000	13288200	20	6.24145	1	(11,20)	9.16102	1	12.3778
chr19	58786800	58787000	20	6.24145	1	(11,20)	9.16102	1	12.3778
chr19	58786000	58786200	20	6.24145	1	(11,20)	9.16102	1	12.3778
chr12	13126800	13127000	20	6.24145	1	(11,20)	9.16102	1	12.3778
chr16	3357200	3357400	20	6.19426	1	(4,20)	5.52615	1	12.3521
chr22	20783200	20783400	4	4.65147	1	(4,11)	4.10771	1	12.3514
chr19	58128400	58128600	20	7.96906	1	(4,20)	7.96314	1	12.3497
chr12	133759400	133759600	20	7.96906	1	(4,20)	7.96314	1	12.3497
chr6	161637200	161637400	20	4.44708	1	(10,20)	4.47416	1	12.3354
chr16	935400	935600	11	7.85944	1	(11,21)	5.90604	1	12.3294
chr11	111427000	111427200	11	7.85944	1	(11,21)	5.90604	1	12.3294
chr15	31776400	31776600	23	4.0117	1	(7,23)	3.81665	1	12.3256
chr2	27531400	27531600	11	7.85876	1	(11,23)	8.18408	1	12.3168
chr1	27686400	27686600	11	7.85876	1	(11,23)	8.18408	1	12.3168
chr11	117612200	117612400	21	4.55143	1	(11,21)	5.00301	1	12.3135
chr6	152543200	152543400	20	7.06798	1	(11,20)	8.76317	1	12.2848
chr22	25873600	25873800	20	7.06798	1	(11,20)	8.76317	1	12.2848
chr11	63347600	63347800	20	7.06798	1	(11,20)	8.76317	1	12.2848
chr5	178488800	178489000	20	6.19085	1	(12,20)	5.50572	1	12.2736
chr19	30181600	30181800	21	3.72998	1	(11,21)	3.66925	1	12.2708
chr7	36977600	36977800	20	6.79379	1	(20,22)	4.54568	1	12.2645
chr1	247134600	247134800	16	6.97636	1	(16,21)	7.40718	1	12.2521
chr4	38804400	38804600	4	4.76	1	(4,21)	3.45414	1	12.2517
chr19	44951400	44951600	22	6.17501	1	(20,22)	5.78941	1	12.2377
