chr15	25046453	25096453	20
chr19	58229434	58279434	20
chr12	133078814	133128814	20
chr19	58169633	58219834	20
chr19	57964232	58014232	20
chr4	424811	474811	20
chr19	57529632	57579632	20
chr19	36513498	36563498	20
chr19	56533231	56583432	20
chr19	58093633	58143633	20
chr19	36710498	36760498	20
chr19	56540831	56591032	20
chr19	36795298	36845298	20
chr19	51992947	52042947	20
chr22	46050720	46100720	22
chr12	133034614	133084614	20
chr19	23344598	23394598	20
chr19	58154833	58204833	20
chr19	38647160	38697160	1
chr22	36323755	36373755	9
chr4	409411	459411	20
chr19	38656960	38706960	9
chr12	133181214	133231214	20
chr19	36618298	36668298	1
chr19	52086947	52136947	1
chr19	52364947	52414947	20
chr8	143909832	143959832	9
chr7	130875841	130925841	9
chr5	180243800	180293800	20
chr4	40599	93913	20
chr12	120216197	120266197	22
chr11	35138253	35188253	9
chr19	52283547	52333547	1
chr12	53980216	54030216	1
chr22	36302954	36353155	9
chr19	1230401	1280401	1
chr19	36723698	36773698	20
chr4	336011	386011	20
chr9	127520921	127570921	1
chr17	77406918	77456918	9
chr14	73739697	73789697	9
chr19	57940432	57990432	20
chr11	128476105	128526105	1
chr11	62525928	62575928	1
chr12	108809624	108859624	1
chr12	132907214	132957214	20
chr11	128474905	128524905	1
chr17	77363718	77413718	3
chr14	68930883	68980883	1
chr19	15248789	15298789	9
chr19	15249389	15299389	9
chr16	3274600	3324600	20
chr11	62528128	62578128	1
chr19	51855347	51905347	20
chr19	36604698	36654698	20
chr15	92900170	92950170	20
chr7	27151781	27201781	3
chr17	40306548	40356548	9
chr20	47311856	47361856	9
chr12	53987416	54037416	1
chr10	38809669	38859669	21
chr21	10651656	10701656	21
chr15	25169453	25219453	21
chr10	38483472	38579469	21
chr12	34311265	34361265	21
chr19	37123298	37173298	22
chr8	46173178	46223178	21
chr15	60350801	60400801	1
chr17	17680886	17730886	1
chr15	67079262	67129262	9
chr10	80453844	80503844	22
chr20	31674397	31724397	3
chr11	33687854	33737854	1
chr17	17683086	17733086	1
chr12	110279995	110329995	1
chr10	125112831	125162831	1
chr4	189563246	189613246	21
chr22	20506913	20556913	3
chr5	150484837	150535038	3
chr5	14142091	14192091	4
chr1	157991810	158041810	3
chr19	56373631	56423631	4
chr17	7213881	7263881	1
chr19	12994586	13044586	1
chr15	96320771	96370771	1
chr17	38867347	38917347	1
chr12	53950416	54000416	1
chr1	27554889	27604889	1
chr15	67104062	67154062	9
chr9	134325754	134375754	22
chr19	51853147	51903147	20
chr15	60346601	60396601	9
chr14	21220441	21270441	1
chr12	124478854	124528854	9
chr9	131393013	131443013	1
chr1	2226761	2276761	1
chr19	55634234	55684234	1
chr12	124477654	124527654	9
chr11	12673453	12723453	1
chr19	42206648	42256648	1
