chr15	25067653	25092653	20
chr19	58241834	58266834	20
chr19	58187033	58212234	20
chr19	57975832	58000832	20
chr12	133082214	133107214	20
chr19	36537898	36562898	20
chr19	57530232	57555232	20
chr19	44473783	44501348	20
chr12	133036614	133061614	4
chr12	133133214	133158214	20
chr19	58118633	58143633	20
chr12	132991214	133016214	20
chr5	180244600	180269600	20
chr19	36812498	36837498	20
chr19	36705898	36730898	20
chr19	52305147	52330147	20
chr16	68548897	68573897	20
chr12	133181214	133206214	20
chr7	6682569	6707569	20
chr19	36738098	36763098	20
chr4	430611	455611	20
chr19	52015747	52040747	20
chr19	23344598	23369598	20
chr12	132928614	132953614	20
chr19	51961947	51986947	4
chr19	9560124	9585124	4
chr19	58114033	58139033	20
chr7	6673169	6698169	20
chr19	56403031	56428031	20
chr16	68553097	68578097	20
chr19	36634498	36659498	20
chr19	52107747	52132747	20
chr19	43832848	43857848	20
chr19	52058347	52083347	20
chr19	56553231	56578432	20
chr19	38647160	38672160	22
chr19	9327724	9352724	20
chr16	3299600	3324600	20
chr19	8802324	8827324	20
chr16	3387000	3412000	1
chr12	133068014	133093014	20
chr8	144826215	144851215	20
chr5	178865399	178890399	20
chr19	58169433	58194433	20
chr11	118905891	118930891	9
chr19	36883698	36908698	20
chr19	56554631	56579832	20
chr19	37227498	37252498	20
chr19	36624698	36649698	20
chr19	36732698	36757698	20
chr3	44711908	44736908	20
chr19	9514324	9539324	20
chr9	96753918	96778918	1
chr19	52312547	52337547	20
chr3	44714508	44739508	20
chr19	7068789	7093789	4
chr4	69708	96914	20
chr19	37145098	37170098	20
chr19	52361747	52386747	20
chr4	349411	374411	20
chr19	37409698	37434698	20
chr19	37562098	37587299	20
chr19	20536594	20561594	20
chr19	53227747	53252747	20
chr8	143930232	143955232	1
chr19	9334324	9359324	20
chr18	48928430	48953430	22
chr12	121792694	121817694	9
chr4	418211	443211	20
chr5	178702999	178727999	20
chr19	37135298	37160298	20
chr19	9372524	9397524	20
chr11	65484929	65509929	9
chr19	38663560	38688560	9
chr22	36350555	36375555	9
chr22	46066320	46091320	22
chr4	134257	161810	20
chr12	133191614	133216614	20
chr11	65415929	65440929	9
chr22	36313555	36338555	9
chr1	156113409	156138409	9
chr19	53226147	53251147	20
chr16	75241702	75266702	1
chr19	1251201	1276201	1
chr19	20533394	20558394	20
chr10	119040888	119065888	6
chr19	57567232	57592232	20
chr15	96321371	96346371	1
chr8	143919832	143944832	9
chr19	52101747	52126747	20
chr22	29266411	29291411	3
chr22	36311355	36336355	9
chr19	51872747	51897747	20
chr5	139647215	139672215	1
chr5	179065199	179090199	20
chr19	43839048	43864048	20
chr5	179064999	179089999	20
chr3	185913612	185938612	1
chr15	96322371	96347371	1
chr22	36324555	36349555	9
