chr5	170285396	170295396	7
chr17	39772147	39782147	15
chr17	39769747	39779747	16
chr16	85900794	85910794	8
chr11	67270529	67280529	8
chr12	6326634	6336634	8
chr22	37232160	37242160	8
chr12	6952237	6962237	8
chr9	114366120	114376120	8
chr1	30743953	30753953	8
chr12	6331034	6341034	8
chr9	37002603	37012603	8
chr17	39859347	39869347	1
chr15	81296659	81306659	8
chr2	233078690	233088690	8
chr3	27712309	27722309	14
chr10	11168237	11178237	8
chr7	5417369	5427369	16
chr12	92136424	92146424	2
chr9	36984803	36994803	15
chr15	74791259	74801259	10
chr12	14948466	14958466	8
chr7	5417769	5427769	16
chr2	60544065	60554065	8
chr11	65497329	65507329	8
chr2	60543865	60553865	8
chr17	39776747	39786747	16
chr11	73973155	73983155	8
chr1	27883089	27893089	8
chr9	37022403	37032403	8
chr6	390400	400400	14
chr1	234602054	234612054	10
chr14	92657455	92667455	8
chr14	105854895	105865390	3
chr1	155965209	155975209	8
chr7	2519366	2529366	2
chr1	234603054	234613054	10
chr9	114376320	114386320	8
chr9	37024803	37034803	8
chr6	159035568	159045568	8
chr2	66432068	66442068	15
chr11	67280729	67290729	8
chr4	47404	58107	4
chr2	132265627	132275627	14
chr14	105889142	105899142	1
chr9	36987203	36997203	14
chr3	128483357	128493357	15
chr1	169698859	169708859	8
chr9	37028003	37038003	8
chr22	36328755	36338755	8
chr7	27153981	27163981	14
chr22	39956996	39966996	7
chr22	39956596	39966596	7
chr2	196157676	196167676	10
chr2	144510633	144520633	8
chr15	44711002	44721002	8
chr19	1068201	1078201	8
chr19	1068001	1078001	8
chr2	132266827	132276827	15
chr2	144510833	144520833	8
chr7	27141981	27151981	2
chr22	41918596	41928596	16
chr11	65495729	65505729	8
chr1	150570124	150580124	8
chr22	41918796	41928796	16
chr2	60539665	60549665	8
chr3	50238368	50248368	8
chr17	81392200	81402200	2
chr22	37300359	37310359	8
chr7	27164381	27174381	15
chr19	10286724	10296724	14
chr17	4938305	4948305	8
chr19	16145590	16155590	8
chr18	15410201	20940439	14
chr14	105852868	105863790	3
chr2	12715674	12725674	14
chr10	99526843	99536843	15
chr20	49275263	49285263	8
chr2	85319077	85329077	8
chr1	30749553	30759553	8
chr12	92139824	92149824	8
chr9	36992603	37002603	14
chr12	93569224	93579224	16
chr7	142784790	142805316	8
chr5	132483308	132493308	8
chr17	8117282	8127282	2
chr3	128480357	128490357	15
chr2	68382668	68392668	8
chr11	67398329	67408329	8
chr17	63694040	63704040	2
chr8	133054755	133064755	8
chr16	85910994	85920994	8
chr12	53379616	53389616	10
chr19	40797895	40807895	8
chr10	71760443	71770443	1
chr19	16111390	16121390	8
chr1	167630563	167640563	8
chr15	74783659	74793659	8
chr19	10510324	10520324	15
chr2	172094272	172104272	14
