chr7	131193600	131243600	8
chr3	32870400	32920400	8
chr3	32875400	32925400	8
chr16	73057200	73107200	15
chr3	147085400	147135400	15
chr3	147093000	147143000	15
chr6	10380400	10430400	15
chr10	126801600	126851600	8
chr13	100601800	100651800	3
chr15	96864000	96914000	15
chr8	30241200	30291200	8
chr20	31348800	31398800	8
chr8	38282200	38332200	8
chr2	64066800	64116800	8
chr12	115100400	115150400	15
chr15	96869400	96919400	15
chr20	45938800	45988800	8
chr17	77762200	77812200	15
chr17	46618400	46668400	15
chr5	92904800	92954800	15
chr15	89910400	89960400	15
chr10	21782800	21832800	3
chr7	27130200	27180200	15
chr8	72580400	72630400	8
chr17	17583600	17633600	9
chr8	38269600	38319600	8
chr7	27180400	27230400	14
chr1	43388400	43438400	8
chr20	22529000	22579000	15
chr10	118885600	118935600	15
chr20	31344200	31394200	8
chr2	176956000	177006000	14
chr8	11533000	11583000	15
chr17	46668600	46718600	14
chr3	184275200	184325200	4
chr1	18938400	18988400	15
chr17	47067600	47117600	8
chr1	18941600	18991600	15
chr10	102467200	102517200	15
chr2	219717800	219767800	15
chr12	54405600	54455600	14
chr7	27237000	27287000	15
chr10	21785600	21835600	3
chr10	77150400	77200400	15
chr7	96611800	96661800	15
chr2	177008000	177058000	15
chr17	47070000	47120000	8
chr8	72583600	72633600	8
chr4	174411600	174461600	15
chr19	1236200	1286200	8
chr22	22669600	22719600	8
chr20	45932600	45982600	8
chr8	128803200	128853200	8
chr1	18934800	18984800	15
chr2	223141200	223191200	15
chr5	87952200	88002200	15
chr2	45150600	45200600	9
chr19	13122400	13172400	15
chr6	50773400	50823400	15
chr9	126755800	126805800	15
chr1	40131400	40181400	15
chr11	124583600	124633600	15
chr6	28733000	28783000	15
chr1	46911600	46961600	15
chr16	56661200	56711200	15
chr5	115863400	115913400	8
chr2	223131000	223181000	15
chr17	46789600	46839600	15
chr12	48382200	48432200	15
chr14	57266600	57316600	3
chr16	30661600	30711600	15
chr7	155235000	155285000	15
chr6	15239400	15289400	4
chr9	131141400	131191400	15
chr17	36717000	36767000	9
chr1	47878200	47928200	15
chr4	8854800	8904800	14
chr1	23677800	23727800	15
chr9	129366000	129416000	15
chrX	39921600	39971600	4
chrX	70316800	70366800	4
chr3	181410600	181460600	3
chr5	42996000	43046000	15
chr20	22539400	22589400	15
chr2	119570000	119620000	15
chr9	21961200	22011200	14
chr13	28516200	28566200	15
chr19	55851800	55901800	8
chr2	37416600	37466600	8
chr8	21880800	21930800	15
chr19	1246000	1296000	8
chr13	28356000	28406000	9
chr3	181404200	181454200	3
chr22	22731800	22781800	16
chr1	149121600	149171600	14
chr19	39136400	39186400	8
chr12	114828000	114878000	15
chr2	45157000	45207000	9
chr1	156598200	156648200	8
chr6	144265200	144315200	14
