chr21	10774400	10824400	8
chr10	42355000	42405000	8
chr2	89830400	89880400	8
chr10	39105000	39155000	8
chr16	46385800	46435800	8
chr19	58679000	58729000	1
chr10	39094200	39144200	8
chr16	46400600	46450600	8
chr2	89836600	89886600	8
chr21	10815000	10865000	8
chr15	25291000	25341000	8
chr16	33934800	33984800	11
chr10	38772000	38822000	8
chr12	133614000	133664000	2
chr2	132994800	133044800	11
chr21	11097400	11147400	9
chr19	58738800	58788800	3
chr22	36719600	36769600	3
chr12	133611000	133661000	8
chr4	49108600	49158600	8
chr4	49109400	49159400	8
chr2	132987800	133037800	11
chr4	418400	468400	3
chr19	37003600	37053600	8
chr4	415600	465600	8
chr19	58041000	58091000	8
chr19	37006200	37056200	8
chr19	58668000	58718000	1
chr3	75745000	75795000	8
chr12	133673200	133723200	8
chr19	52495000	52545000	2
chr20	30262000	30312000	3
chr4	41000	91000	8
chr7	130557800	130607800	3
chr15	60642400	60692400	3
chr21	10746200	10796200	8
chr10	38763200	38813200	8
chr20	47858000	47908000	3
chr12	133756800	133806800	8
chr19	58475200	58525200	8
chr19	37028600	37078600	8
chr15	93424600	93474600	3
chr22	46460000	46510000	3
chr22	36693600	36743600	3
chr4	431000	481000	3
chr19	39137800	39187800	1
chr2	176937800	176987800	11
chr4	190489200	190539200	9
chr17	46675200	46725200	11
chr22	46448600	46498600	3
chr19	37197000	37247000	8
chr19	1236600	1286600	3
chr19	1237000	1287000	3
chr12	54365600	54415600	11
chr19	52549600	52599600	2
chr2	92269000	92319000	8
chr19	57045200	57095200	1
chr7	6698400	6748400	8
chr19	1231800	1281800	3
chr4	190555000	190605000	9
chr19	52585600	52635600	2
chr16	33860200	33910200	8
chr19	58771200	58821200	8
chr4	10070000	10120000	3
chr15	67356200	67406200	3
chr7	6705200	6755200	8
chr15	72488800	72538800	3
chr19	44955600	45005600	8
chr5	179670600	179720600	8
chr19	44956000	45006000	8
chr8	11533200	11583200	10
chr4	10073800	10123800	3
chr19	52779400	52829400	8
chr19	58058200	58108200	8
chr22	46439200	46489200	3
chr11	62294800	62344800	3
chr17	7117200	7167200	3
chr5	179669600	179719600	8
chr20	34282400	34332400	3
chr11	65173200	65223200	3
chr19	58466000	58516000	8
chr12	133484000	133534000	8
chr11	65174000	65224000	3
chr4	190614600	190664600	8
chr19	52358600	52408600	1
chr19	52777800	52827800	8
chr17	46785200	46835200	12
chr17	37023600	37073600	3
chr11	65164600	65214600	3
chr9	68390000	68440000	11
chr6	30401400	30451400	10
chr1	155899000	155949000	3
chr10	102468800	102518800	11
chr17	62486200	62536200	3
chr14	74178600	74228600	6
chr2	92263400	92313400	8
chr9	36996000	37046000	11
chr11	795400	845400	3
chr11	62303600	62353600	3
chr20	29589000	29639000	8
