chr8	84732200	84782200	2
chr8	84731800	84781800	2
chr7	70320800	70370800	7
chr13	78162200	78212200	3
chr11	3144200	3194200	12
chr9	91348800	91398800	5
chr7	70329200	70379200	7
chr7	79501200	79551200	6
chr7	79499800	79549800	6
chr12	107957400	108007400	2
chr3	88194800	88244800	6
chr3	88197000	88247000	6
chr15	85641600	85691600	3
chr14	122446400	122496400	3
chr11	98311600	98361600	6
chr18	37722200	37772200	6
chr18	69563000	69613000	6
chr18	69566600	69616600	6
chr8	120490800	120540800	6
chr4	120239400	120289400	6
chr15	85648400	85698400	3
chr4	82491000	82541000	6
chr6	6835600	6885600	6
chr10	80131200	80181200	13
chr11	24072800	24122800	6
chr2	116033800	116083800	6
chr8	120509000	120559000	6
chr11	24071400	24121400	6
chr9	61356800	61406800	6
chr9	61362600	61412600	6
chr12	107944800	107994800	6
chr8	84776200	84826200	6
chr10	80127000	80177000	13
chr6	23236000	23286000	1
chr2	30676400	30726400	6
chr7	70338000	70388000	6
chr11	77924400	77974400	6
chr2	105648400	105698400	9
chr11	98285600	98335600	3
chr11	77928400	77978400	6
chr18	69553400	69603400	6
chr5	125130400	125180400	12
chr10	80142600	80192600	6
chr14	122437600	122487600	3
chr2	71509200	71559200	9
chr12	117148200	117198200	4
chr2	105645600	105695600	9
chr14	55049600	55099600	6
chr4	107800200	107850200	6
chr19	55877200	55927200	6
chr5	111412600	111462600	6
chr11	120223400	120273400	6
chr3	34630200	34680200	9
chr2	30673000	30723000	6
chr1	42672200	42722200	6
chr8	108688400	108738400	7
chr12	117149800	117199800	3
chr18	37804800	37854800	9
chr8	84677800	84727800	9
chr2	38331000	38381000	2
chr2	18023400	18073400	6
chr11	77919400	77969400	6
chr2	26458600	26508600	9
chr7	137224200	137274200	5
chr4	82462800	82512800	6
chr18	69588000	69638000	6
chr4	82478000	82528000	6
chr18	37807200	37857200	6
chr18	37800400	37850400	6
chr2	30670000	30720000	6
chr8	108683000	108733000	7
chr13	63524200	63574200	3
chr12	56495200	56545200	3
chr2	116016000	116066000	2
chr4	148854200	148904200	1
chr15	82915400	82965400	12
chr11	98737600	98787600	6
chr11	98922400	98972400	6
chr3	88180000	88230000	6
chr9	91331200	91381200	6
chr11	97530000	97580000	6
chr1	168380800	168430800	4
chr2	165838400	165888400	12
chr14	55068600	55118600	6
chr2	38335800	38385800	2
chr17	47872200	47922200	4
chr9	2999400	3049400	12
chr2	165837800	165887800	12
chr2	45068400	45118400	6
chr5	106429400	106479400	9
chr17	85598800	85648800	6
chr4	120251400	120301400	6
chr2	26464200	26514200	9
chr8	69270600	69320600	9
chr5	142776000	142826000	9
chr14	25454400	25504400	6
chr15	98948000	98998000	6
chr13	78143000	78193000	3
chr11	24054000	24104000	6
chr2	18029200	18079200	6
