chrX	99999600	99999800	22	0.585305	-1	(22,25)	1.17061	-1	1.48733	0.226535
chrX	99999400	99999600	25	0.00545323	1	(25,25)	0.00545323	1	0.00545323	0.999997
chrX	99998400	99998600	19	1.01947	-1	(19,25)	1.93133	-1	2.53215	0.159534
chrX	9999800	10000000	10	1.30419	-1	(5,8)	2.16853	1	7.93279	0.0278927
chrX	99998000	99998200	25	0.00545323	1	(25,25)	0.00545323	1	0.00545323	0.999997
chrX	99997200	99997400	24	0.408241	-1	(24,25)	0.816481	-1	1.1332	0.261898
chrX	99996800	99997000	25	0.00545323	1	(25,25)	0.00545323	1	0.00545323	0.999997
chrX	9999600	9999800	12	1.17959	-1	(5,12)	2.23838	-1	4.73184	0.0796914
chrX	99994400	99994600	24	0.408241	-1	(24,25)	0.816481	-1	1.1332	0.261898
chrX	99992800	99993000	25	0.00545323	1	(25,25)	0.00545323	1	0.00545323	0.999997
chrX	9999200	9999400	5	0.74124	-1	(8,8)	0.843795	1	1.83419	0.199709
chrX	99988400	99988600	24	0.408241	-1	(24,25)	0.816481	-1	1.1332	0.261898
chrX	99987400	99987600	22	2.03911	-1	(22,25)	2.86698	-1	4.74126	0.0792811
chrX	99987200	99987400	23	3.01814	1	(23,23)	3.20049	1	10.3429	0.0104281
chrX	99986800	99987000	1	1.45367	1	(1,23)	2.21905	1	5.02422	0.0728427
chrX	99986600	99986800	23	0.300714	-1	(23,23)	0.437543	-1	0.840697	0.284275
chrX	99986400	99986600	2	1.41934	-1	(1,23)	2.55482	1	9.78685	0.013405
chrX	99986200	99986400	23	2.08073	-1	(23,23)	2.17631	-1	8.27282	0.0244842
chrX	99985800	99986000	24	1.17309	1	(24,25)	1.86834	1	6.49664	0.0459877
chrX	99985600	99985800	4	0.920393	-1	(4,25)	1.3697	-1	4.15121	0.0958617
chrX	99985400	99985600	22	1.27571	-1	(22,25)	1.76242	-1	5.02365	0.0728627
chrX	99985200	99985400	4	0.997922	-1	(4,25)	1.82038	-1	2.56602	0.156617
chrX	99985000	99985200	22	0.584203	-1	(22,25)	1.02868	-1	1.73859	0.209962
chrX	99984400	99984600	16	0.641606	-1	(16,25)	1.01342	-1	3.14155	0.130595
chrX	9998400	9998600	8	0.560543	1	(8,8)	1.00439	1	1.89208	0.197132
chrX	99984000	99984200	22	0.583792	-1	(22,25)	1.02868	-1	2.47471	0.16402
chrX	99983200	99983400	25	0.00545323	1	(25,25)	0.00545323	1	0.00545323	0.999997
chrX	9997800	9998000	12	0.768009	-1	(8,12)	1.53602	-1	2.54041	0.1586
chrX	99975400	99975600	22	0.585305	-1	(22,25)	1.17061	-1	1.48733	0.226535
chrX	99975000	99975200	25	0.00545323	1	(25,25)	0.00545323	1	0.00545323	0.999997
chrX	99972600	99972800	19	1.15105	1	(19,25)	2.19218	1	3.68358	0.11089
chrX	99972200	99972400	25	0.00545323	1	(25,25)	0.00545323	1	0.00545323	0.999997
chrX	9997200	9997400	8	1.2449	1	(8,8)	2.64467	1	5.5793	0.0614607
chrX	9997000	9997200	12	3.94423	-1	(8,12)	5.47258	-1	10.3968	0.0101697
chrX	9996800	9997000	8	0.0450106	-1	(8,8)	0.0450106	-1	0.0450106	0.353956
chrX	99961200	99961400	24	0.408241	-1	(24,25)	0.816481	-1	1.1332	0.261898
chrX	99960800	99961000	25	0.00545323	1	(25,25)	0.00545323	1	0.00545323	0.999997
chrX	9995800	9996000	5	0.74124	-1	(8,8)	0.843795	1	1.83419	0.199709
chrX	9995600	9995800	8	0.257327	1	(8,8)	0.238738	1	0.506423	0.300276
chrX	9995400	9995600	12	0.665199	1	(8,12)	1.03943	1	2.37423	0.16939
chrX	9995200	9995400	5	0.210726	1	(5,8)	0.347677	1	0.61242	0.29635
chrX	99951200	99951400	19	0.45939	-1	(19,25)	0.918779	-1	1.2355	0.249543
chrX	99950800	99951000	24	0.408241	-1	(24,25)	0.816481	-1	1.1332	0.261898
chrX	99950200	99950400	25	0.00545323	1	(25,25)	0.00545323	1	0.00545323	0.999997
chrX	99948800	99949000	24	0.408241	-1	(24,25)	0.816481	-1	1.1332	0.261898
chrX	99948200	99948400	25	0.00545323	1	(25,25)	0.00545323	1	0.00545323	0.999997
chrX	9994600	9994800	12	0.707621	1	(8,12)	1.24726	1	2.57099	0.156364
chrX	9994200	9994400	5	0.0407014	-1	(5,5)	0.0407014	-1	0.0407014	0.360598
chrX	99940800	99941000	19	0.775388	-1	(19,19)	0.775388	-1	0.775388	0.289445
chrX	99940600	99940800	15	0.59596	-1	(15,25)	0.935169	-1	1.83759	0.199135
chrX	99940400	99940600	17	0.429836	-1	(17,25)	0.650931	-1	1.50534	0.224129
chrX	99940200	99940400	25	0.00545323	1	(25,25)	0.00545323	1	0.00545323	0.999997
chrX	99935800	99936000	19	1.01947	-1	(19,25)	1.93133	-1	2.53215	0.159534
chrX	99935600	99935800	25	0.00545323	1	(25,25)	0.00545323	1	0.00545323	0.999997
chrX	99935400	99935600	24	0.408241	-1	(24,25)	0.816481	-1	1.1332	0.261898
chrX	99935000	99935200	25	0.00545323	1	(25,25)	0.00545323	1	0.00545323	0.999997
chrX	99934800	99935000	24	0.408241	-1	(24,25)	0.816481	-1	1.1332	0.261898
chrX	99933200	99933400	25	0.00545323	1	(25,25)	0.00545323	1	0.00545323	0.999997
chrX	99932800	99933000	19	0.45939	-1	(19,25)	0.918779	-1	1.2355	0.249543
chrX	99932400	99932600	25	0.00545323	1	(25,25)	0.00545323	1	0.00545323	0.999997
chrX	99929000	99929200	18	0.493024	-1	(18,25)	0.986047	-1	1.30277	0.241949
chrX	99928600	99928800	19	1.12856	-1	(19,19)	0.871463	-1	2.16592	0.180863
chrX	99928400	99928600	15	0.613747	-1	(15,25)	1.22749	-1	1.54421	0.22081
chrX	99928000	99928200	18	1.10162	-1	(18,25)	2.05241	-1	2.67485	0.150425
chrX	99927200	99927400	24	1.47242	-1	(24,25)	2.12331	-1	4.20466	0.0940425
chrX	99926200	99926400	19	1.01213	1	(19,19)	2.64427	1	6.03413	0.0532052
chrX	99926000	99926200	24	0.417782	-1	(24,25)	0.70996	-1	1.84129	0.198912
chrX	99924800	99925000	8	0.268653	-1	(8,25)	0.537307	-1	0.854026	0.283801
chrX	9992400	9992600	12	0.544683	-1	(5,12)	1.08937	-1	2.30313	0.173579
chrX	99922800	99923000	7	0.604194	-1	(7,25)	1.19429	-1	2.21411	0.178338
chrX	99922400	99922600	8	0.598476	-1	(8,25)	1.24468	-1	1.81556	0.203571
chrX	9992200	9992400	5	0.937452	-1	(5,5)	1.46434	-1	2.51812	0.160366
chrX	999200	999400	25	0.00545323	1	(25,25)	0.00545323	1	0.00545323	0.999997
chrX	99917600	99917800	24	1.44697	-1	(24,25)	2.12331	-1	3.83965	0.105628
chrX	99917000	99917200	8	0.268653	-1	(8,25)	0.537307	-1	0.854026	0.283801
chrX	99915200	99915400	15	0.58807	-1	(15,25)	1.07987	-1	2.18186	0.180318
chrX	99915000	99915200	18	0.467833	-1	(18,25)	0.862569	-1	1.94139	0.195002
chrX	99914800	99915000	15	1.09573	-1	(15,25)	1.22749	-1	5.37059	0.0656173
chrX	99914600	99914800	19	2.05257	1	(19,25)	2.41243	1	7.81098	0.0291048
chrX	99914400	99914600	14	1.26368	-1	(19,25)	1.53346	1	7.91398	0.0280699
chrX	99914200	99914400	19	1.82005	1	(19,25)	2.53417	1	9.28608	0.0165579
chrX	99914000	99914200	14	1.27261	-1	(14,25)	1.39978	-1	5.56045	0.0618723
chrX	99913600	99913800	18	0.467833	-1	(18,25)	0.862569	-1	1.94139	0.195002
chrX	99913200	99913400	8	0.268653	-1	(8,25)	0.537307	-1	0.854026	0.283801
chrX	9991000	9991200	12	0.584642	-1	(5,12)	1.04849	-1	2.07299	0.186969
chrX	99909200	99909400	15	0.58807	-1	(15,25)	1.07987	-1	2.18186	0.180318
chrX	99909000	99909200	18	0.467833	-1	(18,25)	0.862569	-1	1.94139	0.195002
chrX	9990800	9991000	5	0.154741	-1	(5,5)	0.2408	-1	0.414477	0.303777
chrX	99907800	99908000	8	0.598476	-1	(8,25)	1.24468	-1	1.81556	0.203571
chrX	99906400	99906600	18	0.467833	-1	(18,25)	0.862569	-1	1.94139	0.195002
chrX	99906200	99906400	14	0.678016	-1	(14,25)	1.23493	-1	2.36175	0.169972
chrX	99906000	99906200	15	0.554441	-1	(15,25)	0.935169	-1	3.00919	0.135785
chrX	99905400	99905600	18	4.22109	1	(18,18)	4.20291	1	10.8723	0.00810505
chrX	99904800	99905000	13	3.28339	-1	(13,14)	3.59499	-1	11.2534	0.00668786
chrX	99904400	99904600	18	4.5389	1	(18,18)	4.20291	1	14.4154	0.000964132
chrX	9990400	9990600	9	0.865674	-1	(5,12)	1.58584	1	5.21109	0.0688577
chrX	99903800	99904000	13	2.36799	-1	(13,14)	2.58305	-1	9.22816	0.016966
chrX	99903400	99903600	15	2.76375	-1	(8,17)	1.84073	1	10.4946	0.00972484
chrX	99902800	99903000	17	5.58756	1	(17,17)	4.42219	1	14.8709	0.000690774
chrX	99902000	99902200	14	2.09148	-1	(8,25)	1.29463	1	9.55204	0.0148172
