chrX	84259800	84260000	4	9.0291	1	9.0291
chrX	77040000	77040200	4	9.0291	1	9.0291
chrX	75394000	75394200	4	9.0291	1	9.0291
chrX	74495200	74495400	4	9.0291	1	9.0291
chrX	73832800	73833000	4	9.0291	1	9.0291
chrX	73510000	73510200	4	9.0291	1	9.0291
chrX	73165000	73165200	4	9.0291	1	9.0291
chrX	71402400	71402600	4	9.0291	1	9.0291
chrX	67719600	67719800	4	9.0291	1	9.0291
chrX	56757000	56757200	4	9.0291	1	9.0291
chrX	54467600	54467800	4	9.0291	1	9.0291
chrX	48979200	48979400	4	9.0291	1	9.0291
chrX	48857600	48857800	4	9.0291	1	9.0291
chrX	154445600	154445800	4	9.0291	1	9.0291
chrX	153992200	153992400	4	9.0291	1	9.0291
chrX	152600600	152600800	4	9.0291	1	9.0291
chrX	152000400	152000600	4	9.0291	1	9.0291
chrX	148712000	148712200	4	9.0291	1	9.0291
chrX	146994800	146995000	4	9.0291	1	9.0291
chrX	135580600	135580800	4	9.0291	1	9.0291
chrX	135054800	135055000	4	9.0291	1	9.0291
chrX	134476200	134476400	4	9.0291	1	9.0291
chrX	129040800	129041000	4	9.0291	1	9.0291
chrX	119693400	119693600	4	9.0291	1	9.0291
chrX	119004000	119004200	4	9.0291	1	9.0291
chrX	106361000	106361200	4	9.0291	1	9.0291
chr9	94876800	94877000	4	9.0291	1	9.0291
chr9	7798600	7798800	4	9.0291	1	9.0291
chr9	74527600	74527800	4	9.0291	1	9.0291
chr9	35078600	35078800	4	9.0291	1	9.0291
chr9	32571800	32572000	4	9.0291	1	9.0291
chr9	19101800	19102000	4	9.0291	1	9.0291
chr9	15424000	15424200	4	9.0291	1	9.0291
chr9	123341200	123341400	4	9.0291	1	9.0291
chr9	116038800	116039000	4	9.0291	1	9.0291
chr9	104159800	104160000	4	9.0291	1	9.0291
chr8	95733200	95733400	4	9.0291	1	9.0291
chr8	86131800	86132000	4	9.0291	1	9.0291
chr8	74889600	74889800	4	9.0291	1	9.0291
chr8	66545400	66545600	4	9.0291	1	9.0291
chr8	48871600	48871800	4	9.0291	1	9.0291
chr8	42129800	42130000	4	9.0291	1	9.0291
chr8	17105800	17106000	4	9.0291	1	9.0291
chr8	120844200	120844400	4	9.0291	1	9.0291
chr8	11143200	11143400	4	9.0291	1	9.0291
chr7	99062600	99062800	4	9.0291	1	9.0291
chr7	99035800	99036000	4	9.0291	1	9.0291
chr7	97600600	97600800	4	9.0291	1	9.0291
chr7	96338200	96338400	4	9.0291	1	9.0291
chr7	76179400	76179600	4	9.0291	1	9.0291
chr7	72721800	72722000	4	9.0291	1	9.0291
chr7	6770200	6770400	4	9.0291	1	9.0291
chr7	6745200	6745400	4	9.0291	1	9.0291
chr7	64839800	64840000	4	9.0291	1	9.0291
chr7	64364400	64364600	4	9.0291	1	9.0291
chr7	45807400	45807600	4	9.0291	1	9.0291
chr7	44529000	44529200	4	9.0291	1	9.0291
chr7	43768000	43768200	4	9.0291	1	9.0291
chr7	40173000	40173200	4	9.0291	1	9.0291
chr7	30065000	30065200	4	9.0291	1	9.0291
chr7	19747400	19747600	4	9.0291	1	9.0291
chr7	148937800	148938000	4	9.0291	1	9.0291
chr7	134142600	134142800	4	9.0291	1	9.0291
chr7	132765600	132765800	4	9.0291	1	9.0291
chr7	128172800	128173000	4	9.0291	1	9.0291
chr7	123196800	123197000	4	9.0291	1	9.0291
chr7	107203400	107203600	4	9.0291	1	9.0291
chr7	102104200	102104400	4	9.0291	1	9.0291
chr7	102037800	102038000	4	9.0291	1	9.0291
chr7	100894600	100894800	4	9.0291	1	9.0291
chr6	91295800	91296000	4	9.0291	1	9.0291
chr6	89672400	89672600	4	9.0291	1	9.0291
chr6	8434400	8434600	4	9.0291	1	9.0291
chr6	75952600	75952800	4	9.0291	1	9.0291
chr6	44280000	44280200	4	9.0291	1	9.0291
chr6	43544800	43545000	4	9.0291	1	9.0291
chr6	42990200	42990400	4	9.0291	1	9.0291
chr6	42848600	42848800	4	9.0291	1	9.0291
chr6	42184800	42185000	4	9.0291	1	9.0291
chr6	34854800	34855000	4	9.0291	1	9.0291
chr6	34726000	34726200	4	9.0291	1	9.0291
chr6	31925800	31926000	4	9.0291	1	9.0291
chr6	30876800	30877000	4	9.0291	1	9.0291
chr6	30639800	30640000	4	9.0291	1	9.0291
chr6	26658800	26659000	4	9.0291	1	9.0291
chr6	26539600	26539800	4	9.0291	1	9.0291
chr6	170150800	170151000	4	9.0291	1	9.0291
chr6	157743600	157743800	4	9.0291	1	9.0291
chr6	131948400	131948600	4	9.0291	1	9.0291
chr6	122791200	122791400	4	9.0291	1	9.0291
chr6	117922400	117922600	4	9.0291	1	9.0291
chr6	10696000	10696200	4	9.0291	1	9.0291
chr6	106772400	106772600	4	9.0291	1	9.0291
chr5	87565600	87565800	4	9.0291	1	9.0291
chr5	87563600	87563800	4	9.0291	1	9.0291
chr5	86565400	86565600	4	9.0291	1	9.0291
chr5	85914800	85915000	4	9.0291	1	9.0291
chr5	79705200	79705400	4	9.0291	1	9.0291
chr5	7868200	7868400	4	9.0291	1	9.0291
chr5	65441800	65442000	4	9.0291	1	9.0291
