chr7	27139381	27189381	1
chr15	25048053	25098053	8
chr17	48564638	48614638	11
chr2	132238427	132288427	11
chr12	53972016	54022016	11
chr15	96320771	96370771	3
chr5	141382633	141432633	1
chr10	41837808	42104152	8
chr19	58227434	58277434	2
chr6	10380367	10430367	11
chr4	40199	93513	8
chr2	132244427	132294427	11
chr17	79792201	79842201	11
chr13	99949346	99999346	11
chr2	176091272	176141272	11
chr16	34131733	34181733	8
chr12	133079014	133129014	8
chr2	91580343	91633974	8
chr19	58168233	58218434	1
chr8	11675891	11725891	12
chr21	10689456	10739456	8
chr22	46042920	46092920	3
chr5	93567494	93617494	11
chr19	57963632	58013632	5
chr3	147375413	147425413	11
chr19	1238201	1288201	3
chr19	1238001	1288001	3
chr19	36513498	36563498	2
chr19	12994586	13044586	11
chr10	8026437	8076437	10
chr4	424611	474611	2
chr21	10678056	10728056	8
chr2	89788197	89844590	8
chr12	114655995	114705995	11
chr4	51306	105114	8
chr19	13007386	13057386	11
chr19	1225201	1275201	3
chr22	46053720	46103720	3
chr4	173492449	173542449	10
chr19	51992747	52042747	2
chr19	51860547	51910547	7
chr15	89359769	89409769	11
chr10	38485272	38581269	8
chr19	57529832	57579832	2
chr19	52364947	52414947	1
chr10	100708243	100758243	11
chr19	36710498	36760498	8
chr16	679200	729200	11
chr19	1250801	1300801	3
chr2	222272081	222322081	11
chr9	123996121	124046121	11
chr12	57723817	57773817	11
chr16	67149697	67199697	11
chr19	51853547	51903547	1
chr17	21275088	21325088	8
chr19	36790898	36840898	1
chr10	8035437	8085437	10
chr2	176143072	176193072	10
chr19	36614898	36664898	8
chr10	38811669	41693608	8
chr17	79805201	79855201	6
chr19	1222401	1272401	3
chr19	23335198	23385198	8
chr19	36717898	36767898	8
chr5	42991298	43041298	11
chr15	25019853	25069853	8
chr22	36323755	36373755	6
chr2	218852677	218902878	11
chr14	99229063	99279063	12
chr19	52357747	52407747	1
chr11	31790452	31840653	11
chr7	27197581	27247581	10
chr4	337811	387811	2
chr19	36855698	36905698	8
chr12	57195417	57245417	11
chr8	143928432	143978432	12
chr12	54022216	54072216	11
chr19	13053386	13103386	11
chr8	143929032	143979032	12
chr17	38557364	38607947	11
chr19	58156633	58206633	1
chr12	133034014	133084014	2
chr21	10365056	10415056	8
chr17	48709438	48759438	11
chr19	56374031	56424031	2
chr17	21285688	21335688	1
chr10	117126089	117176089	11
chr1	897020	947020	11
chr19	56533431	56583632	2
chr2	44916861	44966861	10
chr20	30394724	31242797	8
chr16	3003599	3053599	11
chr3	75639049	75689049	11
chr4	414211	464211	8
chr2	218956678	219006678	11
chr19	37412498	37462498	8
chr11	802800	852800	11
chr3	75723049	75773049	8
chr19	1741401	1791401	11
chr2	91594776	91645774	8
