chr15	25291000	25316000	20
chr15	25316200	25341200	20
chr19	58753200	58778200	20
chr19	58696800	58721800	20
chr19	52803000	52828000	20
chr4	423800	448800	20
chr19	39137800	39162800	9
chr12	133709200	133734200	20
chr12	133613000	133638000	1
chr19	52361200	52386200	20
chr11	118776800	118801800	9
chr19	20209800	20234800	20
chr8	30240800	30265800	9
chr12	133658600	133683600	20
chr19	37025800	37050800	20
chr19	23402200	23427200	20
chr20	47886200	47911200	9
chr22	36746600	36771600	9
chr19	58487800	58512800	4
chr1	247138400	247163400	20
chr19	9671000	9696000	9
chr10	126822400	126847400	9
chr19	52388400	52413400	20
chr19	39152600	39177600	9
chr8	128817800	128842800	9
chr4	126400	151400	20
chr7	6722200	6747200	4
chr19	44978800	45003800	20
chr3	32861200	32886200	9
chr10	126821200	126846200	9
chr7	131218800	131243800	9
chr16	75268000	75293000	9
chr1	247303800	247328800	20
chr19	37236000	37261000	20
chr20	45964000	45989000	9
chr16	75267600	75292600	9
chr11	3378800	3403800	20
chr19	58038000	58063000	1
chr8	30248000	30273000	9
chr6	15245200	15270200	9
chr11	65251600	65276600	9
chr22	36712400	36737400	9
chr8	42958600	42983600	20
chr8	72582800	72607800	13
chr9	114288400	114313400	20
chr20	61546400	61571400	9
chr9	134270000	134295000	9
chr12	133757600	133782600	22
chr19	37194400	37219400	20
chr8	145003000	145028000	9
chr20	47881200	47906200	9
chrX	39942400	39967400	22
chr8	145004600	145029600	9
chrX	39943000	39968000	22
chr20	17929600	17954600	9
chr20	61538200	61563200	9
chr8	146051400	146076400	1
chr18	46454000	46479000	9
chr20	61550000	61575000	9
chr3	32890200	32915200	9
chr12	133567600	133592600	20
chr5	139026400	139051400	9
chr19	1251200	1276200	9
chr19	52617600	52642600	20
chr2	64067000	64092000	11
chr20	17930800	17955800	9
chr15	70369800	70394800	9
chr9	134272600	134297600	9
chr12	32113800	32138800	9
chr5	115887600	115912600	9
chr5	179676800	179701800	20
chr17	37023400	37048400	9
chr8	128863400	128888400	9
chr7	5085000	5110000	20
chr19	23527400	23552400	20
chr8	72580800	72605800	13
chr13	100617800	100642800	9
chr19	8912800	8937800	20
chr1	8916200	8941200	9
chr11	12695200	12720200	9
chr13	100618000	100643000	9
chr18	46451600	46476600	9
chr13	100618400	100643400	9
chr2	36581000	36606000	9
chr17	75367000	75392000	9
chr19	21541400	21566400	20
chr21	10787400	10812400	22
chr8	38287200	38312200	9
chr10	114708600	114733600	9
chr10	106074600	106099600	9
chr17	75456200	75481200	9
chr1	204041400	204066400	10
chr1	26735000	26760000	9
chr20	45940800	45965800	9
chr10	43880800	43905800	9
chr10	114707800	114732800	9
chr11	65183600	65208600	9
chr1	43404400	43429400	13
chr3	32899800	32924800	9
chr20	45957600	45982600	9
