chr1	117626600	117646800	11
chr2	65293400	65313800	11
chr17	76408000	76428400	11
chr17	4080400	4101000	11
chr7	5555000	5575600	11
chr16	75328600	75349000	11
chr16	90050800	90072600	11
chr16	70502600	70523200	11
chr3	186780000	186800400	11
chr3	185396600	185417000	11
chr16	66752000	66773200	11
chr16	57495200	57515600	11
chr15	44081600	44102000	11
chr12	109188200	109208800	11
chr12	118480200	118500400	11
chr12	120109800	120130200	11
chr4	146753600	146773800	11
chr11	61203800	61224000	11
chr5	140993000	141013400	11
chr5	140890800	140911800	11
chr11	130004800	130025600	11
chr11	68648000	68668200	11
chr10	71141800	71162000	11
chr6	35039800	35060400	11
chr6	74214600	74235000	11
chr9	130695000	130715400	11
chr9	130696400	130716600	11
chr8	37981000	38001200	11
chr7	137574800	137595000	11
chr7	128585000	128605400	11
chr2	38955000	38975200	11
chr2	27654400	27674800	11
chr17	414000	434400	11
chr17	44095200	44115400	11
chr1	153705200	153725400	11
chr1	206618600	206638800	11
chr1	16254000	16274400	11
chr1	155032000	155052200	11
chr1	223950400	223970800	11
chr1	113231400	113251600	11
chrX	153752800	153773000	11
chrX	47066000	47086200	11
chrX	13771800	13792000	11
chr22	40711000	40731600	11
chr22	31658600	31679200	11
chr2	54883000	54903200	11
chr21	44825800	44846000	11
chr22	28235600	28255800	11
chr7	98628200	98648600	11
chr20	55939400	55960000	11
chr20	33856400	33876600	11
chr19	10743000	10764600	11
chr20	31369800	31390600	11
chr19	50181000	50201400	11
chr19	46016800	46037000	11
chr5	130997800	131018000	11
chr16	31132200	31152400	11
chr12	132521200	132541600	11
chr20	30146200	30166400	11
chr2	27594600	27614800	11
chr1	180940600	180960800	11
chr22	50873200	50894200	11
chr1	47131200	47151400	11
chr9	37423000	37443200	11
chr7	148758800	148779200	11
chr19	47703600	47723800	11
chr3	129013200	129033400	11
chr12	57664000	57684200	11
chr20	30137800	30158000	11
chr22	38319600	38339800	11
chr11	63666400	63686800	11
chr12	124896800	124917000	11
chr20	30147800	30168000	11
chr7	100267800	100288200	11
chr7	148459600	148480000	11
chr15	66780800	66801200	11
chr17	4123000	4143200	11
chr17	80730000	80750200	11
chr20	35210200	35230400	11
chr12	53598200	53618600	11
chr1	151274000	151294600	11
chr6	32930200	32951600	9
chr17	41141400	41161800	9
chr17	16335000	16355200	9
chr17	16333400	16354000	9
chr17	7467200	7488200	9
chr17	7201800	7222600	9
chr17	7130800	7151000	9
chr17	27037800	27059000	9
chr17	40529200	40549400	9
chr17	39836000	39856600	9
chr17	37018000	37038400	9
chr17	36998800	37019200	9
chr17	27062600	27083600	9
chr18	47007600	47028200	9
chr1	32790200	32810600	9
chr1	45232600	45252800	9
chr1	68142600	68162800	9
chr1	17753000	17773800	9
chr19	788800	809800	9
