chr17	79790801	79815801	11
chr15	96321371	96346371	3
chr11	31795652	31820853	10
chr15	25049053	25074053	8
chr2	132253427	132278427	11
chr3	128473357	128498357	12
chr15	96330771	96355771	3
chr2	104848742	104873742	12
chr4	4851073	4876073	11
chr7	27154381	27179381	10
chr7	155447505	155472505	11
chr2	172078472	172103472	11
chr10	8034037	8059037	11
chr2	44931661	44956661	11
chr4	110610444	110635444	3
chr6	98823524	98848524	12
chr8	11689091	11714091	12
chr6	1603365	1628365	12
chr5	93570494	93595494	11
chr1	90706043	90731043	10
chr2	222288681	222313681	10
chr4	173506449	173531449	10
chr10	123131484	123156484	11
chr9	123998921	124023921	11
chr10	41837608	41862608	8
chr10	100728243	100753243	10
chr10	101215043	101240043	12
chr15	89357369	89382369	12
chr14	36643995	36668995	10
chr2	118834624	118859624	10
chr7	156999906	157024906	10
chr6	108155196	108180196	11
chr5	88670582	88695783	12
chr1	18629506	18654506	10
chr12	133039214	133064214	8
chr15	52782603	52807603	11
chr2	176078872	176103872	11
chr9	126607721	126632721	11
chr4	8854474	8879474	10
chr19	58182233	58207434	1
chr21	36688300	36713300	11
chr11	44302250	44327250	11
chr7	27094381	27119381	10
chr16	86492794	86517794	11
chr19	58242434	58267434	8
chr10	101120043	101145043	11
chr17	48610038	48635038	12
chr12	57218617	57243617	11
chr1	47427328	47452328	12
chr12	53952416	53977416	12
chr12	54014616	54039616	11
chr13	112051486	112076486	11
chr2	176114472	176139472	11
chr4	49706	75707	8
chr17	48541638	48566638	6
chr7	27181581	27206581	10
chr6	100446324	100471324	11
chr2	70883070	70908070	11
chr17	48718438	48743438	10
chr10	99518243	99543243	11
chr12	53978616	54003616	13
chr14	36502395	36527395	12
chr2	218979678	219004678	11
chr13	99967146	99992146	3
chr20	21503562	21528562	11
chr13	99965546	99990546	3
chr13	27958863	27983863	11
chr2	176148472	176173472	12
chr10	117530689	117555689	12
chr19	1250201	1275201	3
chr7	1225764	1250764	12
chr20	22563162	22588162	12
chr17	36923716	36950500	11
chr15	89393769	89418769	12
chr14	56794082	56819082	10
chr9	63811466	63836466	11
chr19	1744801	1769801	12
chr12	114664995	114689995	11
chr19	41911648	41936648	10
chr5	173225797	173250797	11
chr6	10401967	10426967	2
chr15	67816462	67841462	11
chr16	34138933	34163933	11
chr6	1373165	1398165	11
chr16	67150097	67175097	10
chr12	114393195	114418195	12
chr19	13005186	13030186	12
chr13	78586065	78611065	10
chr7	97002688	97027688	11
chr3	134353358	134378358	3
chr9	122209721	122234721	10
chr5	135026510	135051510	11
chr2	74496273	74521273	11
chr1	220874858	220899858	12
chr2	218870478	218895478	11
chr7	101158119	101183119	12
chr1	918820	943820	11
chr4	13523176	13548176	11
chr14	37581195	37606195	11
chr14	60634482	60659482	10
