chr7	27143800	27153800	23
chr1	201976200	201986200	19
chr7	27142800	27152800	10
chr17	46622200	46632200	23
chr7	27148000	27158000	1
chr17	46644200	46654200	9
chr17	46644400	46654400	9
chr1	201977000	201987000	19
chr17	46625000	46635000	23
chr15	40390200	40400200	3
chr7	27154200	27164200	9
chr22	39629400	39639400	9
chr1	1286800	1296800	16
chr5	1101000	1111000	4
chr12	115107800	115117800	23
chr19	13122400	13132400	4
chr19	13161800	13171800	13
chr17	56407600	56417600	9
chr22	39628400	39638400	9
chr14	99727000	99737000	22
chr2	133022200	133032200	24
chr9	124042600	124052600	13
chr17	47075200	47085200	23
chr19	13203200	13213200	24
chr12	6333600	6343600	3
chr10	45455800	45465800	13
chr9	124042000	124052000	13
chr17	46649800	46659800	23
chr19	13118200	13128200	4
chr12	6477000	6487000	16
chr2	133025000	133035000	22
chr19	13128000	13138000	9
chr14	99728000	99738000	22
chr17	47073400	47083400	23
chr7	27175600	27185600	4
chr5	140863000	140873000	23
chr17	43299400	43309400	3
chr17	59477200	59487200	22
chr17	57442200	57452200	13
chr15	40387200	40397200	3
chr11	65252600	65262600	13
chr11	65351600	65361600	13
chr10	45453600	45463600	13
chr17	59476600	59486600	22
chr17	1959200	1969200	1
chr19	45252400	45262400	1
chr7	2561000	2571000	11
chr17	57441600	57451600	13
chr17	1960200	1970200	9
chr17	40819400	40829400	22
chr1	966800	976800	12
chr2	66665200	66675200	9
chr15	96885000	96895000	10
chr10	74087400	74097400	13
chr11	65252200	65262200	13
chr18	19751200	19761200	9
chr9	139556600	139566600	9
chr10	45468400	45478400	16
chr7	2561600	2571600	11
chr11	62319000	62329000	13
chr17	46664400	46674400	4
chr5	124069800	124079800	3
chr12	54776800	54786800	13
chr17	48273400	48283400	22
chr14	24776600	24786600	3
chr12	57539000	57549000	9
chr17	46619600	46629600	23
chr3	141122200	141132200	3
chr10	8096800	8106800	23
chr17	43297000	43307000	3
chr15	96882200	96892200	10
chr5	148785600	148795600	4
chr3	184278400	184288400	15
chr17	59475200	59485200	22
chr17	57439400	57449400	13
chr1	200859600	200869600	22
chr17	48274800	48284800	9
chr10	73525000	73535000	14
chr11	65318400	65328400	10
chr19	41825200	41835200	13
chr22	20777600	20787600	23
chr2	231728800	231738800	9
chr3	13054800	13064800	2
chr5	140798000	140808000	22
chr2	42273200	42283200	11
chr8	22438000	22448000	23
chr3	13055000	13065000	2
chr11	1889800	1899800	23
chr17	48279000	48289000	2
chr10	80994000	81004000	18
chr19	46280400	46290400	4
chr1	226841200	226851200	13
chr9	134144400	134154400	4
chr6	35452400	35462400	3
chr18	19749000	19759000	9
chr3	50638000	50648000	6
chr9	130281400	130291400	20
chr7	27180200	27190200	4
chr2	127836000	127846000	3
chr1	207990600	208000600	3
