chr11	96301600	96351600	2
chr11	96302200	96352200	2
chr6	52157600	52207600	6
chr11	3130000	3180000	6
chr18	37725600	37775600	6
chr7	79495800	79545800	3
chr7	70322800	70372800	6
chr13	78162400	78212400	4
chr8	84764000	84814000	12
chr2	74691200	74741200	3
chr11	98922000	98972000	6
chr3	88194800	88244800	3
chr15	102991400	103041400	3
chr10	80131400	80181400	9
chr6	52207800	52257800	1
chr10	80124000	80174000	9
chr14	63225800	63275800	3
chr10	80123400	80173400	9
chr8	108688400	108738400	12
chr10	80135400	80185400	9
chr8	84730400	84780400	3
chr11	98740200	98790200	12
chr11	98740000	98790000	12
chr9	91348800	91398800	3
chr8	120490600	120540600	4
chr8	57306400	57356400	9
chr2	30676400	30726400	6
chr5	119797800	119847800	3
chr19	44717200	44767200	3
chr11	120215400	120265400	9
chr9	61359800	61409800	4
chr11	98311800	98361800	9
chr5	125131000	125181000	12
chr2	165839200	165889200	9
chr14	122446600	122496600	3
chr2	26458600	26508600	6
chr13	63524400	63574400	9
chr4	133009800	133059800	3
chr9	61368400	61418400	4
chr18	37804800	37854800	6
chr14	25450800	25500800	4
chr2	38332000	38382000	3
chr1	42671800	42721800	6
chr11	24060200	24110200	6
chr10	81316200	81366200	6
chr15	85644800	85694800	3
chr9	107533400	107583400	3
chr11	24058200	24108200	6
chr4	82465200	82515200	12
chr2	26456600	26506600	6
chr8	108680200	108730200	12
chr2	165835200	165885200	9
chr15	85652600	85702600	3
chr8	121071400	121121400	3
chr11	98935400	98985400	6
chr10	80295800	80345800	6
chr18	37802600	37852600	6
chr2	30672200	30722200	6
chr5	119642400	119692400	6
chr7	70336400	70386400	6
chr12	107960200	108010200	3
chr4	82467400	82517400	5
chr13	40699800	40749800	1
chr11	120206400	120256400	9
chr6	83408400	83458400	9
chr7	141433200	141483200	3
chr15	77793600	77843600	6
chr7	141428800	141478800	3
chr6	6840200	6890200	3
chr11	97530200	97580200	5
chr3	34629800	34679800	6
chr8	70755400	70805400	3
chr11	98726800	98776800	9
chr11	117306200	117356200	6
chr6	114872400	114922400	12
chr7	73510200	73560200	6
chr10	81383800	81433800	9
chr9	107586600	107636600	4
chr12	111406000	111456000	2
chr7	28914000	28964000	12
chr1	75442200	75492200	6
chr10	127507000	127557000	12
chr10	80259000	80309000	9
chr18	75361600	75411600	6
chr7	137282400	137332400	9
chr18	35827200	35877200	12
chr8	71653400	71703400	4
chr8	12383600	12433600	3
chr11	69980600	70030600	7
chr4	133005200	133055200	3
chr5	139519600	139569600	3
chr10	81283600	81333600	3
chr11	98895200	98945200	9
chr11	60173800	60223800	2
chr2	105645800	105695800	3
chr18	75359800	75409800	6
chr1	78170000	78220000	3
chr17	25790600	25840600	6
chr8	33882200	33932200	12
chr12	111412000	111462000	2
