chr15	25046253	25096253	20
chr12	133078814	133128814	20
chr19	58229634	58279634	20
chr19	58164433	58214634	20
chr4	424611	474611	1
chr19	36513098	36563098	20
chr19	36710498	36760498	20
chr19	57963632	58013632	20
chr19	57529632	57579632	20
chr19	56537631	56587832	1
chr19	38647160	38697160	22
chr19	38648560	38698560	9
chr19	58156833	58207034	20
chr19	58094033	58144033	20
chr19	23335398	23385398	20
chr19	51992747	52042747	20
chr19	56525631	56575631	1
chr22	36323755	36373755	9
chr22	36325555	36375555	9
chr19	36618098	36668098	1
chr4	405811	455811	20
chr12	133181014	133231014	20
chr19	36794898	36844898	20
chr19	37123498	37173498	1
chr22	36291754	36341955	9
chr19	51855347	51905347	20
chr19	36858698	36908698	20
chr12	132907414	132957414	20
chr12	133143814	133193814	20
chr5	180243800	180293800	20
chr8	143911632	143961632	3
chr4	336011	386011	4
chr19	37412498	37462498	20
chr19	51851347	51901347	20
chr8	143914032	143964032	3
chr10	119031688	119081688	3
chr19	9336924	9386924	20
chr19	56403031	56453031	1
chr19	56399431	56449431	1
chr19	52364947	52414947	1
chr19	37531498	37581699	20
chr19	57947432	57997432	20
chr19	52089347	52139347	1
chr19	15248389	15298389	9
chr19	36728298	36778298	1
chr19	52287547	52337547	1
chr4	343211	393211	20
chr14	21220441	21270441	1
chr20	35694278	35744278	1
chr15	92881370	92931370	1
chr19	44447612	44501548	20
chr15	92881970	92931970	1
chr19	37384098	37434098	20
chr19	15255189	15305189	9
chr19	53203347	53253347	20
chr17	77424118	77474118	3
chr17	77424318	77474318	3
chr1	2227161	2277161	1
chr10	79066843	79116843	1
chr4	50106	103713	4
chr20	47311656	47361656	3
chr1	27554889	27604889	3
chr20	62904848	62954848	1
chr1	27555089	27605089	3
chr14	68930683	68980683	1
chr9	131393013	131443013	9
chr12	120216197	120266197	22
chr16	3276800	3326800	20
chr11	62525928	62575928	1
chr2	176066872	176116872	23
chr17	7213881	7263881	1
chr15	96320771	96370771	1
chr19	9373724	9423724	20
chr15	96320971	96370971	1
chr17	20994687	21044687	22
chr19	55634234	55684234	1
chr1	26692109	26742109	1
chr14	73738297	73788297	3
chr19	37112498	37162498	20
chr17	38867347	38917347	1
chr10	125112631	125162631	1
chr16	3370400	3420400	1
chr17	38867147	38917147	1
chr19	1236801	1286801	1
chr22	46052120	46102120	22
chr1	26693109	26743109	1
chr16	70521497	70571497	3
chr12	110279995	110329995	3
chr10	100710043	100760043	23
chr17	82225324	82275324	1
chr7	157335906	157385906	1
chr22	49778352	49828352	22
chr19	43835048	43885048	20
chr10	80453444	80503444	22
chr10	38495472	38591469	21
chr10	38788869	38838869	21
chr3	9387516	9437516	3
chr12	53452016	53502016	22
chr9	131391413	131441413	9
chr20	31674197	31724197	1
