chr15	25291600	25341600	8
chr19	58676600	58726600	8
chr19	58741000	58791000	1
chr10	42354800	42404800	8
chr21	10774000	10824000	8
chr12	133617200	133667200	1
chr21	10799800	10849800	8
chr19	58666800	58716800	8
chr16	46386000	46436000	8
chr2	176931800	176981800	11
chr2	89830400	89880400	8
chr12	133674000	133724000	1
chr19	58471800	58521800	1
chr12	133607400	133657400	8
chr10	39104600	39154600	8
chr19	58040800	58090800	1
chr19	37201400	37251400	8
chr16	46390200	46440200	8
chr21	11091200	11141200	8
chr4	418000	468000	1
chr17	46675200	46725200	11
chr10	102467800	102517800	11
chr19	58607800	58657800	8
chr19	44955200	45005200	8
chr16	33929800	33979800	8
chr19	44954800	45004800	1
chr19	37004400	37054400	1
chr12	54319400	54369400	11
chr2	89827600	89877600	8
chr12	133757800	133807800	8
chr10	38769200	38819200	8
chr3	75753200	75803200	8
chr12	133724200	133774200	8
chr7	27203800	27253800	10
chr4	401200	451200	8
chr19	1237000	1287000	3
chr19	58457800	58507800	8
chr19	1237600	1287600	3
chr12	133483600	133533600	8
chr19	52495800	52545800	1
chr17	46785800	46835800	11
chr16	33938400	33988400	8
chr19	52790600	52840600	1
chr19	52358400	52408400	1
chr17	77769600	77819600	11
chr19	1225400	1275400	3
chr2	176982000	177032000	11
chr17	7117200	7167200	1
chr4	46000	96000	8
chr8	11533000	11583000	11
chr19	52355800	52405800	8
chr15	89902000	89952000	10
chr5	179670600	179720600	1
chr19	1244200	1294200	3
chr9	126755000	126805000	11
chr22	36690600	36740600	6
chr19	37108600	37158600	1
chr2	219821200	219871200	11
chr4	49107200	49157200	8
chr11	795400	845400	1
chr12	54369600	54419600	10
chr3	147089600	147139600	11
chr11	794600	844600	1
chr10	102874400	102924400	11
chr19	37614000	37664000	1
chr6	31587600	31637600	1
chr22	36717600	36767600	6
chr10	118885600	118935600	2
chr9	35700400	35750400	1
chr7	155235000	155285000	11
chr16	3329000	3379000	1
chr13	100601800	100651800	11
chr4	10070200	10120200	3
chr19	41767600	41817600	1
chr19	38022400	38072400	8
chr20	47858000	47908000	3
chr4	330200	380200	1
chr19	1221200	1271200	3
chr19	1733400	1783400	11
chr19	37219000	37269000	2
chr15	96864000	96914000	3
chr19	52579600	52629600	1
chr4	60400	110400	10
chr16	3420200	3470200	1
chr19	37874600	37924600	8
chr17	27006200	27056200	1
chr12	122228200	122278200	1
chr19	57048200	57098200	1
chr10	102964200	103014200	11
chr10	124876800	124926800	11
chr7	6697200	6747200	8
chr2	119572400	119622400	11
chr9	36996000	37046000	11
chr19	37280200	37330200	1
chr4	49114600	49164600	8
chr6	100031000	100081000	11
chr19	56151600	56201600	1
chr9	129368000	129418000	11
chr11	803200	853200	1
chr2	132996200	133046200	11
