chr1	145440000	145442200	3
chr19	18389600	18390000	3
chr19	13050400	13051600	3
chr17	16286000	16287000	3
chr17	39846000	39847000	3
chr3	186502400	186504800	3
chr17	56082600	56083200	3
chr17	62500000	62500800	3
chr17	74730400	74732200	3
chr8	146016400	146017000	3
chr14	70235000	70236000	3
chr14	103802000	103802800	3
chr14	35871600	35872800	3
chr14	102550400	102552200	3
chr5	179047400	179049000	3
chr5	172194800	172197000	3
chr13	45007600	45008800	3
chr12	46761600	46763800	3
chr6	36566400	36568200	3
chr6	32942200	32943000	3
chr11	122929200	122931400	3
chr11	66407400	66408200	3
chr11	65271400	65274600	3
chr10	3821800	3824200	3
chr7	26236800	26237200	3
chr7	5567400	5569000	3
chr19	55898400	55899400	3
chr20	34327400	34328600	3
chr16	89628000	89628800	3
chr1	200377600	200378400	3
chr1	11073800	11074200	3
chr22	39917400	39919600	3
chr1	150547400	150548600	3
chr20	47896600	47898000	3
chr20	30306600	30307800	3
chr19	49378600	49379200	3
chr19	5625200	5626000	3
chr2	85768400	85769800	3
chr17	7477600	7478400	3
chr17	48940400	48941200	3
chr15	44085800	44086000	3
chr3	50128000	50128600	3
chr1	36180600	36181200	3
chr11	62650200	62651800	3
chr12	125395400	125396400	3
chr11	61732400	61733200	3
chr14	94543600	94545600	3
chr3	50394000	50395600	3
chr14	77926000	77926200	3
chr1	182357400	182358000	3
chr1	151373000	151373400	3
chr17	79476000	79478800	3
chr17	73772600	73773400	3
chr17	7143800	7144600	3
chr17	8064400	8065200	3
chr5	176942800	176943000	3
chr13	80911000	80911600	3
chr6	116599200	116599800	3
chr4	6643800	6644000	3
chr19	42365400	42365800	3
chr9	139620600	139621400	3
chr1	35656000	35656800	3
chr6	36564800	36566200	3
chr20	42087800	42088200	3
chr12	56553600	56554600	3
chr2	232576200	232577200	3
chr19	49377400	49378000	3
chr19	3984000	3984400	3
chr19	49469400	49470400	3
chr12	6645200	6645800	3
chr19	59057200	59057800	3
chr19	49992800	49993000	3
chr12	49580000	49580400	3
chr3	156875800	156876400	3
chr19	5621000	5621200	3
chr8	144898600	144898800	3
chr11	65429000	65429200	3
chr16	89789200	89789800	3
chr19	14626400	14627400	3
chr9	140084400	140084600	3
chr19	1271000	1271400	3
chr22	50356600	50357000	3
chr19	2271600	2272000	3
chr12	63545000	63545400	11
chr6	127441200	127441600	11
chr6	101840600	101841400	11
chr12	49740800	49741400	11
chr6	75916200	75917200	11
chr1	35394400	35394800	11
chr4	55093400	55094400	11
chr4	156128800	156129200	11
chr1	121484400	121485400	11
chr3	169379200	169379800	11
chr20	55204800	55205200	11
chr9	66454800	66455600	11
chr17	33478000	33478400	11
chr9	116916800	116917000	11
chr1	145076000	145076200	11
chr18	906800	907000	11
chr17	72427400	72428000	11
