chr19	3978202	3988202	8
chr12	56156816	56166816	8
chr17	41687748	41697748	8
chr8	144785215	144795215	8
chr7	5524169	5534169	8
chr2	231705490	231715490	8
chr20	49277463	49287463	8
chr22	39519995	39529995	8
chr17	7571882	7581882	8
chr19	49489143	49499143	8
chr16	30063279	30073279	8
chr3	184173812	184183812	8
chr19	18274190	18284190	8
chr11	65496729	65506729	8
chr22	39310795	39320795	8
chr17	4938705	4948705	8
chr19	55381832	55391832	1
chr1	150570524	150580524	8
chr6	35466223	35476223	8
chr20	43456560	43466560	1
chr16	89556592	89566592	8
chr19	48866943	48876943	8
chr12	6532034	6542034	8
chr5	181240400	181250400	8
chr11	62879728	62889728	8
chr19	1266801	1276801	8
chr5	179615199	179625199	8
chr6	73514477	73524477	8
chr14	35397394	35407394	8
chr6	31533223	31543223	8
chr17	81508774	81518774	1
chr17	43219381	43305051	14
chr17	57998439	58008439	1
chr9	127443321	127453321	8
chr11	8681653	8691653	8
chr14	68786483	68796483	8
chr3	51986384	51996384	8
chr11	6602970	6613169	8
chr19	58543233	58553233	1
chr19	12937586	12947586	8
chr19	41859129	41870730	8
chr11	62786128	62796128	8
chr22	36327555	36337555	8
chr17	48046838	48056838	8
chr4	10107776	10117776	8
chr19	2266601	2276601	8
chr12	54277816	54287816	8
chr14	102078863	102088863	1
chr6	37168224	37178224	2
chr9	137234548	137244548	8
chr6	31728823	31738823	8
chr1	234603654	234613654	2
chr6	30484423	30494423	8
chrX	154396859	154407464	8
chrX	48573012	48583012	8
chr19	3426402	3436402	8
chr17	47134234	47144234	12
chr1	145987273	145998068	8
chr12	53378816	53388816	8
chr6	58443122	58453122	14
chr1	203303472	203313472	8
chr3	186782211	186792211	1
chr1	112697978	112707978	8
chr2	92079374	92089374	12
chr9	129137721	129147721	3
chr2	92099974	92109974	14
chr2	92089974	92099974	14
chr1	121736002	143279850	14
chr19	57468232	57478232	12
chr9	70038084	70048084	14
chr18	15410201	20940439	14
chr10	41704408	41714408	14
chr18	102400	112400	14
chr8	43966657	43976657	14
chr4	79343646	79353646	14
chr18	52788830	52798830	14
chr6	31829423	31839423	8
chr2	132265627	132275627	14
chr16	34147133	34157133	14
chr19	27240892	27250892	14
chr2	132253627	132263627	14
chrX	62498130	62508130	14
chr12	34209865	34219865	14
chr4	69421482	69431482	14
chr10	3776008	3786008	2
chr19	796400	806400	8
chr2	92111774	92121774	14
chrX	58527567	58537567	14
chr14	69766283	69776283	1
chr17	42997583	43007583	8
chr6	36593223	36603223	1
chr9	40879972	40889972	12
chr7	62520622	62530622	14
chrX	62661530	62671530	14
chr2	62730665	62740665	14
chr3	157151611	157161611	1
chr19	48961343	48971343	1
chr22	49959352	49969352	8
chr16	34157933	34167933	14
chr2	132275627	132285627	14
