chr6	31323600	31323800	8	8.35687	1	(8,8)	7.40647	1	25.9661	0
chr3	134082600	134082800	8	8.07747	-1	(8,8)	4.63287	-1	25.1968	0
chr3	134082800	134083000	4	7.53439	1	(4,4)	4.86811	1	25.0492	0
chr2	136873400	136873600	8	9.59437	1	(8,8)	6.51125	1	25.0418	0
chr1	25253200	25253400	8	7.06433	1	(3,8)	4.39725	1	25.0382	0
chr2	208632200	208632400	15	7.11615	1	(15,15)	5.87343	1	24.9715	0
chr6	31238600	31238800	8	8.6378	1	(8,8)	8.40814	1	24.8208	0
chr2	145271800	145272000	8	4.74232	1	(8,16)	3.16337	1	24.7799	0
chr3	134083400	134083600	8	7.15665	-1	(8,8)	3.55284	-1	24.6354	0
chr6	29911600	29911800	1	5.54839	1	(1,8)	7.38685	1	24.6031	0
chr17	1617400	1617600	8	5.12173	-1	(3,8)	4.00133	-1	24.5333	0
chr10	17273400	17273600	8	7.37344	1	(8,8)	6.37403	1	24.4196	0
chr2	145270400	145270600	3	3.43799	-1	(8,17)	1.46007	1	24.4041	0
chr8	145925800	145926000	15	6.42832	1	(12,15)	4.06756	1	24.3861	0
chr1	8763800	8764000	3	6.1213	-1	(14,15)	3.74225	1	24.3641	0
chr12	57869200	57869400	14	5.57306	-1	(14,15)	2.69506	-1	24.3334	0
chr2	145270600	145270800	1	2.77224	-1	(8,17)	1.45808	1	24.3031	0
chr5	131824800	131825000	8	7.30955	1	(8,8)	6.94645	1	24.2762	0
chr5	140797400	140797600	16	6.57699	1	(14,16)	6.36476	1	24.1976	0
chr1	207083400	207083600	8	5.51147	1	(4,8)	4.00465	1	24.1747	0
chr19	53636200	53636400	2	6.34818	-1	(2,2)	3.49616	-1	24.1228	0
chr5	140793200	140793400	12	7.31442	-1	(14,14)	6.96181	1	24.118	0
chr6	29692400	29692600	8	9.48802	1	(8,8)	7.43277	1	24.0877	0
chr6	30459400	30459600	8	9.20757	1	(8,8)	8.53512	1	24.0847	0
chr19	46282600	46282800	14	3.69027	1	(4,14)	3.86371	1	24.071	0
chr5	82771000	82771200	16	5.97	1	(15,16)	3.78811	1	23.9939	0
chr19	16439400	16439600	8	6.48531	1	(3,8)	4.70219	1	23.9077	0
chr19	35453000	35453200	8	6.14844	1	(8,12)	3.51298	1	23.8934	0
chr5	82770800	82771000	15	4.5211	1	(15,16)	3.64394	1	23.8871	0
chr14	77491800	77492000	7	5.71843	1	(4,7)	4.72258	1	23.8561	0
chr16	67969000	67969200	8	8.31279	1	(8,8)	7.39197	1	23.8155	0
chr1	145092600	145092800	3	9.06265	-1	(3,3)	7.86012	-1	23.7668	0
chr8	37557200	37557400	16	4.59354	1	(15,16)	4.75287	1	23.7657	0
chr19	2290400	2290600	14	5.13901	-1	(1,2)	3.3783	1	23.7321	0
chr8	145926000	145926200	16	4.10211	1	(15,16)	3.30699	1	23.7005	0
chr19	13124000	13124200	14	10.5342	1	(14,14)	11.7781	1	23.699	0
chr11	64509400	64509600	4	5.64297	1	(4,8)	4.19547	1	23.6635	0
chr6	28249800	28250000	2	5.74184	-1	(2,4)	5.0519	-1	23.6618	0
chr16	75285800	75286000	3	7.7256	-1	(3,3)	4.80349	-1	23.6551	0
chr1	231004800	231005000	14	8.64367	1	(14,14)	6.22354	1	23.6459	0
chr1	101705000	101705200	8	9.10621	1	(8,8)	7.41935	1	23.6339	0
chr3	193858600	193858800	14	5.24982	1	(14,15)	3.30226	1	23.6205	0
chr8	145925600	145925800	14	4.31049	-1	(15,16)	2.79487	1	23.6153	0
chr19	13207800	13208000	14	3.45786	1	(14,15)	2.15183	1	23.6093	0
chr5	140800800	140801000	12	7.76204	-1	(14,14)	7.89369	1	23.6051	0
chr10	62704600	62704800	3	4.54228	-1	(1,3)	2.57484	-1	23.6042	0
chr15	63339800	63340000	15	4.66699	1	(15,17)	2.90886	1	23.5927	0
chr6	132271400	132271600	15	5.28003	1	(14,15)	3.91234	1	23.5652	0
chr4	169798600	169798800	17	3.41764	1	(14,17)	3.70598	1	23.5484	0
chr11	118491600	118491800	3	6.44401	-1	(3,3)	3.32341	-1	23.5329	0
chr1	78353800	78354000	3	5.98029	-1	(1,3)	3.77801	-1	23.5007	0
chr11	57405400	57405600	3	5.74606	-1	(14,15)	3.46236	1	23.4825	0
chr17	55952000	55952200	9	4.84969	-1	(9,10)	2.85231	-1	23.4666	0
chr8	37556200	37556400	15	6.17317	1	(15,16)	4.34479	1	23.4558	0
chr1	32180200	32180400	14	6.13665	1	(11,14)	3.34374	1	23.4558	0
chr12	57869000	57869200	8	5.02925	1	(7,8)	5.11346	1	23.4325	0
chr19	2290800	2291000	4	4.71306	1	(3,4)	3.53845	1	23.4255	0
chr1	16480400	16480600	15	5.58301	1	(11,15)	5.50897	1	23.4186	0
chr1	207083200	207083400	14	5.6272	-1	(4,8)	4.79719	1	23.4036	0
chr17	79368400	79368600	15	9.96299	1	(15,15)	7.88589	1	23.3958	0
chr11	120195600	120195800	14	6.25482	1	(14,15)	4.94703	1	23.3827	0
chr1	207083600	207083800	7	5.10379	1	(7,8)	3.2513	1	23.3448	0
chr19	7580600	7580800	3	7.4591	-1	(3,3)	4.83145	-1	23.3161	0
chr11	60775600	60775800	14	5.56927	-1	(14,14)	2.44179	-1	23.3154	0
chr19	13207200	13207400	15	3.76569	1	(3,15)	2.92113	1	23.3124	0
chr22	20783400	20783600	4	6.28692	1	(4,14)	5.62985	1	23.3086	0
chr6	29911400	29911600	4	4.84874	-1	(1,8)	6.29617	1	23.3065	0
chr18	56514800	56515000	14	3.24117	1	(14,15)	2.5559	1	23.3006	0
chr11	15672000	15672200	15	3.8749	1	(14,15)	2.9871	1	23.2983	0
chr2	136873600	136873800	3	4.39322	1	(3,8)	3.53731	1	23.2903	0
chr17	36906800	36907000	15	6.01414	1	(14,15)	6.36384	1	23.2827	0
chr2	232545400	232545600	3	5.07971	-1	(1,3)	4.23324	-1	23.278	0
chr1	156541800	156542000	15	8.17832	1	(15,15)	5.79792	1	23.269	0
chr7	100423400	100423600	15	5.10675	1	(15,15)	2.32571	1	23.2619	0
chr11	117858800	117859000	8	7.2931	1	(3,8)	4.29292	1	23.2618	0
chr5	140800600	140800800	14	7.96205	1	(14,14)	7.96926	1	23.2492	0
chr19	49649200	49649400	15	8.3376	1	(15,15)	5.78388	1	23.2446	0
chr20	60943000	60943200	14	5.8959	1	(14,15)	5.27187	1	23.2418	0
chr1	231005000	231005200	15	5.83562	1	(15,15)	2.89936	1	23.2391	0
chr6	21598200	21598400	2	4.74646	-1	(1,2)	3.15858	-1	23.2388	0
chr22	37958000	37958200	15	8.72716	1	(15,15)	7.72807	1	23.2384	0
chr6	147828200	147828400	15	7.77051	1	(15,15)	5.91985	1	23.2284	0
chr6	24912000	24912200	8	5.29748	1	(3,8)	4.21178	1	23.2139	0
chr7	158823200	158823400	14	4.76295	1	(14,14)	3.15543	1	23.2093	0
chr5	140792800	140793000	14	7.30784	1	(14,14)	6.9405	1	23.2022	0
chr11	10952000	10952200	14	5.45173	1	(14,14)	3.57166	1	23.1996	0
chr11	706600	706800	15	8.23137	1	(15,15)	6.67807	1	23.1987	0
chr20	60943200	60943400	15	6.03631	1	(14,15)	5.88718	1	23.1982	0
chr11	6342000	6342200	3	6.05587	-1	(3,3)	3.88397	-1	23.1957	0
chr1	150228800	150229000	15	7.33475	1	(15,15)	5.66944	1	23.1891	0
chr9	124462200	124462400	15	5.76295	1	(14,15)	4.03002	1	23.1872	0
chr19	46283000	46283200	15	8.46606	1	(15,15)	5.86149	1	23.1719	0
chr5	98104200	98104400	14	6.10166	1	(4,14)	5.73968	1	23.1714	0
chr11	124615800	124616000	4	6.78433	1	(4,4)	4.82622	1	23.1714	0
chr11	69453200	69453400	15	9.63754	1	(15,15)	8.807	1	23.1643	0
chr19	16439800	16440000	3	4.89528	1	(3,8)	5.9003	1	23.1635	0
chr17	79314800	79315000	15	6.12708	1	(15,16)	5.21172	1	23.1556	0
chr12	118542200	118542400	14	7.07641	1	(4,14)	4.45554	1	23.1486	0
chr17	79374600	79374800	15	6.77262	1	(15,16)	3.75689	1	23.1479	0
chr16	89988600	89988800	15	9.03429	1	(15,15)	6.93695	1	23.145	0
