chr7	5528000	5528200	3	12.7768	1	(3,3)	12.5272	1	13.0258
chr20	49280000	49280200	3	10.4622	1	(3,3)	8.25088	1	12.8898
chr1	121742600	121742800	11	9.85304	1	(11,11)	7.19236	1	12.8292
chr17	41690000	41690200	3	12.5646	1	(3,3)	12.3016	1	12.8257
chr1	91387200	91387400	11	8.27472	1	(8,11)	7.0849	1	12.7969
chr17	81510600	81510800	3	12.0819	1	(3,3)	11.4216	1	12.7516
chr6	32974600	32974800	3	12.2984	1	(3,3)	11.8572	1	12.7361
chr22	39521400	39521600	3	12.2872	1	(3,3)	11.8572	1	12.713
chr12	20551400	20551600	11	7.8468	1	(8,11)	7.1933	1	12.6648
chr6	58452600	58452800	11	6.8357	1	(8,11)	7.61529	1	12.6474
chr2	132268000	132268200	11	8.49987	1	(8,11)	6.38675	1	12.5436
chr6	58450200	58450400	11	6.6659	1	(8,11)	7.35079	1	12.3796
chr11	65505400	65505600	3	11.7767	1	(3,3)	11.2071	1	12.3446
chr10	96801600	96801800	11	6.99065	1	(8,11)	7.1104	1	12.3284
chr19	3984000	3984200	3	11.6291	1	(3,3)	10.9948	1	12.2643
chr12	56160000	56160200	3	11.5119	1	(3,3)	10.7847	1	12.2518
chr1	234607200	234607400	3	11.2919	1	(3,3)	10.371	1	12.2251
chr3	186785600	186785800	3	11.4888	1	(3,3)	10.7847	1	12.2023
chr1	35190600	35190800	3	11.2688	1	(3,3)	10.371	1	12.1897
chr5	71850800	71851000	11	6.69178	1	(8,11)	7.05305	1	12.189
chr20	43459000	43459200	3	11.2669	1	(3,3)	10.371	1	12.1842
chr16	89561600	89561800	3	11.4797	1	(3,3)	10.7847	1	12.1799
chr21	8988200	8988400	11	5.98337	1	(8,11)	7.35079	1	12.1773
chr1	145994400	145994600	3	11.4789	1	(3,3)	10.7847	1	12.169
chrX	137438200	137438400	11	8.41362	1	(8,11)	5.38825	1	12.1552
chr14	35403000	35403200	3	11.3557	1	(3,3)	10.5768	1	12.1457
chr5	179621600	179621800	3	11.1466	1	(3,3)	10.1674	1	12.1393
chr14	87771200	87771400	11	6.70384	1	(8,11)	6.91302	1	12.1305
chr16	14486800	14487000	8	6.08486	1	(8,11)	7.05305	1	12.1197
chr21	8988400	8988600	8	5.95361	1	(8,11)	7.21244	1	12.1033
chr6	36597200	36597400	3	11.2212	1	(3,3)	10.371	1	12.0961
chr11	123060400	123060600	3	11.1214	1	(3,3)	10.1674	1	12.0848
chr8	69690000	69690200	11	6.57321	1	(8,11)	6.93634	1	12.0802
chr17	75778400	75778600	3	10.5864	1	(3,3)	9.18216	1	12.0554
chr9	63816800	63817000	11	9.60405	1	(11,11)	7.52672	1	11.9953
chr14	102085400	102085600	3	10.8477	1	(3,3)	9.76682	1	11.9756
chr16	34154600	34154800	11	6.26291	1	(8,11)	6.58715	1	11.9551
chr17	7574200	7574400	3	10.9388	1	(3,3)	9.96605	1	11.9397
chr19	12939800	12940000	3	10.6111	1	(3,3)	9.37489	1	11.936
chr13	27459600	27459800	11	6.9442	1	(8,11)	6.6294	1	11.9102
chr1	150577000	150577200	3	10.5194	1	(3,3)	9.18216	1	11.9053
chr14	69768400	69768600	3	11.0252	1	(3,3)	10.1674	1	11.889
chr17	43304600	43304800	8	6.41843	1	(8,11)	6.07762	1	11.843
chr17	35151000	35151200	11	6.95797	1	(8,11)	5.92666	1	11.8253
chr2	132271600	132271800	8	5.83749	1	(8,11)	6.52381	1	11.7793
chr12	54283200	54283400	3	9.79612	1	(3,3)	8.07107	1	11.7296
chr19	35575600	35575800	11	5.60488	1	(8,11)	6.35515	1	11.7034
chr8	144791200	144791400	3	10.5014	1	(3,3)	9.37489	1	11.6855
chr6	30616800	30617000	3	9.59879	1	(3,3)	7.71785	1	11.6562
chr2	132255000	132255200	8	7.45401	1	(8,11)	6.28778	1	11.6559
chr20	49282800	49283000	3	5.19096	1	(3,8)	5.50115	1	11.623
chr14	103335600	103335800	3	10.4786	1	(3,3)	9.37489	1	11.6156
chr10	3781800	3782000	3	10.4709	1	(3,3)	9.37489	1	11.6041
chr2	231711800	231712000	3	10.1388	1	(3,3)	8.80319	1	11.5787
chr2	132269200	132269400	11	5.95743	1	(8,11)	6.34251	1	11.5657
chr10	72275200	72275400	3	10.0577	1	(3,3)	8.61694	1	11.5641
chr9	76571800	76572000	11	5.92937	1	(8,11)	5.67573	1	11.5622
chr12	124913600	124913800	3	9.54805	1	(3,3)	7.71785	1	11.5478
chr12	127165800	127166000	11	5.90672	1	(8,11)	5.80527	1	11.5388
chr2	132259200	132259400	8	7.04683	1	(8,11)	6.05874	1	11.5274
chr11	85483800	85484000	8	7.58073	1	(8,11)	6.07762	1	11.517
chr11	8684200	8684400	3	9.68972	1	(3,3)	8.07107	1	11.4848
chr19	48966200	48966400	3	9.81179	1	(3,3)	8.25088	1	11.4734
chr19	55387200	55387400	3	9.98387	1	(3,3)	8.61694	1	11.4528
chr19	48873400	48873600	3	9.89411	1	(3,3)	8.43284	1	11.4511
chr9	137242200	137242400	3	9.99869	1	(3,3)	8.61694	1	11.4489
chr7	62509000	62509200	8	8.4528	1	(8,8)	5.86063	1	11.4402
chr22	39317800	39318000	3	9.74517	1	(3,3)	8.25088	1	11.4072
chr6	35469800	35470000	3	9.77719	1	(3,3)	8.25088	1	11.4055
chr19	18278600	18278800	3	10.0695	1	(3,3)	8.80319	1	11.3938
chr19	2271800	2272000	3	9.95467	1	(3,3)	8.61694	1	11.3641
chr19	49489400	49489600	3	9.94348	1	(3,3)	8.61694	1	11.353
chr14	68790200	68790400	3	9.44294	1	(3,3)	7.71785	1	11.3423
chr3	51994600	51994800	3	9.21541	1	(3,3)	7.37317	1	11.328
chr9	133349000	133349200	3	9.54032	1	(3,3)	7.89339	1	11.3274
chr19	14516000	14516200	3	9.72844	1	(3,3)	8.25088	1	11.3221
chr5	172769400	172769600	3	9.55185	1	(3,3)	7.89339	1	11.3164
chr16	30067200	30067400	3	9.50843	1	(3,3)	7.89339	1	11.3081
chr19	49497400	49497600	3	9.82345	1	(3,3)	8.43284	1	11.3074
chr11	61965400	61965600	3	9.81768	1	(3,3)	8.43284	1	11.3054
chrX	154399400	154399600	3	9.31902	1	(3,3)	7.54445	1	11.2833
chr16	34156600	34156800	8	6.68735	1	(8,11)	5.81364	1	11.2802
chr2	229180600	229180800	8	5.44829	1	(8,11)	6.30462	1	11.275
chr16	34150600	34150800	8	8.46551	1	(8,8)	5.99827	1	11.2623
chr11	62882800	62883000	3	8.78161	1	(3,3)	6.70926	1	11.249
chr1	156216400	156216600	8	7.64791	1	(8,11)	5.10197	1	11.2217
chr17	58005400	58005600	3	9.14455	1	(3,3)	7.37317	1	11.2089
chr12	34219600	34219800	11	5.14809	1	(8,11)	5.43816	1	11.185
chr6	58451400	58451600	8	5.30707	1	(8,11)	4.9779	1	11.1711
chr5	181242000	181242200	3	8.64756	1	(3,3)	6.54856	1	11.1685
chr17	4946200	4946400	3	9.34528	1	(3,3)	7.71785	1	11.1369
chr19	41861200	41861400	3	9.5519	1	(3,3)	8.07107	1	11.1319
chr2	132265600	132265800	8	5.83692	1	(8,11)	5.70914	1	11.1306
chr16	34160600	34160800	8	8.30599	1	(8,8)	5.86063	1	11.1302
chr11	64776800	64777000	3	9.25496	1	(3,3)	7.54445	1	11.1207
chr6	31540200	31540400	3	9.32707	1	(3,3)	7.71785	1	11.1122
chr19	58546000	58546200	3	9.05142	1	(3,3)	7.20401	1	11.1044
chr6	30490400	30490600	3	8.67881	1	(3,3)	6.54856	1	11.0958
chr6	73519400	73519600	3	9.24454	1	(3,3)	7.54445	1	11.0856
chr12	127166200	127166400	11	5.15621	1	(8,11)	4.84582	1	11.0817
