chr1	223195400	223205400	8
chr22	39706800	39716800	8
chr7	5563600	5573600	8
chr8	146011400	146021400	8
chr19	49992200	50002200	8
chr12	6640600	6650600	8
chr5	180666200	180676200	8
chr12	56550600	56560600	8
chr3	52022400	52032400	8
chr13	51742200	51752200	8
chr2	232570400	232580400	8
chr11	8703200	8713200	8
chr6	133133200	133143200	8
chr17	27045400	27055400	8
chr16	89623000	89633000	8
chr19	3978200	3988200	8
chr19	47653400	47663400	8
chr11	62431000	62441000	8
chr1	28831600	28841600	8
chr11	62618800	62628800	8
chr1	173830800	173840800	8
chr9	130205200	130215200	8
chr11	64526800	64536800	8
chr1	27328400	27338400	8
chr2	210162800	210172800	8
chr6	132220600	132230600	8
chr20	47895600	47905600	8
chr1	26737600	26747600	8
chr11	119287600	119297600	8
chr11	57405000	57415000	8
chr16	19864600	19874600	8
chr6	126020800	126030800	8
chr3	109049400	109059400	1
chr17	46124600	46134600	8
chr6	33238800	33248800	8
chr6	33747600	33757600	8
chr19	4406000	4416000	8
chr1	155161800	155171800	8
chr20	37054200	37064200	8
chr19	55910400	55920400	8
chr7	45017400	45027400	1
chr17	16341400	16351400	8
chr12	49517200	49527200	8
chrX	48892000	48902000	8
chr19	54703400	54713400	8
chr17	4845400	4855400	8
chr12	120630600	120640600	8
chr17	7474400	7484400	8
chr15	63335000	63345000	8
chr19	42363400	42373400	8
chr4	53577800	53587800	8
chr14	50044200	50054200	8
chr13	56148800	56158800	8
chr1	17758400	17768400	7
chr4	119196600	119206600	8
chr5	12660000	12670000	8
chr17	41377400	41387400	14
chr3	54667000	54677000	8
chr2	217362400	217372400	8
chr17	41149400	41159400	8
chr17	39844000	39854000	8
chr6	74224000	74234000	1
chr9	136213200	136223200	1
chr1	153956800	153966800	8
chr1	156044800	156054800	8
chr1	150543200	150553200	8
chr5	40826600	40836600	8
chr5	179042200	179052200	8
chr17	62496000	62506000	1
chr6	44213400	44223400	8
chr2	101618000	101628000	8
chr5	138608400	138618400	8
chr1	53785000	53795000	8
chr6	34384200	34394200	8
chr17	45212800	45222800	14
chr7	131229600	131239600	8
chr11	62472800	62482800	8
chr12	57479800	57489800	8
chr1	232262400	232272400	8
chr1	29062000	29072000	1
chr1	200373200	200383200	8
chr2	37424800	37434800	8
chr1	62659800	62669800	8
chr4	93189800	93199800	8
chr10	53791400	53801400	8
chr17	7136400	7146400	1
chr2	55457800	55467800	1
chr5	149820800	149830800	8
chr20	38896600	38906600	2
chr15	85143400	85153400	8
chr6	35435200	35445200	8
chrX	153625200	153635200	1
chr18	56526600	56536600	8
chr17	27068600	27078600	8
chr22	31734200	31744200	8
chr17	72200600	72210600	8
chr9	127615000	127625000	8
chr8	26491800	26501800	8
chr13	39593000	39603000	8
chr3	186499800	186509800	1
