chr7	27142800	27152800	24
chr17	46643200	46653200	9
chr17	46622200	46632200	11
chr17	46625600	46635600	23
chr17	46640200	46650200	24
chr17	46624400	46634400	11
chr18	19751600	19761600	4
chr12	115107800	115117800	23
chr7	27155400	27165400	23
chr12	115108600	115118600	23
chr1	201976200	201986200	19
chr17	46636600	46646600	9
chr9	139555400	139565400	9
chr7	27171200	27181200	14
chr7	27159400	27169400	23
chr7	27175600	27185600	14
chr17	46664000	46674000	24
chr2	220307200	220317200	4
chr22	39628800	39638800	23
chr5	140865000	140875000	3
chr1	144986400	144996400	22
chr3	123411000	123421000	3
chr17	48279000	48289000	23
chr15	96889600	96899600	10
chr17	56406200	56416200	23
chr17	46671800	46681800	24
chr19	13202400	13212400	11
chr17	56406600	56416600	23
chr16	86532000	86542000	4
chr17	56407600	56417600	22
chr12	115110000	115120000	23
chr22	39630200	39640200	23
chr5	92919800	92929800	23
chr2	220308800	220318800	18
chr15	96887200	96897200	23
chr17	59477200	59487200	23
chr17	46657000	46667000	23
chr17	59477400	59487400	23
chr5	92919600	92929600	23
chr12	115110400	115120400	10
chr17	59476600	59486600	23
chr17	48273800	48283800	23
chr2	133025000	133035000	22
chr2	237477400	237487400	9
chr11	1889600	1899600	23
chr16	86537600	86547600	4
chr11	1890000	1900000	23
chr5	140866600	140876600	4
chr22	20777000	20787000	11
chr7	27208800	27218800	24
chr7	27135600	27145600	24
chr17	48275400	48285400	10
chr1	209816200	209826200	9
chr5	92918800	92928800	23
chr17	47075200	47085200	23
chr1	966400	976400	24
chr1	209817200	209827200	9
chr10	45455800	45465800	4
chr5	1101000	1111000	4
chr17	47074400	47084400	23
chr12	54412600	54422600	22
chr12	7059800	7069800	4
chr5	148795600	148805600	13
chr1	144985400	144995400	22
chr2	133022000	133032000	24
chr3	13054200	13064200	10
chr2	189838400	189848400	4
chr3	13054800	13064800	10
chr22	28186200	28196200	4
chr3	50194800	50204800	4
chr11	86657000	86667000	22
chr15	81587000	81597000	9
chr17	48260800	48270800	11
chr5	141245400	141255400	9
chr17	43299000	43309000	3
chr1	111736200	111746200	18
chr1	167597000	167607000	4
chr18	53065600	53075600	1
chr7	27203600	27213600	24
chr17	48264400	48274400	11
chr11	114026800	114036800	11
chr11	2012000	2022000	22
chr11	2011800	2021800	22
chr14	93114600	93124600	9
chr18	53066000	53076000	1
chr14	93114800	93124800	9
chr18	19754000	19764000	9
chr15	40390200	40400200	9
chr3	50637200	50647200	9
chr10	88424600	88434600	9
chr10	88424800	88434800	9
chr3	50636800	50646800	9
chr11	86658600	86668600	22
chr6	1387400	1397400	4
chr14	105434800	105444800	3
chr7	150939600	150949600	17
chr17	43482200	43492200	19
chr14	93116600	93126600	9
chr12	7066200	7076200	22
chr6	34984400	34994400	4
