chr15	25291400	25341400	20
chr12	133655400	133705400	1
chr19	58741000	58791000	4
chr19	58675800	58725800	20
chr19	37004000	37054000	20
chr4	418400	468400	1
chr19	37201400	37251400	20
chr19	58475000	58525000	20
chr19	58041000	58091000	4
chr19	23518200	23568200	20
chr19	57045400	57095400	1
chr19	39137800	39187800	22
chr19	39138800	39188800	9
chr19	52463000	52513000	20
chr19	37903600	37953600	20
chr19	37109000	37159000	22
chr19	57037200	57087200	1
chr19	58605200	58655200	20
chr22	36719800	36769800	9
chr4	399200	449200	20
chr12	133757600	133807600	4
chr19	52358600	52408600	20
chr19	37349600	37399600	20
chr19	37285600	37335600	20
chr12	133720400	133770400	4
chr19	58667400	58717400	20
chr5	179671000	179721000	20
chr12	133483800	133533800	20
chr4	329800	379800	4
chr19	37614400	37664400	1
chr22	36687800	36737800	9
chr19	52592800	52642800	1
chr8	144985600	145035600	3
chr10	120791200	120841200	3
chr19	56914400	56964400	1
chr19	44955600	45005600	20
chr19	52790800	52840800	1
chr19	38022400	38072400	20
chr19	52354000	52404000	20
chr8	144987800	145037800	3
chr19	52868000	52918000	1
chr19	37874000	37924000	20
chr19	9447400	9497400	20
chr19	58459200	58509200	20
chr14	21688600	21738600	1
chr19	15356200	15406200	9
chr15	93424800	93474800	1
chr20	34282200	34332200	1
chr4	338200	388200	20
chr19	37220400	37270400	1
chr20	61536200	61586200	1
chr9	134268400	134318400	22
chr4	52800	102800	4
chr20	45940200	45990200	9
chr17	75420200	75470200	3
chr17	75420800	75470800	3
chr19	15368200	15418200	9
chr17	20898000	20948000	22
chr10	80826400	80876400	1
chr19	56145600	56195600	1
chr16	3326800	3376800	20
chr1	2158600	2208600	1
chr19	53706600	53756600	20
chr1	27018600	27068600	4
chr17	7117200	7167200	1
chr19	37610200	37660200	20
chr12	120654000	120704000	22
chr12	110717800	110767800	3
chr19	44951400	45001400	20
chr15	96864000	96914000	1
chr15	96864200	96914200	1
chr19	44339000	44389000	20
chr16	70555400	70605400	3
chr16	3419600	3469600	1
chr15	93421000	93471000	1
chr19	1236800	1286800	1
chr11	62293400	62343400	1
chr10	126801200	126851200	1
chr1	27881400	27931400	3
chr2	176931600	176981600	2
chr22	50172000	50222000	22
chr3	9430000	9480000	1
chr14	69397400	69447400	1
chr7	157128600	157178600	1
chr17	37023600	37073600	3
chr19	9484400	9534400	20
chr12	53845800	53895800	22
chr17	80183200	80233200	1
chr6	31587400	31637400	1
chr19	56885200	56935200	1
chr7	72887600	72937600	9
chr1	27016600	27066600	4
chr14	74205000	74255000	3
chr4	123800	173800	1
chr10	82213200	82263200	22
chr19	1406400	1456400	22
chr17	46654400	46704400	2
chr1	19763600	19813600	1
chr4	10070400	10120400	1
chr1	227818400	227868400	20
