chr1	7881000	7891000	7
chr15	65588000	65598000	2
chr4	80885200	80895200	7
chr19	52390000	52400000	20
chr9	34370600	34380600	1
chr11	65255200	65265200	13
chr5	37208800	37218800	22
chr14	99695600	99705600	21
chr17	41372600	41382600	8
chr1	144986200	144996200	13
chr15	40261400	40271400	7
chr20	36003800	36013800	2
chr12	7065200	7075200	9
chr7	64457800	64467800	4
chr19	46023200	46033200	11
chr19	57048800	57058800	1
chr4	151499800	151509800	2
chr3	125022600	125032600	5
chr17	40819200	40829200	3
chr19	58600800	58610800	4
chr5	179740600	179750600	22
chr17	3838800	3848800	2
chr12	85800	95800	19
chr19	15302400	15312400	22
chr9	98255800	98265800	17
chr17	7158200	7168200	2
chr9	134102400	134112400	17
chr19	46280800	46290800	9
chr18	18510600	18520600	21
chr8	141841000	141851000	14
chr17	7736400	7746400	9
chr19	47726400	47736400	9
chr19	7607400	7617400	22
chr19	12983600	12993600	19
chr1	156045000	156055000	1
chr19	18698600	18708600	2
chr19	14647400	14657400	10
chr19	56986400	56996400	1
chr19	56914400	56924400	20
chr17	43481200	43491200	9
chr19	46110200	46120200	2
chr19	48224400	48234400	6
chr11	65374000	65384000	9
chr9	130495600	130505600	1
chr19	3571000	3581000	3
chr20	34071400	34081400	7
chr19	38794200	38804200	5
chr8	48568200	48578200	2
chr19	35223400	35233400	1
chr6	167363200	167373200	2
chr19	48750000	48760000	1
chr19	53570600	53580600	20
chr1	179106400	179116400	5
chr17	45212800	45222800	19
chr18	103200	113200	19
chr8	8181600	8191600	14
chr8	614400	624400	7
chr19	14515200	14525200	11
chr11	118777600	118787600	9
chr18	56554200	56564200	12
chr16	3353200	3363200	20
chr17	49118400	49128400	5
chr7	61967200	61977200	19
chr1	201731600	201741600	21
chr7	131198000	131208000	16
chr6	58770200	58780200	19
chr6	26216600	26226600	1
chr3	31957000	31967000	20
chr17	17721000	17731000	9
chr2	145146800	145156800	7
chr17	47103600	47113600	19
chr11	66131200	66141200	2
chr13	48890200	48900200	4
chr19	58692200	58702200	20
chr8	6583200	6593200	6
chr5	60703600	60713600	5
chr19	18542600	18552600	22
chr19	17951800	17961800	2
chr6	27856400	27866400	3
chr7	63497200	63507200	21
chr4	198400	208400	22
chr7	73114800	73124800	5
chr8	61619600	61629600	5
chr1	223927200	223937200	6
chr19	13927800	13937800	22
chr5	140866200	140876200	23
chr1	155033600	155043600	2
chr2	27663400	27673400	11
chr2	237475800	237485800	2
chr19	45252200	45262200	9
chr16	67224600	67234600	9
chr7	151038200	151048200	2
chr16	4452400	4462400	6
chr6	35387000	35397000	21
chr19	4811600	4821600	16
chr11	63760400	63770400	6
chr16	31482400	31492400	1
chr2	102757200	102767200	1
chr5	140764000	140774000	20
chr19	35167200	35177200	4
