chr20	49278663	49288663	3
chr2	132265427	132275427	11
chr7	6687969	6697969	8
chr8	144836615	144846615	8
chr10	41856408	41866408	8
chr11	65496529	65506529	3
chr16	34147133	34157133	11
chr12	133044614	133054614	8
chr2	89827790	89837790	8
chr19	44474983	44485589	8
chr12	46364017	46374017	3
chr19	58190633	58200633	8
chr19	7076189	7086189	8
chr19	58253634	58263634	8
chr19	36546298	36556298	8
chr11	3357370	3367370	8
chr19	57613832	57623832	8
chr19	58203833	58214034	8
chr21	10702856	10712856	8
chr4	49146383	49156383	8
chr4	49647983	51794034	8
chr6	36594823	36604823	3
chr10	3776208	3786208	3
chr6	27448821	27458821	8
chr6	36595423	36605423	3
chr21	10726456	10736456	8
chr9	96755518	96765518	8
chr19	9526324	9536324	8
chr10	41878408	42104752	8
chr19	57979032	57989032	8
chr19	36710898	36720898	8
chr1	8869941	8879941	3
chr6	32968423	32978423	3
chr1	234603654	234613654	3
chr6	32968623	32978623	3
chr1	150570524	150580524	3
chr17	64497282	64507282	3
chr20	31711997	31721997	3
chr15	25068853	25078853	8
chr12	54277816	54287816	3
chr9	63816666	63826666	11
chr5	180254400	180264400	8
chr12	133186814	133196814	8
chr18	15410401	20940639	8
chr19	9560324	9570324	8
chr19	52062147	52072147	8
chr4	49111183	49121183	8
chr11	65418529	65428529	3
chr3	4977115	4987115	3
chr5	179615199	179625199	3
chr16	9092943	9102943	3
chr9	63815266	63825266	11
chr19	27240892	27250892	8
chr4	49102583	49112583	8
chr19	12522386	12532386	8
chr7	5058569	5068569	8
chr22	36327555	36337555	3
chr3	157151411	157161411	3
chr15	60389001	60399001	3
chr7	26194780	26204780	3
chr19	37234698	37244698	8
chr1	8866541	8876541	3
chr19	57569432	57579432	8
chr20	31235397	31245397	8
chr11	65417529	65427529	3
chr19	43838648	43848648	8
chr2	89809790	89819790	8
chr9	96753118	96763118	8
chr19	52111747	52121747	8
chr1	234605254	234615254	3
chr10	38844069	38854069	8
chr19	54200133	54210332	3
chr7	101164119	101174119	11
chr17	7571282	7581282	3
chr22	39310795	39320795	3
chr6	73514477	73524477	3
chr7	57487094	57497094	8
chr10	42298352	42308352	8
chr16	68556497	68566497	8
chr16	34143333	34153333	8
chr16	46391488	46401488	8
chr3	75733649	75743649	8
chr10	38525072	38581069	8
chr9	101399918	101409918	8
chr12	133100214	133110214	8
chr16	31911279	31921279	8
chr20	31708597	31718597	3
chr13	45332665	45342665	3
chr12	133005614	133015614	8
chr16	3282800	3292800	8
chr20	31231997	31241997	8
chr4	47004	57707	8
chr19	57542232	57552232	8
chr19	36540298	36550298	8
chr3	185927412	185937412	3
chr7	26191980	26201980	3
chr11	93732834	93742834	3
chr10	125887631	125897631	8
chr12	133079214	133089214	8
chr18	35299836	35309836	8
