chr19	3963400	4004600	8
chr7	5507600	5549200	8
chr2	231691400	231732600	8
chr12	56139600	56181400	8
chr19	49469000	49510200	8
chr17	41669600	41710600	8
chr14	35381600	35423600	8
chr8	144770600	144811600	8
chr22	39501200	39543400	8
chr17	7554000	7595600	8
chr5	181221600	181262400	8
chr3	51974200	52014800	8
chr7	62488400	62529200	14
chr16	89541400	89582400	8
chr17	43284400	43324800	14
chr17	47136800	47177200	14
chr20	49259800	49301400	8
chr6	58430200	58472800	14
chr19	18258400	18299200	8
chr1	121722400	121763600	14
chr1	91367000	91407600	14
chr19	49477400	49518000	8
chr19	35555400	35595800	14
chr19	1254400	1295200	8
chr19	27220800	27262400	14
chr16	46362800	46403400	14
chr2	132234400	132275400	14
chrX	62478000	62518400	14
chr16	30046800	30087600	8
chr6	119217200	119257600	14
chr11	65483800	65526000	8
chr19	12919600	12960600	8
chr11	62862600	62903800	8
chr5	71830600	71871000	14
chr14	87751000	87791600	14
chr6	58427400	58467600	14
chr10	41685000	41725400	14
chr18	20919800	20960400	14
chr18	88000	128400	14
chr2	92097400	92138000	14
chr12	20531200	20571600	14
chr11	8664000	8704400	8
chr11	85463600	85504000	14
chr10	41855000	41895600	14
chr2	92073000	92113400	14
chr19	2251400	2292200	8
chr1	28488000	28530600	8
chr4	67379600	67420000	14
chr5	50089800	50130000	14
chr4	49637200	49677800	14
chr16	34136400	34177000	14
chr10	96781400	96821800	14
chrX	137418000	137458400	14
chr16	34133000	34173400	14
chr19	48853400	48894600	8
chr18	88800	129600	14
chr2	92088400	92128800	14
chr18	52772600	52813000	14
chr21	8787000	8827400	14
chr16	34140400	34181600	14
chr13	27439400	27480000	14
chr8	45920600	45960800	14
chr12	6516000	6556600	8
chr17	35130800	35171200	14
chr16	34134400	34175200	14
chr21	8968000	9008600	14
chr11	54507400	54547800	14
chr16	34130400	34170800	14
chr19	55367000	55408000	8
chr1	121593800	121634400	14
chr9	63796600	63838800	14
chr17	4924600	4966800	8
chr10	3759200	3802200	8
chr4	69410800	69451000	14
chr11	6590800	6631400	8
chr2	92067600	92108000	14
chr8	69669800	69710200	14
chr8	43963400	44003600	14
chr21	10305400	10346200	14
chr12	49109800	49150200	8
chr17	81489000	81531600	8
chr2	132256800	132297200	14
chr2	132239000	132279800	14
chr14	68769000	68810400	8
chr2	132245600	132286000	14
chr8	43956200	43996600	14
chr1	156196400	156236800	14
chr2	132249200	132289600	14
chr2	132241200	132281600	14
chr2	229160600	229201000	14
chr11	54529000	54569600	14
chr22	49942600	49983200	8
chr14	102065400	102105800	8
chrX	58514600	58555000	14
chr5	179600600	179642000	8
