chr10	39103200	39153200	8
chr10	42355000	42405000	8
chr21	10773000	10823000	8
chr10	38769200	38819200	8
chr2	89830400	89880400	8
chr15	96864000	96914000	10
chr15	96863600	96913600	10
chr16	73056200	73106200	12
chr3	147085400	147135400	11
chr5	92904400	92954400	11
chr17	77762400	77812400	11
chr16	46386000	46436000	8
chr2	176943600	176993600	11
chr7	27128200	27178200	11
chr17	46617400	46667400	11
chr2	176996400	177046400	11
chr12	115100400	115150400	11
chr15	89907200	89957200	11
chr22	22678200	22728200	12
chr12	54405600	54455600	10
chr7	27216800	27266800	11
chr12	54318400	54368400	10
chr10	102467200	102517200	10
chr2	219717800	219767800	11
chr10	118885600	118935600	10
chr22	22555600	22605600	13
chr17	46676400	46726400	11
chr22	22733400	22783400	13
chr7	96612000	96662000	11
chr8	11532600	11582600	11
chr4	174413600	174463600	11
chr17	46789600	46839600	11
chr1	40134000	40184000	10
chr10	77149200	77199200	11
chr17	17582600	17632600	10
chr4	49104600	49154600	8
chr1	18938400	18988400	11
chr13	100601800	100651800	3
chr15	25291400	25341400	8
chr4	8853800	8903800	10
chr7	155235000	155285000	11
chr16	56657000	56707000	11
chr12	48382800	48432800	11
chr9	126756000	126806000	10
chr8	23537400	23587400	10
chr22	22409200	22459200	12
chr5	87953600	88003600	10
chr2	223141600	223191600	10
chr1	18934200	18984200	11
chr1	23675800	23725800	11
chr2	45148000	45198000	10
chr1	829400	879400	11
chr6	28731800	28781800	11
chr16	33929800	33979800	11
chr1	47877800	47927800	11
chr7	131193600	131243600	3
chr19	13123600	13173600	11
chr12	54474200	54524200	11
chr16	33864400	33914400	8
chr10	102874000	102924000	11
chr16	30668800	30718800	12
chr9	131124400	131174400	11
chr9	21961400	22011400	11
chr5	42995800	43045800	11
chr21	10823200	10873200	8
chr2	132995600	133045600	11
chr21	11091000	11141000	8
chr3	184275200	184325200	11
chr13	28515400	28565400	12
chr13	100598000	100648000	3
chr19	1733200	1783200	10
chr1	46911600	46961600	10
chr19	52358600	52408600	8
chr11	124583600	124633600	11
chr2	45139400	45189400	10
chr20	29803600	29853600	8
chr6	41336800	41386800	11
chr12	133682200	133732200	1
chr12	114831200	114881200	10
chr2	119587200	119637200	11
chr5	134797800	134847800	11
chr17	77743200	77793200	11
chr2	105454200	105504200	10
chr13	28356400	28406400	10
chr8	21879800	21929800	10
chr2	119589000	119639000	11
chr11	31813800	31863800	10
chr20	22527400	22577400	11
chr6	100027200	100077200	10
chr10	23451200	23501200	10
chr17	37747600	37797600	10
chr6	50778600	50828600	10
chr2	219821000	219871000	11
chr6	150240800	150290800	10
chr4	40200	90200	8
chr20	22533000	22583000	11
chr10	42385000	42435000	8
chr3	32856000	32906000	3
chr11	124697600	124747600	11
chr2	73110600	73160600	12
