chr1	7806800	7847400	11
chr15	65284600	65324800	1
chr4	79944400	79985200	20
chr19	51868400	51908600	22
chr11	65477400	65517600	1
chr9	34351000	34391600	23
chr17	43284200	43325000	23
chr14	99214400	99255600	21
chr15	39956200	39996800	13
chr1	148869200	148910200	18
chr20	37364800	37405000	11
chr12	6943000	6984400	3
chr19	56520000	56560200	4
chr19	45508000	45548800	23
chr5	37188800	37229400	22
chr7	64977800	65020000	20
chr3	125290600	125331000	4
chr17	42650200	42691400	11
chr4	150562200	150604200	23
chr5	180293800	180334400	22
chr19	58076800	58117000	4
chr17	3924600	3965000	1
chr12	-10000	30200	19
chr19	56456200	56496400	4
chr19	45758800	45799800	11
chr19	18570000	18610800	10
chr9	95474000	95515000	10
chr17	7240200	7280600	23
chr19	12853000	12893600	23
chr19	47206000	47246200	1
chr19	15177800	15218200	23
chr19	45595600	45636400	11
chr14	99216400	99256600	21
chr19	7531200	7571600	22
chr19	38283600	38325000	9
chr18	20918800	20959200	22
chr19	14516800	14557200	22
chr17	7818000	7858400	22
chr19	47710000	47750400	23
chr9	131208200	131249200	11
chr19	53056800	53097200	20
chr19	56385400	56425600	4
chr19	3556400	3596800	11
chr17	42649600	42689800	11
chr11	65586800	65627400	6
chr8	140819000	140859400	2
chr9	127721600	127763000	7
chr6	166931200	166971400	13
chr17	45385200	45426000	2
chr1	179122400	179163200	4
chr17	47117200	47157400	19
chr8	47639400	47679600	1
chr8	653400	693800	7
chr18	58867000	58907800	11
chr7	131502400	131542800	16
chr1	156056200	156097200	9
chr19	14385600	14426200	11
chr19	48229400	48269800	11
chr8	8304600	8345400	13
chr18	88200	128400	21
chr11	118890400	118930600	1
chr4	193400	234200	21
chr6	58430200	58472400	22
chr7	62488600	62529200	23
chr20	35470400	35511200	3
chr19	34715400	34756000	4
chr6	26205400	26246000	23
chr11	66349800	66390400	16
chr17	51026800	51067000	12
chr2	27422200	27462800	13
chr16	3284200	3324400	4
chr5	61388400	61428800	22
chr8	60693800	60734400	22
chr11	47334800	47375400	1
chr5	141471400	141512000	23
chr3	31897400	31937800	14
chr1	201750800	201791000	10
chr8	6712800	6753400	13
chr17	49016000	49056200	19
chr16	2071200	2111600	8
chr7	151330000	151370200	13
chr16	3286400	3326600	4
chr13	48299000	48340400	4
chr16	4382400	4422800	16
chr19	58162000	58202200	22
chr19	18414000	18454200	9
chr1	223729200	223769400	22
chr19	17821600	17862200	11
chr15	23546000	23586600	22
chr1	26843200	26884000	23
chr7	73683600	73724400	16
chr16	67179000	67219800	22
chr19	4796000	4836200	11
chr6	27871600	27912400	13
chr7	64025400	64066000	1
chr19	34659000	34699400	20
chr5	141372600	141413000	20
chr19	13797600	13838200	22
chr11	63978800	64019200	16
chr19	52376400	52416600	20
