chr17	32732800	32733000	15	11.8747	-1	(15,20)	23.7494	-1	39.8951	0
chr4	304000	304200	21	11.8747	-1	(12,21)	23.7494	-1	39.0829	7.09112e-08
chr2	60530800	60531000	14	10.2897	-1	(3,14)	20.5795	-1	37.3169	8.08388e-06
chr1	11501200	11501400	20	11.8747	-1	(20,23)	23.7494	-1	36.6676	1.92879e-05
chr17	21311200	21311400	20	11.0822	-1	(19,20)	22.1644	-1	36.5832	2.04933e-05
chr11	1392400	1392600	10	11.3747	-1	(10,23)	22.7494	-1	36.5811	2.04933e-05
chr17	44820600	44820800	13	11.3747	-1	(12,13)	22.7494	-1	36.5623	2.11315e-05
chr17	61402400	61402600	3	11.3747	-1	(3,12)	22.7494	-1	36.3938	2.44644e-05
chr5	180829400	180829600	18	11.3747	-1	(18,20)	22.7494	-1	36.1964	3.01373e-05
chr1	100354400	100354600	13	11.3747	-1	(12,13)	22.7494	-1	36.1902	3.02791e-05
chr6	161205000	161205200	12	11.3747	-1	(3,12)	22.7494	-1	36.1484	3.14137e-05
chr17	72468200	72468400	10	11.3747	-1	(3,10)	22.7494	-1	36.0462	3.42501e-05
chr4	95545800	95546000	18	11.3747	-1	(2,18)	22.7494	-1	36.0103	3.58102e-05
chr6	10557000	10557200	3	11.3747	-1	(3,16)	22.7494	-1	35.928	3.90721e-05
chr16	88633600	88633800	7	11.3747	-1	(7,23)	22.7494	-1	35.8254	4.31849e-05
chr5	53483400	53483600	6	11.8747	-1	(6,24)	23.7494	-1	35.68	4.89287e-05
chr14	33800800	33801000	20	11.3747	-1	(20,24)	22.7494	-1	35.5219	5.60199e-05
chr3	192887000	192887200	13	11.8747	-1	(5,13)	23.7494	-1	35.4427	5.97782e-05
chr19	58182000	58182200	20	10.7137	-1	(20,22)	21.4275	-1	35.4403	5.992e-05
chr1	156647200	156647400	9	11.8747	-1	(9,24)	23.7494	-1	35.2214	6.90675e-05
chr8	144109200	144109400	8	10.2897	-1	(8,23)	20.5795	-1	35.2087	6.97766e-05
chr5	10638400	10638600	25	11.0822	-1	(6,25)	22.1644	-1	35.1904	7.03439e-05
chr1	146175200	146175400	16	11.0822	-1	(5,16)	22.1644	-1	34.928	8.5448e-05
chr12	72275000	72275200	5	10.8747	-1	(5,23)	21.7494	-1	34.8401	9.09082e-05
chr2	42052400	42052600	9	11.0822	-1	(9,17)	22.1644	-1	34.8117	9.30355e-05
chr15	89395000	89395200	9	9.39761	-1	(9,23)	18.7952	-1	34.7703	9.5801e-05
chr19	58054400	58054600	21	11.8747	-1	(15,21)	23.7494	-1	34.6156	0.000104949
chr3	56754800	56755000	20	10.7137	-1	(20,22)	21.4275	-1	34.5953	0.000106225
chr7	1570600	1570800	9	9.38302	-1	(1,9)	21.2791	-1	34.5782	0.000107218
chr19	57706800	57707000	20	10.5822	-1	(12,20)	21.1644	-1	34.5653	0.000107856
chr1	3078000	3078200	10	11.3747	-1	(10,23)	22.7494	-1	34.5541	0.000108565
chr13	39597800	39598000	10	10.7137	-1	(10,16)	21.4275	-1	34.536	0.000109629
chr21	46515000	46515200	20	11.0822	-1	(11,20)	22.1644	-1	34.5023	0.000112678
chr2	60531200	60531400	4	8.85251	-1	(4,14)	17.705	-1	34.4756	0.000114663
chr18	13642200	13642400	8	10.2897	-1	(8,23)	20.5795	-1	34.4749	0.000114663
chr14	99242000	99242200	4	9.25074	-1	(4,15)	18.5015	-1	34.439	0.000116791
chr3	99640400	99640600	23	10.8747	-1	(5,23)	21.7494	-1	34.3996	0.000119202
chr13	99966600	99966800	3	11.8747	-1	(3,24)	23.7494	-1	34.3885	0.00011984
chr17	4950800	4951000	3	10.2897	-1	(3,14)	20.5795	-1	34.3655	0.0001214
chr8	79890600	79890800	25	11.8747	-1	(2,25)	23.7494	-1	34.3541	0.000122535
chr22	46791200	46791400	1	11.3747	-1	(1,18)	22.7494	-1	34.328	0.000124166
chr5	60673200	60673400	19	8.91638	-1	(10,19)	21.954	-1	34.3073	0.000126009
chr16	56782200	56782400	3	10.8747	-1	(3,22)	21.7494	-1	34.2983	0.000127002
chr8	1816600	1816800	2	11.3747	-1	(2,24)	22.7494	-1	34.2903	0.000127569
chr8	30638400	30638600	3	11.3747	-1	(3,12)	22.7494	-1	34.2576	0.000130122
chr2	69536000	69536200	6	10.7137	-1	(6,22)	21.4275	-1	34.1936	0.000134944
chr3	197848000	197848200	3	11.3747	-1	(3,11)	22.7494	-1	34.1793	0.000136291
chr15	89395800	89396000	10	10.0245	-1	(10,23)	20.049	-1	34.1405	0.00013927
chr14	102931400	102931600	23	11.3747	-1	(7,23)	22.7494	-1	34.0851	0.000143028
chr2	236573600	236573800	25	10.2137	-1	(4,25)	20.4275	-1	34.0476	0.000145581
chr19	50532200	50532400	18	10.274	-1	(18,20)	22.2732	-1	33.9786	0.00015019
chr10	3777800	3778000	6	11.3747	-1	(6,18)	22.7494	-1	33.9656	0.000150686
chr1	209220400	209220600	19	11.8747	-1	(2,19)	23.7494	-1	33.9632	0.000150757
chr11	46912200	46912400	9	10.2137	-1	(9,16)	20.4275	-1	33.9482	0.000152105
chr5	68290600	68290800	1	10.8747	-1	(1,9)	21.7494	-1	33.9187	0.000155154
chr17	44913800	44914000	15	9.75074	-1	(1,15)	19.5015	-1	33.8844	0.00015799
chr13	48511800	48512000	22	9.67855	-1	(7,22)	19.3571	-1	33.8601	0.000160188
chr9	86944200	86944400	9	11.0822	-1	(9,22)	22.1644	-1	33.7666	0.000168769
chr5	141235000	141235200	23	10.7137	-1	(21,23)	21.4275	-1	33.7662	0.00016884
chr5	141421600	141421800	20	8.88246	-1	(20,23)	20.8152	-1	33.7503	0.000170471
chr6	135184200	135184400	23	10.2897	-1	(8,23)	20.5795	-1	33.7491	0.000170541
chr11	1392600	1392800	24	9.67855	-1	(12,24)	19.3571	-1	33.7469	0.000170683
chr22	25490000	25490200	24	11.0822	-1	(20,24)	22.1644	-1	33.7366	0.000171676
chrX	3699600	3699800	18	10.0822	-1	(4,18)	20.1644	-1	33.6759	0.000176923
chr21	20802600	20802800	18	10.145	-1	(2,18)	20.29	-1	33.6484	0.000179618
chr15	99107400	99107600	22	9.34903	-1	(3,22)	20.2833	-1	33.6336	0.000181107
chr19	33063600	33063800	3	10.8747	-1	(3,22)	21.7494	-1	33.5977	0.000184936
chr14	50559000	50559200	24	11.8747	-1	(13,24)	23.7494	-1	33.5663	0.000187418
chr1	182602200	182602400	16	10.2137	-1	(9,16)	20.4275	-1	33.5524	0.000188837
chr14	99241200	99241400	15	9.25074	-1	(4,15)	18.5015	-1	33.5424	0.000190184
chr14	99242400	99242600	15	9.25074	-1	(4,15)	18.5015	-1	33.4928	0.000194793
chr7	157674400	157674600	6	11.8747	-1	(6,24)	23.7494	-1	33.4902	0.000195077
chr19	11357000	11357200	16	10.2137	-1	(11,16)	20.4275	-1	33.4685	0.000197204
chr11	72732200	72732400	6	11.3747	-1	(6,18)	22.7494	-1	33.4376	0.000200395
chr7	86760200	86760400	2	11.8747	-1	(2,17)	23.7494	-1	33.4282	0.000201388
chr10	11825400	11825600	23	10.5822	-1	(5,23)	21.1644	-1	33.4083	0.000203373
chr19	3244200	3244400	5	9.19593	-1	(5,19)	18.3919	-1	33.4072	0.000203586
chr4	95546000	95546200	15	9.75074	-1	(1,15)	19.5015	-1	33.405	0.000204012
chr12	121288200	121288400	5	11.8747	-1	(5,14)	23.7494	-1	33.3789	0.000206281
chr13	73062400	73062600	18	8.64628	-1	(4,18)	19.4967	-1	33.369	0.000207132
chr19	45971000	45971200	11	10.0245	-1	(11,23)	20.049	-1	33.3026	0.000214152
chr2	219251400	219251600	4	10.145	-1	(4,24)	20.29	-1	33.2595	0.000218761
chr19	1454200	1454400	11	10.0245	-1	(11,23)	20.049	-1	33.2583	0.000218974
chr8	94892000	94892200	22	10.7137	-1	(6,22)	21.4275	-1	33.2337	0.000222094
chr7	138961200	138961400	17	11.0822	-1	(9,17)	22.1644	-1	33.2202	0.000223867
chr2	224973200	224973400	25	8.33788	-1	(10,25)	20.6528	-1	33.2107	0.000225001
chr3	50609800	50610000	5	11.0822	-1	(5,16)	22.1644	-1	33.2085	0.000225498
chr5	343400	343600	23	10.8747	-1	(20,23)	21.7494	-1	33.2066	0.000225781
chr4	7655000	7655200	23	11.3747	-1	(8,23)	22.7494	-1	33.2066	0.000225781
chr2	113887000	113887200	16	9.21513	-1	(10,16)	20.6742	-1	33.197	0.000226987
chr20	3165800	3166000	7	10.5822	-1	(7,15)	21.1644	-1	33.1853	0.000227412
chr3	25433800	25434000	5	9.83097	-1	(5,14)	19.6619	-1	33.1749	0.000228547
chr19	55494400	55494600	14	9.75074	-1	(14,24)	19.5015	-1	33.1742	0.000228547
chr19	34679200	34679400	6	9.61292	-1	(4,6)	19.2258	-1	33.153	0.000230036
chr8	37804400	37804600	14	8.68084	-1	(14,24)	19.8402	-1	33.1527	0.000230036
chr3	48655400	48655600	11	10.0245	-1	(11,23)	20.049	-1	33.1419	0.000230887
chr18	58185800	58186000	19	10.145	-1	(12,19)	20.29	-1	33.1396	0.000231312
chr8	58071800	58072000	15	9.71374	-1	(4,15)	19.4275	-1	33.1394	0.000231383
chr5	147507800	147508000	3	9.61292	-1	(3,22)	19.2258	-1	33.1225	0.000233085
chr14	33946600	33946800	4	10.8747	-1	(4,25)	21.7494	-1	33.1182	0.00023344
