chr15	25295200	25320200	8
chr21	10698200	10723200	10
chr2	133011800	133036800	11
chr10	42375800	42400800	8
chr21	10702800	10727800	10
chr19	58701200	58726200	8
chr16	33952000	33977000	11
chr19	58757000	58782000	8
chr3	75775400	75800400	8
chr2	133018600	133043600	11
chr2	133006000	133031000	11
chr2	89855000	89880000	8
chr12	133616200	133641200	8
chr4	43400	68400	12
chr21	10780000	10805000	8
chr4	49634000	49659000	8
chr16	33943800	33968800	11
chr19	37298800	37323800	8
chr21	10797800	10822800	8
chr19	58478800	58503800	8
chr3	147108600	147133600	11
chr19	44976800	45001800	8
chr2	91769400	91794400	10
chr9	68406600	68431600	11
chr7	27140400	27165400	12
chr19	58629400	58654400	8
chr16	46385800	46410800	8
chr4	111535800	111560800	11
chr2	89842400	89867400	8
chr11	31817200	31842200	11
chr12	133675200	133700200	8
chr21	10772000	10797000	8
chr11	31819600	31844600	11
chr4	49098200	49123200	8
chr2	91796800	91821800	12
chr19	37109000	37134000	8
chr4	424200	449200	8
chr15	96864000	96889000	3
chr2	45158400	45183400	3
chr1	91171800	91196800	2
chr4	63400	88400	8
chr15	25320400	25345400	8
chr13	100610800	100635800	3
chr19	37201000	37226000	8
chr3	75761200	75786200	8
chr12	133711400	133736400	8
chr7	6721400	6746400	6
chr16	46411000	46436000	8
chr4	13524200	13549200	10
chr19	37364600	37389600	8
chr21	11107800	11132800	8
chr19	9445000	9470000	8
chr12	133679000	133704000	8
chr16	46416800	46441800	8
chr19	9444400	9469400	8
chr19	37023800	37048800	8
chr10	102483800	102508800	12
chr15	68109000	68134000	3
chr14	37111600	37136600	10
chr19	37227800	37252800	8
chr7	27181400	27206400	12
chr19	37361800	37386800	8
chr18	55091600	55116600	2
chr4	415800	440800	8
chr16	68586000	68611000	8
chr19	44966000	44991000	8
chr12	133624600	133649600	8
chr19	37224400	37249400	8
chr2	218701800	218726800	3
chr10	39117400	39142400	8
chr19	58623200	58648200	8
chr9	68400000	68425000	11
chr2	172948600	172973600	11
chr4	49143000	49168000	8
chr3	134069600	134094600	3
chr14	38052000	38077000	11
chr5	140729400	140754400	8
chr10	101278400	101303400	2
chr2	119592000	119617000	11
chr7	156793000	156818000	6
chr2	176943200	176968200	11
chr9	37018200	37043200	10
chr10	124886200	124911200	11
chr10	124886800	124911800	11
chr10	102972600	102997600	6
chr19	52808200	52833200	8
chr19	38053000	38078000	8
chr4	49141600	49166600	8
chr15	53073600	53098600	12
chr5	178344000	178369000	2
chr7	6714400	6739400	8
chr2	63271600	63296600	2
chr2	105465200	105490200	10
chr2	223152600	223177600	2
chr11	113929000	113954000	3
chr21	10835800	10860800	8
chr19	38041600	38066600	8
chr17	77764200	77789200	6
chr5	179670200	179695200	8
chr17	77763400	77788400	6
