chr15	25291400	25341400	8
chr10	42355000	42405000	8
chr21	10774200	10824200	8
chr19	58676600	58726600	8
chr2	89830400	89880400	8
chr10	39104800	39154800	8
chr19	58739000	58789000	8
chr12	133655400	133705400	2
chr16	46385800	46435800	8
chr4	415400	465400	8
chr10	38769200	38819200	8
chr16	46394800	46444800	8
chr2	176938200	176988200	11
chr19	37004200	37054200	8
chr19	37201000	37251000	8
chr16	33932800	33982800	11
chr19	58667200	58717200	1
chr19	58471800	58521800	8
chr19	58040800	58090800	8
chr4	402400	452400	8
chr21	10824400	10874400	8
chr4	49106600	49156600	8
chr10	102467800	102517800	11
chr2	132995800	133045800	11
chr4	42600	92600	8
chr12	54319400	54369400	11
chr17	46675200	46725200	11
chr19	52495400	52545400	8
chr21	11097800	11147800	8
chr3	75753400	75803400	8
chr19	52358400	52408400	8
chr19	44955400	45005400	8
chr17	46785200	46835200	11
chr19	52355200	52405200	1
chr19	58607800	58657800	8
chr19	44953800	45003800	8
chr7	27203000	27253000	11
chr12	133723400	133773400	8
chr19	38022600	38072600	8
chr19	57047800	57097800	2
chr12	133574800	133624800	8
chr21	10828200	10878200	8
chr12	133757000	133807000	8
chr4	49114600	49164600	8
chr19	37210400	37260400	8
chr12	54369600	54419600	10
chr8	11533000	11583000	11
chr2	132989600	133039600	11
chr19	37614000	37664000	8
chr19	37349400	37399400	8
chr19	37108600	37158600	1
chr19	52790600	52840600	8
chr4	330600	380600	1
chr4	54800	104800	8
chr13	100601800	100651800	11
chr19	57036600	57086600	2
chr19	37875000	37925000	8
chr12	133484000	133534000	8
chr21	10747200	10797200	8
chr19	58452400	58502400	8
chr19	37903200	37953200	8
chr19	23518200	23568200	8
chr4	337400	387400	8
chr10	102874400	102924400	11
chr19	56910600	56960600	1
chr6	10380400	10430400	10
chr19	37282000	37332000	1
chr7	6697400	6747400	8
chr9	126756000	126806000	11
chr19	37602800	37652800	8
chr2	219821200	219871200	11
chr16	3327600	3377600	3
chr19	1237000	1287000	3
chr19	9447400	9497400	8
chr22	36719800	36769800	3
chr19	1733400	1783400	12
chr19	1237600	1287600	3
chr19	52583600	52633600	8
chr2	176993400	177043400	11
chr10	42380400	42430400	8
chr19	1240400	1290400	3
chr5	179670600	179720600	8
chr10	102965000	103015000	11
chr19	56901400	56951400	1
chr15	96864000	96914000	3
chr10	118885600	118935600	11
chr15	89905200	89955200	11
chr11	31815000	31865000	10
chr17	77746000	77796000	12
chr5	140762200	140812200	1
chr2	92275000	92325000	8
chr3	147083400	147133400	11
chr7	96612600	96662600	11
chr19	52872800	52922800	1
chr6	100030800	100080800	11
chr16	3419800	3469800	8
chr19	53700200	53750200	1
chr7	155227800	155277800	11
chr6	28735400	28785400	11
chr6	30410600	30460600	10
