chr17	41371600	41392400	14
chr17	45211200	45231400	14
chr17	41390200	41411200	14
chr17	45248800	45269200	14
chr17	45239200	45259600	14
chr20	47886200	47908600	8
chr12	2355000	2375200	12
chr12	85400	105600	14
chr3	196615400	196635800	14
chr7	5557400	5578800	8
chr19	58731000	58751600	12
chr17	39836200	39856800	8
chr11	65261800	65284200	8
chr20	42077800	42098000	8
chr17	45204400	45224800	14
chrX	114994600	115015200	14
chr14	102541400	102562200	8
chr11	8695600	8716000	8
chr6	133127000	133147800	8
chr6	32932200	32953000	8
chr5	179037400	179059000	8
chr17	56072800	56093400	8
chr13	80901000	80921800	8
chr1	35646000	35666800	8
chr12	133333800	133354200	14
chr2	217354600	217375200	8
chr6	74218000	74239200	8
chr22	39907600	39929600	8
chr11	62611000	62632000	8
chr3	186492400	186514200	8
chr16	89618000	89638800	8
chr19	49990600	50011200	8
chr6	35427400	35448200	8
chr1	203266200	203288200	8
chr16	14570800	14591200	14
chr8	146006200	146027000	8
chr12	56543400	56565000	8
chr14	103791800	103812400	8
chr17	45225400	45245800	14
chr19	49982400	50003200	8
chr9	130201600	130222400	8
chr1	86038200	86058800	8
chr16	30068200	30089000	8
chr14	70225000	70245600	8
chr12	6635200	6655800	8
chr19	49366800	49388000	8
chr12	54665800	54687400	8
chr19	13040600	13061400	8
chr19	42355200	42375600	8
chr6	31497800	31518400	8
chr22	18868400	18888600	14
chr6	31794800	31815600	8
chr20	29601200	29621600	14
chr17	45202800	45223200	12
chr14	35861600	35882800	8
chr19	2261600	2282200	8
chr2	232566200	232587400	8
chr14	69245600	69267000	8
chr20	47889000	47910400	8
chr5	140689400	140709800	12
chr3	52018600	52039200	8
chr18	98000	119600	14
chr17	7467600	7488400	8
chr19	18379600	18400000	8
chr18	18508800	18530000	14
chr7	158377800	158398200	12
chr14	67501200	67521600	14
chr19	1264600	1285200	8
chr22	50346400	50367000	8
chr17	76343200	76364400	8
chr1	11063800	11084200	8
chr1	28824400	28846000	8
chr2	101610000	101630400	8
chr19	3973600	3994400	8
chr17	45224200	45244600	14
chr17	4839400	4860200	8
chr5	177623200	177643600	8
chr7	99687200	99707600	8
chr17	79465800	79488600	8
chr13	44998200	45019000	8
chr6	58767200	58789400	14
chr19	27726400	27747000	14
chr19	55888400	55909200	8
chr9	136206000	136226400	8
chrX	48423800	48444600	8
chr1	145430200	145451400	8
chr21	9815400	9836400	14
chr19	54695600	54717000	8
chr10	127573800	127595600	12
chr22	39702200	39724200	8
chr11	122920000	122941400	8
chr6	36554800	36576800	8
chr19	57978000	57998200	12
chr19	14617000	14637600	8
chr2	91806400	91827000	14
chr19	49110600	49131200	8
chr5	140464200	140484600	12
chr1	150537200	150558600	8
chr11	62640200	62660800	8
chr17	16333400	16354000	8
