chr11	3122600	3172600	3
chr6	52159400	52209400	1
chr7	79495600	79545600	6
chr8	120490600	120540600	4
chr11	96305400	96355400	1
chr3	88195600	88245600	1
chr13	78162400	78212400	12
chr11	98922600	98972600	6
chr11	3110600	3160600	3
chr8	84700400	84750400	6
chr7	70321800	70371800	6
chr2	74703600	74753600	3
chr18	37725400	37775400	12
chr6	52209600	52259600	3
chr10	80131200	80181200	6
chr10	80134200	80184200	6
chr11	3172800	3222800	3
chr10	80123800	80173800	6
chr9	91348800	91398800	1
chr11	120215200	120265200	6
chr11	98927600	98977600	6
chr15	102993200	103043200	3
chr9	61357000	61407000	6
chr2	30676400	30726400	12
chr8	120531200	120581200	6
chr8	57307600	57357600	3
chr2	26458600	26508600	6
chr9	61366200	61416200	6
chr18	35826600	35876600	6
chr14	122447000	122497000	6
chr8	108688200	108738200	6
chr4	133009600	133059600	4
chr11	98906800	98956800	6
chr3	34630800	34680800	6
chr8	120260600	120310600	6
chr5	125130800	125180800	6
chr4	148877800	148927800	6
chr2	165851400	165901400	4
chr8	84683000	84733000	6
chr2	38331400	38381400	3
chr10	80291800	80341800	7
chr9	65131600	65181600	9
chr2	18025000	18075000	6
chr2	165840400	165890400	12
chr9	107587800	107637800	6
chr14	25455600	25505600	6
chr18	75360600	75410600	6
chr18	37804200	37854200	3
chr4	154467200	154517200	3
chr4	139795800	139845800	3
chr7	142532000	142582000	6
chr1	42672000	42722000	6
chr2	26468600	26518600	6
chr9	107596000	107646000	6
chr1	78167000	78217000	1
chr10	80275800	80325800	7
chr2	18026800	18076800	6
chr2	165837200	165887200	12
chr13	63524400	63574400	4
chr10	81558800	81608800	6
chr10	42565400	42615400	3
chr1	42670600	42720600	6
chr11	120203200	120253200	6
chr1	75442600	75492600	6
chr9	61337000	61387000	6
chr6	114872400	114922400	6
chr2	33600000	33650000	3
chr8	108680400	108730400	6
chr5	119796600	119846600	3
chr13	23536400	23586400	6
chr11	69981000	70031000	6
chr14	63227200	63277200	3
chr10	81383800	81433800	6
chr17	47873000	47923000	6
chr11	88670600	88720600	4
chr5	111408000	111458000	6
chr4	133000000	133050000	6
chr7	79477600	79527600	6
chr11	98739800	98789800	6
chr11	117306600	117356600	6
chr2	105648200	105698200	3
chr7	70335600	70385600	6
chr10	81316800	81366800	6
chr18	75353000	75403000	6
chr5	119647200	119697200	1
chr4	106907200	106957200	6
chr10	79900400	79950400	6
chr10	79898000	79948000	6
chr3	87944000	87994000	6
chr13	40699600	40749600	1
chr1	75439200	75489200	6
chr19	7133000	7183000	4
chr19	7133600	7183600	4
chr15	82920000	82970000	6
chr11	88546800	88596800	6
chr13	83710600	83760600	6
chr14	122437200	122487200	6
chr10	127506800	127556800	12
chr9	107533400	107583400	6
chr14	25575400	25625400	4
