chr17	48546638	48596638	11
chr17	48539638	48589638	15
chr7	27096981	27146981	11
chr17	50163439	50213439	4
chr11	114061878	114111878	16
chr14	100857063	100907063	19
chr14	93936654	93986654	22
chr12	53996216	54046216	23
chr11	114125678	114175678	24
chr14	93935654	93985654	22
chr12	54006616	54056616	10
chr11	114120078	114170078	24
chr11	1951170	2001170	22
chr11	114064078	114114078	16
chr1	226941099	226991099	21
chr6	41686262	41736262	22
chr18	77064844	77114844	16
chr20	44135160	44185160	6
chr6	41682662	41732662	22
chr17	48532238	48582238	15
chr2	219414278	219464278	22
chr13	110371053	110421053	11
chr16	88879192	88929192	4
chr2	219415878	219465878	22
chr1	207804055	207854055	3
chr19	18420590	18470590	16
chr11	114082078	114132078	16
chr3	66392976	66442976	6
chr11	1924570	1974570	22
chr2	219418678	219468678	22
chr2	219419878	219469878	22
chr1	226944299	226994299	21
chr5	150613638	150663638	22
chr2	47026461	47076461	3
chr10	86664243	86714243	24
chr1	226944899	226994899	21
chr14	100814063	100864063	9
chr1	167627563	167677563	22
chr17	59332839	59382839	14
chr2	217797277	217847277	5
chr10	124640631	124690631	7
chr2	217795677	217845677	5
chr10	29585671	29635671	19
chr3	66398176	66448176	6
chr12	124392454	124442454	12
chr19	13055586	13105586	16
chr5	150611638	150661638	22
chr2	127049024	127099024	13
chr10	29582871	29632871	19
chr10	69451244	69501244	23
chr9	134727354	134777354	19
chr20	44143360	44193360	6
chr1	156461808	156511808	4
chr9	134698154	134748154	19
chr2	85728677	85778677	23
chr2	85731477	85781477	23
chr2	85727877	85777877	23
chr10	79147643	79197643	3
chr9	95059518	95109518	14
chr10	44955552	45005552	14
chr10	69458244	69508244	12
chr1	226649499	226699499	3
chr9	121707921	121757921	18
chr1	207810855	207860855	3
chr5	78500377	78550377	22
chr1	226650099	226700099	3
chr5	149766237	149816237	20
chr11	114170878	114220878	20
chr10	29589471	29639471	19
chr10	95391043	95441043	2
chr8	133488557	133538557	20
chr8	133489957	133539957	20
chr16	70681497	70731497	10
chr15	41908602	41958602	11
chr7	27152181	27202181	4
chr12	124415254	124465254	12
chr8	22541687	22591687	12
chr2	25292331	25342331	6
chr9	134387954	134437954	11
chr17	57866839	57916839	15
chr2	219423878	219473878	23
chr17	57874439	57924439	11
chr22	46034920	46084920	16
chr16	4203799	4253799	16
chr2	127631625	127681826	12
chr1	10650543	10700543	4
chr14	54666082	54716082	15
chr7	130874641	130924641	13
chr8	22538887	22588887	12
chr11	75301156	75351156	4
chr2	217911077	217961077	12
chr7	130895441	130945441	8
chr10	79390444	79440444	14
chr12	124374054	124424054	11
chr8	22547487	22597487	12
chr17	48578238	48628238	9
chr7	47458802	47508802	14
chr10	62036241	62086241	4
chr9	134765754	134815754	9
chr8	22545687	22595687	12
