chr11	65264400	65274400	3
chr8	99951800	99961800	10
chr7	155595800	155605800	11
chr2	175191200	175201200	11
chr17	35290400	35300400	11
chr1	92943800	92953800	11
chr5	122422000	122432000	10
chr5	54520600	54530600	10
chr19	18714800	18724800	11
chr3	138656600	138666600	11
chr6	32935000	32945000	3
chr6	108484200	108494200	11
chr17	35291600	35301600	11
chr8	25897400	25907400	11
chr15	76629800	76639800	10
chr11	43595800	43605800	10
chr8	25898000	25908000	11
chr11	75914600	75924600	11
chr6	1604800	1614800	11
chr2	175193000	175203000	11
chr1	47898400	47908400	10
chr18	55099400	55109400	11
chr6	5999600	6009600	11
chr6	108485800	108495800	11
chr19	18716200	18726200	11
chr20	21079000	21089000	11
chr11	128555600	128565600	11
chr4	54958000	54968000	11
chr17	8020600	8030600	11
chr11	75916000	75926000	11
chr1	180197400	180207400	11
chr16	67193000	67203000	10
chr10	124901400	124911400	11
chr13	79174200	79184200	10
chr21	38064400	38074400	11
chr14	37116200	37126200	10
chr17	77808600	77818600	11
chr2	19550400	19560400	10
chr17	59480600	59490600	10
chr1	214153200	214163200	12
chr17	48041000	48051000	10
chr2	172944000	172954000	10
chr18	55100800	55110800	11
chr3	128201000	128211000	10
chr9	79627000	79637000	11
chr6	108435000	108445000	11
chr1	200002400	200012400	11
chr6	1384000	1394000	11
chr18	55097000	55107000	11
chr7	100806800	100816800	12
chr12	57609000	57619000	11
chr7	5458600	5468600	3
chr10	131761000	131771000	11
chr15	68118600	68128600	11
chr6	108435200	108445200	11
chr17	79475800	79485800	3
chr5	1877800	1887800	11
chr6	32936600	32946600	3
chr12	49730600	49740600	11
chr2	63274000	63284000	11
chr10	131757000	131767000	11
chr4	174442600	174452600	10
chr2	73142600	73152600	11
chr17	79476000	79486000	3
chr15	53075400	53085400	10
chr9	14342000	14352000	11
chr3	128202600	128212600	10
chr2	63274400	63284400	11
chr15	41214600	41224600	11
chr10	102499000	102509000	10
chr12	4378000	4388000	3
chr19	10397800	10407800	11
chr15	53076400	53086400	10
chr12	57608200	57618200	11
chr1	214152200	214162200	12
chr15	41214400	41224400	11
chr2	175193800	175203800	11
chr20	21493200	21503200	11
chr7	35291800	35301800	11
chr15	25310600	25320600	8
chr7	155599200	155609200	11
chr17	77765200	77775200	11
chr12	49732400	49742400	11
chr1	50883800	50893800	11
chr4	4854600	4864600	11
chr3	134083600	134093600	3
chr9	96713200	96723200	11
chr9	124975800	124985800	10
chr15	74420000	74430000	11
chr1	91182800	91192800	11
chr20	39311800	39321800	11
chr15	25294200	25304200	8
chr7	156794200	156804200	10
chr2	119592600	119602600	10
chr2	72368000	72378000	10
chr4	4866000	4876000	10
chr9	129372200	129382200	11
chr10	71328400	71338400	12
chr4	54960600	54970600	11
chr14	37126400	37136400	10
