chr11	128463905	128513905	10
chr14	22490612	22554501	10
chr14	22479811	22541057	10
chr7	50319004	50381102	10
chr5	157184189	157234390	2
chr7	50328604	50390702	10
chr1	198643870	198694071	1
chr14	100064263	100114263	8
chr14	99209263	99259263	8
chr1	198637070	198687271	8
chr6	24882172	24932172	1
chr6	24881772	24931772	1
chr5	157189189	157239390	1
chr5	170249596	170299596	10
chr14	99214863	99264863	8
chr4	40197580	40247580	8
chr5	134109509	134159509	2
chr1	198655271	198705271	1
chr11	35142053	35192053	2
chr7	50299804	50361902	10
chr1	226687099	226737099	8
chr22	36327155	36377155	8
chr1	198629870	198680071	8
chr22	36328755	36378755	8
chr9	114347920	114397920	8
chr11	35147853	35197853	8
chr3	30611508	30661508	8
chr4	108124044	108174044	14
chr3	18399708	18449708	8
chr10	11169237	11219237	8
chr2	196129476	196179476	10
chr2	92086974	92136974	16
chr1	226682099	226732099	4
chr7	27150781	27200781	14
chr2	132238627	132288627	15
chr3	30630908	30680908	8
chr3	18393308	18443308	8
chr11	128484705	128534705	10
chr12	9651004	9701004	8
chr22	39912196	39962196	10
chr4	35800	89112	3
chr1	167469763	167519763	10
chr6	24911972	24961972	4
chr2	157402288	157452288	8
chr9	89436885	89486885	8
chr5	134085909	134135909	8
chr10	41838408	42104752	14
chr10	71724843	71774843	8
chr9	120888322	120938322	8
chr14	100076663	100126663	8
chr17	48577238	48627238	14
chr16	56991088	57041088	1
chr3	52230784	52280784	4
chr1	167471763	167521763	10
chr3	52234984	52284984	4
chr7	43601401	43651401	8
chr15	92879970	92929970	2
chr11	60973128	61023128	4
chr6	111711997	111761997	10
chr8	30059284	30109284	8
chr12	53951016	54001016	14
chr11	60969928	61019928	4
chr6	111731597	111781597	10
chr2	68736268	68786268	8
chr2	68738468	68788468	8
chr14	91369456	91419456	2
chr10	80456444	80506444	1
chr14	100079263	100129263	8
chr2	68742068	68792068	8
chr14	21220441	21270441	10
chr7	130911641	130961641	10
chr5	39149298	39199298	8
chr16	34130333	34180333	14
chr2	157388288	157438288	8
chr10	80462044	80512044	8
chr5	39169098	39219098	2
chr17	77435718	77485718	8
chr1	206550272	206601846	8
chr5	134119309	134169309	2
chr4	108046644	108096644	1
chr15	25063453	25113453	6
chr7	139060654	139110654	2
chr15	31328797	31378797	8
chr2	176091272	176141272	14
chr19	41861131	41914048	2
chr10	11151237	11201237	8
chr2	196145476	196195476	10
chr14	91309256	91359256	8
chr8	133032955	133083156	8
chr10	71729043	71779043	8
chrX	136626041	136676041	8
chr6	42004662	42054662	8
chr16	56980288	57030288	8
chr13	99952946	100002946	2
chr14	91308056	91358056	8
chr2	174568672	174618672	8
chr9	127935521	127985521	2
chr17	77446118	77496118	8
chr14	61444682	61494682	8
chr10	14523601	14573601	10
