chr6	58776600	58779400	8
chr1	121484200	121485400	11
chrX	136520200	136520600	11
chr20	47896400	47900800	3
chr2	133025200	133027600	11
chr17	31149400	31150000	8
chr1	91852600	91853200	11
chr13	28033600	28034200	11
chr17	41400200	41401200	11
chr12	20704200	20704600	11
chr14	88237400	88238000	11
chr2	133028200	133031800	8
chr12	127650400	127651000	8
chr21	9825400	9827600	8
chr17	41381600	41382400	8
chr9	79186400	79187000	11
chr10	98561200	98561600	8
chr8	70602200	70602600	11
chr17	33478000	33478400	11
chr4	80273600	80274800	11
chr17	45266400	45266800	11
chr19	16436800	16438200	3
chr20	26188600	26190400	11
chr16	33956400	33958000	8
chrY	10022200	10024200	8
chr17	76353200	76355200	3
chr1	203276200	203278400	3
chr9	68412400	68414600	8
chr17	41466000	41466400	11
chr16	14580800	14581200	8
chr17	79476000	79479400	3
chr12	34372400	34372800	11
chr8	82754600	82755000	11
chr20	29611000	29612600	8
chr2	208631800	208633000	3
chr5	71146600	71147000	8
chr19	58740800	58741400	8
chr2	133032400	133033600	8
chr1	145439800	145442400	3
chr6	30458200	30458800	3
chr14	35870400	35873000	3
chr19	39898400	39899600	3
chr11	65271600	65273600	3
chr5	172195600	172197000	3
chr3	75718000	75720400	8
chr7	5567400	5569400	3
chr4	190943800	190944000	11
chr1	35656200	35656800	3
chr2	133014600	133015800	8
chr14	69255800	69257800	3
chr12	89742600	89743400	3
chr6	32940400	32941400	3
chr15	63336200	63336800	3
chr2	133022800	133024200	8
chr22	50356200	50357200	3
chr9	110249200	110250000	3
chr22	18718000	18718400	8
chr20	42087800	42088000	3
chr14	75746600	75748400	3
chr1	234742400	234744000	3
chrX	108297400	108298000	8
chr7	100550600	100551000	8
chr6	31322600	31323800	3
chr6	32942200	32943000	3
chr11	85194800	85195200	8
chr5	179048600	179049000	3
chr12	133658200	133658400	8
chr22	39917200	39919600	3
chr3	75720600	75721800	8
chr8	37555000	37556200	3
chr17	39845800	39846600	3
chr10	3822200	3824600	3
chr2	43451200	43452800	3
chr2	230045400	230045800	8
chr10	77158600	77159400	3
chr19	49376600	49379200	3
chr2	133034200	133035000	8
chr19	3983800	3984400	3
chr19	1251400	1252200	3
chr3	73160000	73160200	11
chr12	56553400	56555000	3
chr13	80911000	80911800	3
chr5	140800600	140801200	8
chr3	51429800	51430200	3
chr19	58219000	58219600	8
chr15	96877400	96878200	3
chr13	45008200	45009000	3
chr5	180257000	180257400	8
chr2	133016600	133017400	8
chr17	8065000	8065200	3
chr10	74034600	74036000	3
chr4	151504000	151505200	8
chr14	77491800	77492800	3
chr2	232576400	232577200	3
chr12	54676200	54677400	3
chr6	36565000	36565600	3
chr15	81295000	81295400	3
chr19	58126400	58126800	8
chr19	2271600	2272200	3
chr19	50000600	50001000	3
