chr7	42237801	42238001	22	8.87952	1	17.378	0
chrX	84187592	84187792	22	8.87952	1	17.213	0
chr3	195443071	195443271	1	9.44811	1	17.1136	0
chr14	26597994	26598194	22	8.87952	1	17.0382	0
chrX	31266683	31266883	22	8.92182	1	17.0088	0
chr1	12386941	12387141	20	8.71586	-1	16.9548	0
chr20	6767353	6767553	22	8.92182	1	16.9461	0
chrX	50813200	50813400	22	8.82943	1	16.7557	0
chrX	106802370	106802570	1	8.39556	-1	16.711	0
chr1	201468272	201468472	4	9.1408	1	16.6611	0
chr11	65488129	65488329	13	9.02094	1	16.6368	0
chr9	14314201	14314401	22	8.65349	1	16.6223	0
chr6	17393969	17394169	22	8.09133	1	16.5627	0
chr10	125160631	125160831	1	8.37683	-1	16.5606	0
chrX	37348947	37349147	22	8.92182	1	16.5403	0
chr17	32927982	32928182	22	8.65349	1	16.537	0
chr2	149330286	149330486	1	8.39556	-1	16.5207	0
chr7	82443884	82444084	22	8.65349	1	16.4434	0
chr18	10454803	10455003	22	8.65349	1	16.4056	0
chr19	34860296	34860496	1	9.52046	1	16.389	0
chr16	68549097	68549297	20	8.50294	-1	16.3512	0
chr12	88580423	88580623	23	8.37057	1	16.3351	0
chr3	134363558	134363758	4	9.02205	1	16.2879	0
chr4	134201445	134201645	22	8.82943	1	16.1828	0
chr9	32384402	32384602	1	8.50177	-1	16.1819	0
chr12	6768034	6768234	4	8.75146	1	16.1626	0
chr20	50172063	50172263	23	8.50693	1	16.1529	0
chr10	58512640	58512840	22	8.87952	1	16.1234	0
chr15	59371601	59371801	4	8.5011	1	16.1123	0
chr19	58305034	58305234	1	8.39556	-1	16.0889	0
chr22	23856613	23856813	16	8.3402	1	16.0441	0
chr17	48892438	48892638	1	8.98676	1	16.0376	0
chr4	41360583	41360783	1	8.07791	-1	16.0199	0
chr15	67968062	67968262	23	8.42199	1	16.0122	0
chr11	94767834	94768034	23	8.46835	1	16.0102	0
chr8	74984365	74984565	22	8.4542	1	16.0069	0
chr12	51821616	51821816	1	9.14505	1	15.9955	0
chr7	47581002	47581202	4	8.47706	1	15.9922	0
chr8	13566691	13566891	22	8.09133	1	15.9729	0
chr5	78646977	78647177	23	8.19656	1	15.9671	0
chr2	132347027	132347227	22	8.09133	1	15.9572	0
chr11	7020369	7020569	23	8.19656	1	15.9385	0
chr4	183987647	183987847	22	8.77429	1	15.9334	0
chr9	35539003	35539203	22	8.18372	1	15.9261	0
chr4	84691247	84691447	22	8.82943	1	15.9201	0
chr20	62794248	62794448	1	9.29907	1	15.9061	0
chr1	56645127	56645327	1	7.97236	-1	15.8864	0
chr6	71420897	71421097	23	8.13377	1	15.8712	0
chrX	154805525	154805725	1	8.28951	-1	15.8658	0
chr21	15729681	15729881	1	8.28951	-1	15.8658	0
chr12	75391020	75391220	1	8.28951	-1	15.8658	0
chr7	90211086	90211286	23	8.37057	1	15.8653	0
chr16	22190879	22191079	1	7.76176	-1	15.8625	0
chr1	94541844	94542044	1	8.18363	-1	15.8604	0
chr12	56521816	56522016	1	8.18363	-1	15.8604	0
chr8	8227878	8228078	1	8.9062	1	15.8552	0
chr14	29927594	29927794	1	7.97236	-1	15.8427	0
chr15	89912568	89912768	1	8.37683	-1	15.8384	0
chr3	25428109	25428309	23	8.37057	1	15.8226	0
chr4	186725646	186725846	23	8.42199	1	15.8148	0
chr17	18697487	18697687	16	8.03237	1	15.8089	0
chr3	168096012	168096212	1	8.50177	-1	15.7981	0
chr10	128149936	128150136	16	8.3402	1	15.7975	0
chr13	51456264	51456464	11	8.63347	1	15.7912	0
chrX	129523623	129523823	22	8.03618	1	15.7857	0
chr19	33794895	33795095	23	8.37057	1	15.7831	0
chr4	143336247	143336447	1	8.18363	-1	15.7732	0
chr19	9792724	9792924	1	8.18363	-1	15.7732	0
chr6	35496423	35496623	22	8.87952	1	15.773	0
chr11	111927076	111927276	1	7.6755	1	15.7643	0
chr7	11831774	11831974	23	8.06911	1	15.7561	0
chr1	63774529	63774729	22	8.4542	1	15.7552	0
chr21	16588080	16588280	22	8.65349	1	15.7447	0
chr3	134373158	134373358	4	8.82219	1	15.7394	0
chr11	57763728	57763928	4	8.75146	1	15.7323	0
chr3	55486772	55486972	23	8.37057	1	15.7284	0
chr16	75250302	75250502	4	8.52995	1	15.7284	0
chr19	44808943	44809143	23	8.25722	1	15.7215	0
chr19	8525916	8526116	11	8.18907	1	15.7214	0
chr17	42155182	42155382	1	8.07791	-1	15.7182	0
chr4	156971248	156971448	22	8.09133	1	15.7169	0
chr17	76540518	76540718	23	8.31539	1	15.7147	0
chr11	57598527	57598727	23	8.37057	1	15.7075	0
chr7	26397780	26397980	23	8.50693	1	15.7073	0
chr7	55887907	55888107	1	8.18363	-1	15.7041	0
chr3	23805709	23805909	1	8.18363	-1	15.7041	0
chr19	53431747	53431947	1	8.18363	-1	15.7041	0
chr10	22229471	22229671	1	8.18363	-1	15.7041	0
chr15	70891861	70892061	23	8.42199	1	15.702	0
chr1	178094865	178095065	23	8.42199	1	15.6957	0
chr8	121641760	121641960	23	8.42199	1	15.6944	0
chr3	57079172	57079372	1	7.95104	-1	15.6913	0
chr8	121639360	121639560	23	8.46835	1	15.6852	0
chr19	49453143	49453343	1	7.86697	-1	15.6826	0
chr1	46132928	46133128	1	8.39556	-1	15.6787	0
chr18	55586369	55586569	23	8.50693	1	15.6776	0
chr2	64751066	64751266	1	8.25065	1	15.6773	0
chr1	147928887	147929087	1	8.55852	1	15.6756	0
chr1	235328285	235328485	1	8.82475	1	15.6721	0
chr9	111038120	111038320	22	7.97728	1	15.671	0
