chr21	10651656	10701656	8
chr3	147375213	147425213	11
chr15	96320771	96370771	11
chr13	99945546	99995546	3
chr2	132238427	132288427	12
chr15	96319771	96369771	11
chr16	73023501	73073501	11
chrX	71096950	71146950	11
chr12	114662595	114712595	11
chr17	48540438	48590438	11
chr16	34127333	34177333	11
chr10	38483672	38579669	8
chr10	38810069	38860069	8
chr17	79788201	79838201	11
chr9	40874772	40930371	13
chrX	40062347	40112347	2
chr10	41837608	42103952	8
chrX	40138947	40188947	2
chr2	89787797	89844190	8
chrX	40137747	40187747	2
chr7	131509041	131559041	3
chr9	40872372	40927971	13
chrX	40063547	40113547	2
chr3	32814308	32864308	3
chr15	25046253	25096253	8
chr5	93569294	93619294	11
chr21	10356056	10406056	8
chr5	88656582	88706783	11
chr15	89367169	89417169	11
chr13	99940946	99990946	3
chr2	44923661	44973661	11
chr19	51855747	51905747	3
chr4	38999	92313	8
chr7	27090381	27140381	11
chr2	176081072	176131072	11
chr20	30397124	31245197	8
chr17	48593038	48643038	12
chr7	27140581	27190581	11
chr17	48502838	48552838	11
chr3	184556812	184606812	2
chr1	18627306	18677306	11
chr7	96982688	97032688	11
chr8	41281481	41331481	2
chr8	41281681	41331681	2
chr2	44912261	44962261	11
chr2	91579343	91632974	11
chr4	173490449	173540449	11
chr8	11675491	11725491	11
chr10	125113031	125163031	3
chr20	22547762	22597762	11
chr17	17680886	17730886	11
chr12	133105614	133155614	8
chr6	28764623	28814623	11
chr8	41286081	41336081	2
chr4	424611	474611	8
chrX	40125947	40175947	2
chr9	126604521	126654521	11
chr21	10409256	10459256	8
chr9	123996121	124046121	11
chr17	38557764	38608347	11
chr12	54012016	54062016	11
chr2	218853077	218903278	11
chr17	79769601	79819601	3
chr10	100707443	100757443	11
chr16	36043029	46422488	8
chr20	22552362	22602362	11
chr1	46445128	46495128	11
chr2	222277481	222327481	11
chr14	56798882	56848882	3
chr7	27197381	27247381	11
chr11	31788252	31838453	11
chr12	132351214	132401214	7
chr10	117126089	117176089	11
chr17	38554764	38605347	11
chr19	13011786	13061786	11
chr2	118812424	118862424	11
chr1	18607706	18657706	11
chr5	42997498	43047498	11
chr21	10701856	10751856	8
chr11	31786052	31836253	11
chr2	176143272	176193272	11
chrX	133370772	133420772	3
chr21	10775856	12977279	8
chr3	181692812	181742812	3
chrX	154427854	154479861	1
chrX	153843145	153893346	12
chr9	128379321	128429321	11
chr3	75641049	75691049	11
chr4	49102583	49152583	8
chr10	75390642	75440642	11
chrX	129936824	129986824	11
chr17	49952436	50002436	11
chrX	129936424	129986424	11
chrX	69240757	69290757	10
chr12	132427614	132477614	8
chr4	110601644	110651644	11
chr6	50806087	50856087	11
chr2	104839142	104889142	11
chr17	48715238	48765238	11
chrX	70411350	70461350	3
