chr1	1245200	1245400	3
chr16	448200	448400	3
chr15	37385200	37386800	3
chr15	81295200	81295400	3
chr15	89876600	89876800	3
chr15	89914000	89914800	3
chr15	89915800	89916400	3
chr16	70717400	70717600	3
chr15	89920600	89923000	3
chr15	37384200	37384400	3
chr14	105865800	105866000	3
chr14	74185200	74185800	3
chr14	73958800	73959200	3
chr14	69255200	69257400	3
chr14	23792200	23792600	3
chr15	89951200	89951800	3
chr14	75747400	75748200	3
chr16	69363000	69363400	3
chr16	89628200	89628600	3
chr17	80053800	80054400	3
chr17	70120400	70121400	3
chr17	74730400	74732200	3
chr17	75463000	75463400	3
chr17	79475800	79479000	3
chr17	5976000	5976400	3
chr16	57675200	57677800	3
chr16	1034400	1034600	3
chr16	2203000	2203400	3
chr16	2256400	2256800	3
chr16	2262800	2263000	3
chr16	29831600	29832200	3
chr16	30078600	30078800	3
chr16	31194000	31194200	3
chr16	2013600	2013800	3
chr14	103985200	103986800	3
chr14	103802000	103802200	3
chr14	102551600	102552000	3
chr12	56436800	56437000	3
chr12	56119600	56121600	3
chr12	6646200	6647000	3
chr11	6632400	6632800	3
chr11	10828200	10828600	3
chr11	61732600	61733400	3
chr12	56553200	56554200	3
chr11	62491600	62491800	3
chr11	62650200	62652200	3
chr11	66444000	66444200	3
chr11	67035200	67035400	3
chr11	67352400	67352600	3
chr11	69458800	69459200	3
chr11	75112200	75112400	3
chr11	62621000	62622200	3
chr12	56650600	56650800	3
chr12	57485000	57485600	3
chr12	89742200	89743400	3
chr14	93649800	93650200	3
chr14	90866400	90867600	3
chr14	77491800	77493000	3
chr14	23777200	23777400	3
chr13	52334400	52335000	3
chr13	92002600	92003000	3
chr13	110433600	110436200	3
chr13	45913800	45914000	3
chr12	54676000	54678200	3
chr12	51633800	51634000	3
chr12	49579600	49580200	3
chr12	49523400	49523800	3
chr12	6861000	6861200	3
chr12	6713600	6714000	3
chr12	56077600	56078400	3
chr17	79848200	79848400	3
chr11	82440400	82441000	3
chr17	79827400	79827600	3
chr17	79669000	79669400	3
chr19	58218800	58219000	3
chr19	13136000	13136600	3
chr19	56168400	56168600	3
chr19	18388800	18390200	3
chr19	19313200	19313400	3
chr19	36604400	36604600	3
chr20	10649400	10650000	3
chr19	13050800	13051200	3
chr19	1235800	1236000	3
chr19	1251800	1252000	3
chr19	1270800	1271200	3
chr19	1565600	1566200	3
chr19	2271600	2272200	3
chr19	3983800	3984600	3
chr19	8387400	8387800	3
chr19	5691800	5692000	3
chr20	60879200	60879800	3
chr20	49545200	49545400	3
chrX	48433800	48434000	3
chrX	1509800	1510000	3
chr22	31738200	31739000	3
chr22	38709600	38710400	3
chr22	39713200	39714400	3
chr22	39917600	39919800	3
chr20	57482200	57482400	3
chr22	50521200	50521800	3
