chr21	10325656	10325856	14	6.71564	1	11.9813	0
chrX	40145347	40145547	14	5.4277	-1	9.9675	0
chrX	41253547	41253747	14	4.30732	-1	9.60995	0
chrX	53223818	53224018	4	4.30131	-1	9.49406	0
chrX	53442053	53442253	14	3.01674	-1	8.65746	0
chrX	16882277	16882477	14	5.00675	-1	8.62405	0
chr22	18894287	18894487	14	4.59166	1	8.62116	0
chr12	54282216	54282416	8	4.83052	-1	8.491	7.09112e-08
chr17	1717306	1717506	3	4.43388	-1	8.46385	7.09112e-08
chr11	65504129	65504329	8	4.41127	-1	8.45576	7.09112e-08
chr16	25112479	25112679	4	5.27463	-1	8.43408	7.09112e-08
chrX	13937681	13937881	14	4.63734	-1	8.41537	7.09112e-08
chrX	40153147	40153347	14	3.5324	-1	8.37984	1.41822e-07
chrX	115888467	115888667	14	3.3206	-1	8.37478	1.41822e-07
chrX	69285957	69286157	14	4.13157	-1	8.24795	2.12734e-07
chrX	41275947	41276147	14	4.23183	-1	8.21633	2.12734e-07
chr19	11739185	11739385	3	4.25799	-1	8.12008	2.12734e-07
chrX	40083947	40084147	14	3.25505	-1	8.03247	2.12734e-07
chr15	55742002	55742202	14	4.37436	-1	8.02747	2.12734e-07
chrX	15855277	15855477	1	4.06978	1	7.99436	3.54556e-07
chr5	88691183	88691383	14	4.34369	-1	7.98954	3.54556e-07
chr9	101449518	101449718	14	2.38006	-1	7.97353	3.54556e-07
chrX	40082747	40082947	11	2.71098	1	7.96001	3.54556e-07
chr11	69640432	69640632	14	3.5608	-1	7.9324	3.54556e-07
chr19	49363143	49363343	3	3.54962	-1	7.89416	4.96379e-07
chr14	24141991	24142191	3	4.04801	-1	7.88702	4.96379e-07
chrX	40167347	40167547	14	4.30732	-1	7.88467	4.96379e-07
chr3	169966212	169966412	3	3.87785	-1	7.88447	4.96379e-07
chr1	155935009	155935209	3	4.78547	-1	7.82454	7.80023e-07
chr22	18730487	18730687	14	6.01353	1	7.82035	7.80023e-07
chr7	124765346	124765546	14	4.36907	-1	7.79591	8.50935e-07
chr9	88387285	88387485	3	3.01761	-1	7.79556	8.50935e-07
chr17	74987305	74987505	3	3.71697	-1	7.76838	8.50935e-07
chrX	9466560	9466760	14	3.86242	-1	7.75942	8.50935e-07
chr1	44808128	44808328	3	3.90529	-1	7.75254	9.21846e-07
chr13	20566461	20566661	3	4.04801	-1	7.7395	9.21846e-07
chr16	11916343	11916543	3	3.55046	-1	7.71673	9.21846e-07
chrX	40095147	40095347	14	3.3206	-1	7.71478	9.21846e-07
chr8	98945572	98945772	14	2.78094	-1	7.71101	9.21846e-07
chrX	40091147	40091347	15	3.62594	-1	7.69365	9.92757e-07
chr17	76501918	76502118	9	3.27443	1	7.68839	9.92757e-07
chr5	112862303	112862503	4	5.08013	-1	7.64473	1.13458e-06
chrX	53071818	53072018	14	3.38762	-1	7.63428	1.13458e-06
chr6	7146367	7146567	3	4.06818	-1	7.60538	1.13458e-06
chr8	143948032	143948232	3	3.87771	-1	7.59961	1.13458e-06
chr6	35732623	35732823	3	4.04801	-1	7.5943	1.13458e-06
chr1	10431343	10431543	4	4.4884	-1	7.57128	1.13458e-06
chrX	72309150	72309350	14	4.77795	-1	7.56881	1.13458e-06
chr1	211579858	211580058	3	4.41537	-1	7.5652	1.13458e-06
chrX	16946277	16946477	14	3.47474	-1	7.56231	1.13458e-06
chr4	2007673	2007873	4	4.30131	-1	7.56222	1.13458e-06
chr1	26621709	26621909	3	3.89657	-1	7.55819	1.13458e-06
chr12	52033416	52033616	3	4.43388	-1	7.55677	1.20549e-06
chr19	36127698	36127898	3	4.25799	-1	7.54983	1.20549e-06
chr3	43894308	43894508	14	2.41844	-1	7.54539	1.20549e-06
chr11	66268129	66268329	3	3.728	-1	7.53628	1.20549e-06
chr12	47818417	47818617	3	3.89657	-1	7.53507	1.20549e-06
chr17	1561306	1561506	4	4.87916	-1	7.52997	1.34731e-06
chr17	63740840	63741040	3	4.25799	-1	7.50053	1.63096e-06
chrX	52935391	52935591	1	3.87218	1	7.48907	1.70187e-06
chr3	11582926	11583126	3	2.51433	-1	7.48492	1.70187e-06
chrX	107776970	107777170	14	3.48147	-1	7.4826	1.70187e-06
chr19	40717695	40717895	3	3.89657	-1	7.47944	1.70187e-06
chrX	131741172	131741372	1	5.54545	-1	7.47498	1.77278e-06
chr7	5595569	5595769	14	2.20846	-1	7.47102	1.77278e-06
chr3	15099493	15099693	3	4.06941	-1	7.46566	1.84369e-06
chr12	69739820	69740020	2	2.47642	1	7.45512	1.98551e-06
chr19	43820248	43820448	14	4.57797	-1	7.4483	1.98551e-06
chr7	77538883	77539083	2	2.85347	1	7.44393	2.05643e-06
chr10	124742831	124743031	3	2.85902	-1	7.44366	2.05643e-06
chr6	21596969	21597169	2	3.71951	1	7.43555	2.05643e-06
chr16	1942599	1942799	3	3.18353	-1	7.43304	2.05643e-06
chr21	46184486	46184686	2	3.48497	1	7.43167	2.05643e-06
chr11	9663453	9663653	3	3.68355	-1	7.43085	2.05643e-06
chr5	50968966	50969166	15	3.29107	1	7.42512	2.05643e-06
chr12	94150424	94150624	14	3.76644	-1	7.4237	2.05643e-06
chr1	11803943	11804143	3	4.44329	-1	7.4208	2.05643e-06
chr10	7789437	7789637	4	4.43494	-1	7.38951	2.26916e-06
chr19	38832160	38832360	3	4.24231	-1	7.38095	2.34007e-06
chr12	123585453	123585653	4	3.53713	-1	7.3794	2.41098e-06
chr1	50423928	50424128	14	3.97398	-1	7.3607	2.5528e-06
chr17	39201547	39201747	7	4.07383	-1	7.333	2.5528e-06
chr5	132964108	132964308	3	4.06941	-1	7.33145	2.5528e-06
chrX	24151283	24151483	3	4.25566	-1	7.32954	2.5528e-06
chr19	2782202	2782402	4	4.67184	-1	7.32935	2.5528e-06
chrX	15853877	15854077	14	2.73874	-1	7.32854	2.5528e-06
chr6	136920662	136920862	14	4.17003	-1	7.32615	2.5528e-06
chr7	131110841	131111041	3	4.08186	-1	7.3091	2.5528e-06
chr18	23689036	23689236	14	3.96245	-1	7.30599	2.5528e-06
chr1	51330928	51331128	14	2.79444	-1	7.28363	2.69463e-06
chr1	29180488	29180688	1	2.71957	-1	7.27978	2.69463e-06
chr16	67164297	67164497	14	3.57432	-1	7.27704	2.76554e-06
chr19	42219848	42220048	3	3.54962	-1	7.27577	2.76554e-06
chr2	221572880	221573080	1	2.68391	1	7.27554	2.76554e-06
chr9	128098521	128098721	3	3.90083	-1	7.26719	2.76554e-06
chr12	62934820	62935020	2	4.19028	-1	7.26506	2.76554e-06
chr8	38067082	38067282	4	4.43494	-1	7.26475	2.76554e-06
chr16	31471679	31471879	3	3.3696	-1	7.25664	2.83645e-06
chrX	53421650	53421850	2	3.6862	1	7.25552	2.83645e-06
chrX	15674477	15674677	3	3.90083	-1	7.25469	2.83645e-06
