chr2	132254227	132279227	11
chr7	27140781	27165781	1
chr15	96320771	96345771	3
chr15	96331971	96356971	3
chr7	27094781	27119781	2
chr17	48574038	48599038	11
chr7	27165981	27190981	1
chr16	34139133	34164133	11
chr2	172082072	172107072	11
chr17	61392439	61417439	12
chr4	47604	74107	8
chr11	31796852	31822053	10
chr12	114664395	114689395	3
chr9	63811266	63836266	11
chr5	141407633	141432633	1
chr6	10402167	10427167	11
chr10	8041437	8066437	11
chr13	99966946	99991946	12
chr4	110613244	110638244	11
chr12	53985016	54010016	11
chr17	79790201	79815201	11
chr19	58182233	58207434	1
chr14	60635282	60660282	11
chr5	141397833	141422833	1
chr5	93570294	93595294	12
chr10	41839408	41864408	8
chr15	25065653	25090653	8
chr4	39399	65508	8
chr2	132244227	132269227	11
chr12	54010216	54035216	1
chr6	1603365	1628365	11
chr19	58241834	58266834	8
chr4	173514849	173539849	12
chr22	46064720	46089720	3
chr17	48602038	48627038	11
chr16	86493394	86518394	11
chr19	13008986	13033986	2
chr3	181695012	181720012	11
chr12	4268434	4293434	3
chr3	147390013	147415013	11
chr2	104842342	104867342	11
chr4	49632983	51794034	8
chr5	88659582	88684783	11
chr6	98823724	98848724	11
chr19	57980032	58005032	2
chr2	89816190	89841190	8
chr21	10704856	10729856	8
chr2	176116272	176141272	11
chr10	117530889	117555889	12
chr10	129949536	129974536	11
chr2	118833224	118858224	11
chr7	97002888	97027888	11
chr12	4266634	4291634	3
chr12	133039214	133064214	8
chr18	22162039	22187039	11
chr2	91608974	91633974	8
chr2	44931661	44956661	11
chr16	34152733	34177733	11
chr12	133081414	133106414	1
chr19	44472583	44500148	2
chr2	91608374	91633374	8
chr9	123996721	124021721	11
chr2	222288481	222313481	11
chr22	46072720	46097720	3
chr6	1372165	1397165	10
chr17	48994238	49019238	12
chr4	4851073	4876073	11
chr22	46057320	46082320	3
chr3	128475157	128500157	11
chr12	57219217	57244217	11
chr4	49096383	49121383	8
chr1	919020	944020	11
chr19	36534898	36559898	8
chr5	2735686	2760686	10
chr7	156998906	157023906	10
chr16	86563194	86588194	12
chr7	6682569	6707569	3
chr4	13524576	13549576	11
chr12	133133214	133158214	8
chr10	123131884	123156884	11
chr17	61398239	61423239	12
chr21	36688300	36713300	11
chr10	101213443	101238443	11
chr2	236156356	236181557	11
chr5	51375566	51400566	11
chr19	36810898	36835898	8
chr3	134352358	134377358	3
chr11	124738704	124763704	11
chr10	99519043	99544043	10
chr3	75654849	75679849	8
chr6	100445524	100470524	12
chr11	114058078	114083078	3
chr4	430611	455611	8
chr2	66423668	66448668	3
chr19	57530832	57555832	8
chr15	52782603	52807603	11
chr15	67816662	67841662	11
chr19	1250401	1275401	3
chr1	118983777	119008777	11
chr1	220873858	220898858	4
