chr2	133011800	133036800	11
chr7	27181800	27206800	11
chr7	27208000	27233000	11
chr2	172946800	172971800	12
chr16	33941600	33966600	11
chr11	31818400	31843400	10
chr17	46651600	46676600	10
chr15	96864000	96889000	3
chr4	49200	74200	8
chr12	54366600	54391600	11
chr4	42600	67600	8
chr13	100619600	100644600	12
chr4	111534400	111559400	12
chr7	27134400	27159400	2
chr6	10402400	10427400	11
chr2	133002200	133027200	11
chr17	59469800	59494800	11
chr19	58693600	58718600	1
chr17	77764000	77789000	11
chr12	54391800	54416800	12
chr9	68407000	68432000	10
chr14	61101800	61126800	12
chr10	42375800	42400800	8
chr15	96879800	96904800	11
chr15	25311000	25336000	8
chr5	140787400	140812400	8
chr10	8075800	8100800	11
chr3	147108400	147133400	11
chr12	115106000	115131000	11
chr22	46459800	46484800	3
chr6	1603600	1628600	11
chr2	119590800	119615800	11
chr19	58753200	58778200	8
chr17	46679400	46704400	11
chr2	105458800	105483800	12
chr10	119290400	119315400	12
chr4	174436000	174461000	11
chr6	99271600	99296600	11
chr7	96632200	96657200	12
chr22	46470800	46495800	3
chr3	181412800	181437800	11
chr16	33955000	33980000	11
chr12	4377600	4402600	3
chr2	223153000	223178000	11
chr5	87966400	87991400	11
chr4	49635000	49660000	8
chr19	58491400	58516400	2
chr2	45158600	45183600	11
chr16	86526800	86551800	11
chr21	10782600	10807600	8
chr2	89855000	89880000	8
chr5	140776200	140801200	8
chr2	176981000	177006000	11
chr4	4852800	4877800	11
chr5	92906000	92931000	12
chr12	4376000	4401000	3
chr12	133658000	133683000	2
chr6	1372400	1397400	10
chr10	131747800	131772800	11
chr12	133615800	133640800	8
chr9	126759000	126784000	11
chr19	44978800	45003800	2
chr5	2735800	2760800	10
chr10	124892000	124917000	11
chr7	156791800	156816800	10
chr4	13526200	13551200	11
chr4	49098200	49123200	8
chr2	91797000	91822000	8
chr6	100893400	100918400	12
chr10	102973200	102998200	11
chr21	38060600	38085600	11
chr3	128194000	128219000	11
chr19	37028600	37053600	8
chr11	113928800	113953800	3
chr4	10093000	10118000	3
chr18	19742000	19767000	11
chr2	237065400	237090400	11
chr12	133709800	133734800	8
chr7	6721400	6746400	3
chr16	86596800	86621800	11
chr1	854200	879200	11
chr1	119521400	119546400	10
chr11	113927000	113952000	3
chr15	53074800	53099800	11
chr10	101279000	101304000	10
chr19	37300800	37325800	8
chr19	58042200	58067200	8
chr17	35283000	35308000	11
chr12	57613000	57638000	11
chr4	424400	449400	8
chr1	91171600	91196600	11
chr3	75704200	75729200	8
chr15	68107400	68132400	11
chr15	89901000	89926000	11
chr17	59475400	59500400	12
chr12	54417000	54442000	13
chr22	46453000	46478000	3
chr2	176947800	176972800	11
chr3	134071000	134096000	3
chr19	1448800	1473800	11
