chr22	36327155	36337155	8
chr3	134362358	134372358	8
chr10	41854608	41864608	12
chr2	132267427	132277427	14
chr10	3776008	3786008	8
chr10	41874808	41884808	14
chr20	49277463	49287463	8
chr2	89827790	89837790	12
chr11	65496729	65506729	8
chr16	34147133	34157133	14
chr21	10728456	10738456	12
chr15	25055053	25065053	12
chr21	10712656	10722656	12
chr21	10383656	10393656	12
chr10	41839408	41849408	14
chr15	25066253	25076253	12
chr19	1248401	1258401	8
chr18	15410201	20940439	14
chr19	58253634	58263634	12
chr19	58190633	58200633	12
chr19	57613832	57623832	4
chr4	49146383	49156383	12
chr4	49647983	51794034	14
chr19	1250401	1260401	8
chr8	144836415	144846415	12
chr19	1266601	1276601	8
chr9	63816666	63826666	14
chr11	31808452	31818452	14
chr19	57979232	57989232	12
chr12	133044414	133054414	12
chr19	54200133	54210332	8
chr17	36931900	36942503	14
chr19	58125033	58135033	12
chr3	75735049	75745049	12
chr6	32968023	32978023	8
chr19	58203833	58214034	12
chr20	47351656	47361656	9
chr5	55224572	55234572	14
chr5	55224772	55234772	14
chr14	68786483	68796483	8
chr4	49111183	49121183	12
chr10	38525672	38581669	12
chr1	150570524	150580524	8
chr1	197910270	197920270	14
chr21	10393856	10403856	12
chr21	10672256	10682256	12
chr2	72915071	72925071	14
chr21	10651656	10661656	12
chr17	48047038	48057038	8
chr2	43218061	43228061	3
chr8	26041884	26051884	14
chr2	231705490	231715490	8
chr2	170813890	170823890	14
chr12	6531834	6541834	8
chr2	132271427	132281427	14
chr19	57569032	57579032	4
chr17	36933700	36944700	15
chr18	57432968	57442968	14
chr19	44473183	44483382	12
chr15	67819862	67829862	14
chr9	93950718	93960718	14
chr9	37028003	37038003	14
chr11	118916291	118926291	3
chr17	81508774	81518774	8
chr11	31804452	31814452	14
chr7	6687169	6697169	12
chr1	180228065	180238065	14
chr1	150569724	150579724	8
chr1	197911270	197921270	14
chr19	7075789	7085789	12
chr17	4938705	4948705	8
chr4	48604	59307	12
chr17	7233681	7243681	8
chr11	118911291	118921291	3
chr19	40797895	40807895	8
chr4	10107776	10117776	3
chr19	27240892	27250892	14
chr17	79796201	79806201	4
chr1	8870541	8880541	8
chr3	138935958	138945958	14
chr1	8870741	8880741	8
chr17	7571282	7581282	8
chr15	25076453	25086453	12
chr12	121797094	121807094	8
chr1	50418328	50428328	14
chr17	7571082	7581082	8
chr1	234603654	234613654	9
chr19	9525924	9535924	12
chr18	22164239	22174239	14
chr14	36654195	36664195	14
chr6	36593423	36603423	8
chr10	123132684	123142684	14
chr10	38844269	38854269	12
chr10	3778408	3788408	8
chr17	4938105	4948105	8
chr21	36691900	36701900	14
chr1	90716843	90726843	14
chr13	78599865	78609865	14
chr7	5420169	5430169	3
chr7	101163719	101173719	15
