chr4	49400	59400	20
chr4	48600	58600	20
chr19	27731000	27741000	3
chr12	34493800	34503800	21
chr17	1959400	1969400	23
chr19	13123000	13133000	10
chr22	31364800	31374800	12
chr1	1286800	1296800	11
chr19	13126400	13136400	10
chr16	31919400	31929400	20
chr19	9676200	9686200	20
chr1	1287400	1297400	11
chr7	6733600	6743600	6
chr8	146066200	146076200	11
chr12	115108800	115118800	20
chr19	58507600	58517600	4
chr16	46385800	46395800	21
chr2	133025200	133035200	23
chr12	115110400	115120400	20
chr17	46622600	46632600	11
chr16	46386200	46396200	21
chr7	138241400	138251400	20
chr19	13117200	13127200	10
chr18	18510600	18520600	21
chr19	58126400	58136400	20
chr16	33950800	33960800	23
chr16	3335600	3345600	4
chr7	63979800	63989800	20
chr19	57079600	57089600	4
chr19	52391600	52401600	21
chr12	133615600	133625600	20
chr19	44994200	45004200	20
chr2	66664400	66674400	22
chr12	133564600	133574600	6
chr17	46621200	46631200	11
chr4	457000	467000	6
chr2	133023800	133033800	23
chr12	1638000	1648000	12
chr7	27172600	27182600	15
chr17	1956400	1966400	23
chr17	43317800	43327800	23
chr1	966800	976800	12
chr12	133520800	133530800	20
chr19	9637600	9647600	20
chr17	48264600	48274600	9
chr17	46652400	46662400	9
chr17	46673200	46683200	12
chr19	58639400	58649400	20
chr12	133673200	133683200	20
chr19	58487800	58497800	20
chr5	179674800	179684800	20
chr19	44978800	44988800	20
chr15	25294200	25304200	20
chr19	52468400	52478400	20
chr12	133582200	133592200	20
chr5	178139400	178149400	20
chr19	9404200	9414200	20
chr15	25328000	25338000	20
chr19	58757000	58767000	20
chr15	25304400	25314400	20
chr15	25314600	25324600	20
chr16	68586000	68596000	20
chr19	7075400	7085400	20
chr19	12052600	12062600	20
chr19	58767200	58777200	20
chr19	37034400	37044400	20
chr19	58696800	58706800	20
chr19	52817200	52827200	20
chr19	58707000	58717000	20
chr19	52566200	52576200	20
chr19	37726200	37736200	20
chr12	133759000	133769000	4
chr19	52879200	52889200	20
chr19	44341200	44351200	20
chr19	13161400	13171400	14
chr19	37201800	37211800	20
chr19	20726600	20736600	20
chr19	9486600	9496600	20
chr19	58257400	58267400	4
chr19	56916600	56926600	4
chr19	23527400	23537400	20
chr12	115112000	115122000	20
chr9	99520400	99530400	20
chr19	8915800	8925800	20
chr19	57051200	57061200	4
chr19	37237000	37247000	20
chr16	3356200	3366200	4
chr7	5097200	5107200	20
chr19	52617600	52627600	20
chr19	58781800	58791800	11
chr19	58045000	58055000	20
chr19	37312200	37322200	20
chr17	59476600	59486600	23
chr16	86598800	86608800	4
chr12	133625800	133635800	20
chr19	53051400	53061400	20
chr21	11165400	11175400	1
chr19	37005000	37015000	20
chr12	133657200	133667200	4
chr19	52496000	52506000	20
