chr10	41839408	42105752	14
chr21	10688656	10738656	12
chr15	25046253	25096253	12
chr19	58167833	58218034	2
chr2	89787797	89844190	14
chr10	38485272	38581269	12
chr10	38811669	41693608	12
chr21	10364256	10414256	12
chr19	58227834	58277834	2
chr2	176066872	176116872	14
chr16	34124533	34174533	14
chr12	133036614	133086614	4
chr19	57960432	58010432	2
chr3	75704449	75754449	12
chr2	132238427	132288427	14
chr20	30399324	31247397	12
chr22	36321755	36371755	8
chr22	36321555	36371555	8
chr4	49104583	49154583	14
chr12	133097414	133147414	1
chr19	38662160	38712160	8
chr12	53946416	53996416	14
chr19	1237001	1287001	8
chr19	58095033	58145033	2
chr19	38674160	38724160	8
chr19	36709498	36759498	12
chr19	57529432	57579432	4
chr10	100708043	100758043	14
chr7	27143581	27193581	3
chr22	46063120	46113120	3
chr19	44447412	44501348	4
chr4	421011	471011	12
chr19	1242801	1292801	8
chr19	37533098	37583299	12
chr19	37106498	37156498	12
chr17	48597638	48647638	14
chr19	36513498	36563498	3
chr5	141382633	141432633	12
chr22	36302954	36353155	8
chr19	56518631	56568631	3
chr13	99949346	99999346	15
chr2	132229027	132279027	14
chr4	49117383	49167383	14
chr19	9336924	9386924	12
chr12	133181014	133231014	4
chr8	11675691	11725691	14
chr19	51855347	51905347	1
chr17	48708638	48758638	15
chr4	40599	93913	14
chr19	37383298	37433298	12
chr5	178926999	178976999	1
chr19	36617698	36667698	4
chr16	3370000	3420000	4
chr19	51992747	52042747	1
chr3	147371813	147421813	14
chr16	36050429	46429888	14
chr19	56403231	56453231	4
chr14	73716297	73766297	8
chr19	36858498	36908498	12
chr17	40062747	40112747	8
chr12	132907414	132957414	3
chr1	156456208	156506208	8
chr15	96320171	96370171	14
chr6	10378967	10428967	4
chr9	40874172	40929771	14
chr2	132249427	132299427	14
chr19	1734001	1784001	15
chr4	344411	394411	12
chr19	53196747	53246747	4
chr5	141234228	141285035	12
chr3	75679249	75729249	12
chr7	155427705	155477705	14
chr10	42295152	42345152	12
chr19	52369347	52419347	4
chr19	1218201	1268201	8
chr19	52443547	52493547	4
chr19	52443947	52493947	4
chr2	176117072	176167072	14
chr19	9489324	9539324	1
chr16	3282000	3332000	4
chr7	27203581	27253581	14
chr1	227631899	227681899	12
chr19	1213401	1263401	8
chr19	36791098	36841098	1
chr12	53998016	54048016	14
chr4	352211	402211	12
chr9	123995921	124045921	14
chr2	92086974	92136974	14
chr6	28765623	28815623	14
chr21	10625056	10675056	12
chr19	43835048	43885048	12
chr4	123918	184611	1
chr10	124696031	124746031	8
chr7	96981288	97031288	14
chr4	10069176	10119176	3
chr10	42298952	42348952	12
chr17	79770601	79820601	2
chr4	10073976	10123976	3
chr19	57679032	57729032	4
chr7	1218164	1268164	15
