chr20	49280863	49281063	3	7.57841	1	(3,8)	7.44497	1	13.0564
chr7	5527969	5528169	3	12.8245	1	(3,3)	12.5978	1	13.0497
chr1	121743202	121743402	11	10.3073	1	(11,11)	7.82158	1	13.0273
chr1	91387243	91387443	11	8.91859	1	(8,11)	6.42731	1	12.8843
chr2	132268027	132268227	11	9.03671	1	(8,11)	6.24215	1	12.8319
chr17	81510774	81510974	3	12.3191	1	(3,3)	11.819	1	12.8177
chr22	39521595	39521795	3	12.3099	1	(3,3)	11.819	1	12.798
chr6	58452722	58452922	11	7.21436	1	(8,11)	7.32688	1	12.7658
chr17	41690148	41690348	3	12.2378	1	(3,3)	11.819	1	12.6584
chr5	71850973	71851173	11	7.83144	1	(8,11)	6.99169	1	12.6385
chr12	20551466	20551666	11	7.50527	1	(8,11)	7.18492	1	12.6169
chr6	32974623	32974823	3	12.0201	1	(3,3)	11.4397	1	12.5973
chr16	14486943	14487143	11	6.9637	1	(8,11)	7.37856	1	12.5337
chr21	8988167	8988367	11	6.88114	1	(8,11)	7.41733	1	12.53
chr12	56160016	56160216	3	11.9817	1	(3,3)	11.4397	1	12.5272
chr6	58450322	58450522	11	7.1733	1	(8,11)	7.06893	1	12.5253
chr10	96801643	96801843	11	7.43193	1	(8,11)	6.91451	1	12.4483
chr19	3984002	3984202	3	11.7328	1	(3,3)	11.067	1	12.4046
chr8	69690165	69690365	11	8.20615	1	(8,11)	6.00655	1	12.389
chrX	137438241	137438441	11	9.31299	1	(11,11)	6.65784	1	12.3253
chr17	35151181	35151381	11	7.2722	1	(8,11)	6.37619	1	12.2923
chr16	34154733	34154933	11	7.08867	1	(8,11)	6.29957	1	12.2448
chr1	145994468	145994668	3	11.4657	1	(3,3)	10.7009	1	12.2381
chr1	234607454	234607654	3	11.2822	1	(3,3)	10.3415	1	12.2288
chr9	63816866	63817066	11	9.32837	1	(11,11)	6.93927	1	12.1865
chr14	35403194	35403394	3	11.2395	1	(3,3)	10.3415	1	12.1705
chr11	65505529	65505729	3	11.4317	1	(3,3)	10.7009	1	12.1704
chr14	87771256	87771456	11	6.77789	1	(8,11)	6.68338	1	12.1581
chr9	76571684	76571884	11	6.35028	1	(8,11)	6.01926	1	12.0969
chr6	36597223	36597423	3	11.2123	1	(3,3)	10.3415	1	12.0953
chr17	75778719	75778919	3	10.6747	1	(3,3)	9.30293	1	12.0864
chr19	12939986	12940186	3	11.0068	1	(3,3)	9.98872	1	12.0794
chr13	80337065	80337265	3	11.1928	1	(3,3)	10.3415	1	12.0756
chr16	89561792	89561992	3	11.1917	1	(3,3)	10.3415	1	12.0614
chr3	186785611	186785811	3	11.1868	1	(3,3)	10.3415	1	12.0549
chr14	102085463	102085663	3	10.9997	1	(3,3)	9.98872	1	12.0474
chr17	43304651	43304851	8	5.99744	1	(8,11)	5.71465	1	12.022
chr8	144791215	144791415	3	11.1572	1	(3,3)	10.3415	1	11.9851
chr2	132255027	132255227	8	7.40729	1	(8,11)	6.76036	1	11.9573
chr11	85483956	85484156	8	7.40729	1	(8,11)	6.76036	1	11.9573
chr14	68789683	68789883	3	10.7791	1	(3,3)	9.64253	1	11.9505
chr17	7574282	7574482	3	10.7682	1	(3,3)	9.64253	1	11.9419
chr12	127165855	127166055	11	6.31801	1	(8,11)	6.25491	1	11.9313
chr16	30067279	30067479	3	10.9393	1	(3,3)	9.98872	1	11.9304
chr13	27459663	27459863	11	7.42164	1	(8,11)	5.99383	1	11.9013
chr20	43459160	43459360	3	10.7482	1	(3,3)	9.64253	1	11.9002
chr1	35190799	35190999	3	10.5595	1	(3,3)	9.30293	1	11.8721
chr7	62509022	62509222	8	7.94625	1	(8,11)	6.04471	1	11.8358
chr11	123060492	123060692	3	10.3664	1	(3,3)	8.96989	1	11.8138
chrX	109054370	109054570	11	5.75463	1	(8,11)	5.93664	1	11.7926
chr5	179621799	179621999	3	10.3502	1	(3,3)	8.96989	1	11.7849
chr11	62882928	62883128	3	10.3035	1	(3,3)	8.96989	1	11.7452
chr11	8684253	8684453	3	10.4915	1	(3,3)	9.30293	1	11.7445
chr5	172769597	172769797	3	10.1354	1	(3,3)	8.64341	1	11.7045
chr12	54283216	54283416	3	9.93053	1	(3,3)	8.32345	1	11.7022
chr20	26209364	26209564	11	7.55595	1	(11,11)	4.63134	1	11.6884
chr12	127166255	127166455	11	5.84986	1	(8,11)	5.44285	1	11.6698
chr10	72275242	72275442	3	10.1212	1	(3,3)	8.64341	1	11.6654
chr1	150577124	150577324	3	9.77552	1	(3,3)	8.01	1	11.6437
chr2	132271627	132271827	8	5.7341	1	(8,11)	6.01926	1	11.6414
chr19	48873543	48873743	3	10.0897	1	(3,3)	8.64341	1	11.6289
chr1	156216609	156216809	8	8.29004	1	(8,8)	5.47435	1	11.6256
chr12	6536234	6536434	3	10.249	1	(3,3)	8.96989	1	11.6217
chr9	137242348	137242548	3	10.2631	1	(3,3)	8.96989	1	11.6077
chr19	35575698	35575898	8	5.64579	1	(8,11)	6.25491	1	11.6051
chr10	3781808	3782008	3	10.4214	1	(3,3)	9.30293	1	11.5919
chr14	69768683	69768883	3	10.4177	1	(3,3)	9.30293	1	11.5718
chr19	2271801	2272001	3	10.053	1	(3,3)	8.64341	1	11.5667
chr2	132259227	132259427	8	6.83565	1	(8,11)	6.01291	1	11.5318
chr2	132269227	132269427	11	5.98728	1	(8,11)	6.10834	1	11.5268
chr19	18278790	18278990	3	10.2168	1	(3,3)	8.96989	1	11.5087
chr19	55387432	55387632	3	10.1864	1	(3,3)	8.96989	1	11.4575
chr8	81842365	81842565	11	9.88037	1	(11,11)	8.44164	1	11.4549
chr19	49497543	49497743	3	10.1816	1	(3,3)	8.96989	1	11.4489
chr6	35469823	35470023	3	9.82774	1	(3,3)	8.32345	1	11.4418
chr2	231711890	231712090	3	9.81036	1	(3,3)	8.32345	1	11.4309
chr12	124913654	124913854	3	8.99652	1	(3,3)	6.82096	1	11.4284
chr4	53706	53906	8	6.64002	1	(8,10)	5.37051	1	11.4264
chr9	63817866	63818066	10	3.85523	1	(8,10)	2.96609	1	11.4218
chr13	44434464	44434664	3	9.98081	1	(3,3)	8.64341	1	11.4117
chr16	34150733	34150933	8	8.21275	1	(8,8)	5.47435	1	11.4109
chr6	30616823	30617023	3	8.99791	1	(3,3)	6.82096	1	11.4025
chr6	31540223	31540423	3	9.77716	1	(3,3)	8.32345	1	11.361
chr19	14516188	14516388	3	9.77489	1	(3,3)	8.32345	1	11.3483
chr16	14487143	14487343	8	5.03949	1	(8,11)	5.13444	1	11.3278
chr3	51994784	51994984	3	9.40247	1	(3,3)	7.70305	1	11.3079
chrX	154399459	154399659	3	9.24687	1	(3,3)	7.40257	1	11.3073
chr12	34219665	34219865	11	5.33024	1	(8,11)	5.34829	1	11.2977
chr19	49489543	49489743	3	9.93527	1	(3,3)	8.64341	1	11.2916
chr9	63818266	63818466	8	3.94279	1	(8,11)	3.01639	1	11.2803
chr22	39317995	39318195	3	9.54979	1	(3,3)	8.01	1	11.2448
chr2	132261227	132261427	8	7.78801	1	(8,11)	5.16584	1	11.232
chr20	26208164	26208364	11	6.70321	1	(11,11)	3.76574	1	11.2274
chr16	1963799	1963999	3	9.23027	1	(3,3)	7.40257	1	11.224
chr12	127166055	127166255	8	4.77988	1	(8,11)	4.22457	1	11.2137
chr2	229180684	229180884	11	5.25614	1	(8,11)	6.10834	1	11.2001
chr19	41861331	41861531	3	9.71885	1	(3,3)	8.32345	1	11.1905
chr19	48966343	48966543	3	9.21673	1	(3,3)	7.40257	1	11.1898
chr15	43793602	43793802	3	9.35802	1	(3,3)	7.70305	1	11.1884
chr16	34156733	34156933	8	6.26868	1	(8,11)	5.57546	1	11.1865
