chr7	64997022	65007022	4
chr19	53067347	53077347	20
chr4	79963846	79973846	7
chr9	34370602	34380602	1
chr15	65295662	65305662	2
chr17	43219780	43305251	11
chr11	65488529	65498529	3
chr4	112352244	112362244	20
chr19	45520142	45530142	11
chr5	180313600	180323600	22
chr19	58089433	58099433	1
chr1	7819940	7829940	7
chr17	7833082	7843082	9
chr19	18587790	18597790	2
chr15	39968799	39978799	13
chr17	51041039	51051039	3
chr17	42667182	42677182	3
chr3	65355125	65365125	7
chr16	2082799	2092799	11
chr20	35488374	35498771	7
chr19	15191589	15201589	1
chr5	37208698	37218698	22
chr11	65606529	65616529	1
chr5	141422233	141432233	20
chr2	144388633	144398633	7
chr3	197847729	197857729	11
chr20	37375397	37385397	1
chr7	23341781	23351781	22
chr19	45777742	45787742	9
chr5	180824800	180834800	3
chr19	51886747	51896747	20
chr9	95493318	95503318	5
chr3	149936813	149946813	8
chr19	47223143	47233143	9
chr15	23561853	23571853	22
chr19	38303560	38313560	5
chr6	58443722	58453722	19
chr19	56537631	56547631	20
chr22	38213193	38223193	13
chrX	3694759	3704759	1
chr12	121574095	121584095	1
chr5	140663415	140673415	4
chr8	60707241	60717241	4
chr16	31470879	31480879	1
chr11	65637929	65647929	3
chr19	45606942	45616942	2
chr14	99229263	99239263	24
chr1	179137065	179147065	5
chr17	21310288	21320288	2
chr10	101775043	101785043	3
chr17	7257081	7267081	11
chr6	28349223	28359223	22
chr19	18932191	18942191	22
chr17	49026438	49036438	19
chr17	17817686	17827686	9
chr19	12872386	12882386	1
chr19	15177189	15187189	22
chr8	8324084	8334084	11
chr11	63760528	63770528	1
chr19	56662232	56672232	20
chr5	78585777	78595777	5
chr7	130954041	130964041	5
chr8	47654438	47664438	2
chr19	47720943	47730943	10
chr19	49682543	49692543	11
chr18	58886768	58896768	12
chr2	231405089	231415089	2
chr19	58180833	58190833	20
chr19	13816986	13826986	22
chr19	56475231	56485231	1
chrX	131783572	131793572	1
chr12	6224034	6234034	3
chr12	10139	20139	19
chr8	8339084	8349084	2
chr19	9497324	9507324	22
chr19	14405388	14415388	11
chr19	52577747	52587747	20
chr19	49921343	49931343	3
chr5	171998796	172008796	9
chr4	183111847	183121847	5
chr19	48246743	48256743	1
chr4	41255583	41265583	23
chr5	178113399	178123399	1
chr5	61407773	61417773	10
chr7	70728814	70738814	12
chr17	14300883	14310883	3
chrX	131816372	131826372	1
chr7	137873054	137883054	11
chr7	131500241	131510241	16
chr1	148885283	148896291	14
chr1	192805470	192815470	1
chr17	28709782	28719782	1
chr7	151117913	151127913	6
chr1	151156124	151166124	1
chr19	18428190	18438190	22
chr4	296411	306411	22
chr10	29434271	29444271	20
chr4	169657649	169667649	2
chr19	3571002	3581002	3
chr19	8524916	8534916	1
