chr17	41677600	41707600	8
chr14	35387200	35417200	8
chr11	65486800	65516800	8
chr8	1752400	1782400	2
chr8	56193600	56223600	2
chr8	31015400	31045400	2
chr3	132703600	132733600	2
chr12	56147000	56177000	1
chr10	3766200	3796200	1
chr14	69756400	69786400	1
chr4	174265600	174295600	1
chr1	46236400	46266400	2
chr17	7561400	7591400	1
chr2	200845400	200875400	1
chr6	5984800	6014800	14
chr8	67045400	67075400	1
chr4	112504200	112534200	14
chr1	180218400	180248400	14
chr17	32339200	32369200	1
chr8	98929400	98959400	14
chr13	32519600	32549600	1
chr17	28650600	28680600	1
chr1	234362400	234392400	1
chr2	91461000	91491000	14
chr5	139283000	139313000	1
chr6	36583200	36613200	1
chr17	40629200	40659200	1
chr14	35104000	35134000	1
chr4	13529400	13559400	14
chr3	186772400	186802400	1
chr1	114738600	114768600	1
chr11	44294000	44324000	14
chr6	122452600	122482600	1
chr2	149568200	149598200	1
chr4	106304800	106334800	1
chr3	108571000	108601000	1
chr17	17959600	17989600	2
chr18	11839400	11869400	1
chr6	136271200	136301200	1
chr1	161143200	161173200	1
chr9	92306600	92336600	1
chr7	104998600	105028600	1
chr5	87393600	87423600	1
chr2	197416400	197446400	1
chr5	66133400	66163400	1
chr20	32099200	32129200	1
chr1	71061800	71091800	1
chr8	120426200	120456200	1
chr2	222286800	222316800	14
chr17	30106200	30136200	1
chr1	151059200	151089200	1
chr1	103515000	103545000	1
chr6	90574800	90604800	1
chr2	19883000	19913000	1
chr11	114389200	114419200	1
chr16	21941800	21971800	1
chr4	68330600	68360600	1
chr1	52393600	52423600	1
chr4	169601600	169631600	1
chr4	77057600	77087600	1
chr5	163442200	163472200	1
chr15	34969400	34999400	1
chr14	60081000	60111000	1
chr10	96119400	96149400	1
chr2	105326600	105356600	1
chr2	70229400	70259400	1
chr5	43053800	43083800	1
chr6	75225000	75255000	1
chr15	92871400	92901400	1
chr1	248807600	248837600	1
chr18	74579600	74609600	1
chr10	17632800	17662800	1
chr10	51681000	51711000	1
chr11	16727800	16757800	1
chr6	32957600	32987600	1
chr8	99000800	99030800	1
chr19	45984400	46014400	2
chr1	40246800	40276800	1
chr15	50413600	50443600	1
chr7	20779000	20809000	14
chr3	9781600	9811600	1
chr18	2552400	2582400	1
chr7	87141600	87171600	1
chr9	95864200	95894200	1
chr9	122246200	122276200	1
chr5	36863800	36893800	1
chr13	79387200	79417200	1
chr5	150739600	150769600	1
chr6	42771000	42801000	1
chr17	7669600	7699600	1
chr11	18310200	18340200	1
chr6	108276400	108306400	1
chr11	83145600	83175600	1
chr11	83266800	83296800	1
chr8	93721800	93751800	1
chr14	92021200	92051200	1
chr1	161303600	161333600	1
chr14	64903800	64933800	1
chr15	42256200	42286200	1
chr12	4519600	4549600	1
