chr5	141407833	141432833	11
chr7	27139581	27164581	12
chr2	222282881	222307881	3
chr16	87843594	87868594	3
chr5	141402033	141427033	11
chr16	87841394	87866394	3
chr17	61389439	61414439	12
chr7	27093981	27118981	12
chr7	27164781	27189781	3
chr10	8044837	8069837	3
chr7	27095181	27120181	12
chr17	21292688	21317688	12
chr7	27165981	27190981	3
chr10	8048037	8073037	3
chr15	25056653	25081653	8
chr12	53972616	53997616	10
chr4	52906	79307	8
chr11	120113692	120138692	3
chr12	53974416	53999416	10
chr2	172083472	172108472	3
chr19	58182033	58207234	1
chr12	4268434	4293434	3
chr12	53951016	53976016	10
chr22	46072120	46097120	3
chr12	114663995	114688995	11
chr8	143929032	143954032	3
chr10	8050637	8075637	3
chr6	10397967	10422967	3
chr6	1375565	1400565	3
chr2	237485357	237510357	10
chr16	86563194	86588194	3
chr2	172081072	172106072	3
chr22	37975593	38000593	12
chr14	60634282	60659282	3
chr5	141381033	141406033	10
chr2	144500033	144525033	11
chr22	36362355	36387355	10
chr2	91608974	91633974	8
chr4	110613044	110638044	12
chr17	79790001	79815001	10
chr17	48590638	48615638	4
chr1	1019220	1044220	10
chr19	58243034	58268034	8
chr22	36359955	36384955	3
chr11	128496105	128521105	3
chr19	57985832	58010832	2
chr1	2458161	2483161	3
chr17	79789201	79814201	10
chr21	46108886	46133886	8
chr17	48540438	48565438	4
chr1	2427961	2452961	3
chr7	130887041	130912041	3
chr7	130886441	130911441	3
chr1	2523161	2548161	10
chr11	825600	850600	12
chr11	825200	850200	12
chr3	50150367	50175367	12
chr5	3590486	3615486	8
chr12	57220017	57245017	10
chr1	156114209	156139209	10
chr8	144827615	144852615	8
chr3	50149567	50174567	12
chr5	141378833	141403833	10
chr1	201282872	201307872	12
chr12	4264634	4289634	3
chr16	1969399	1994399	12
chr1	1021620	1046620	10
chr2	85752677	85777677	12
chr7	27122181	27147181	3
chr20	62350144	62375144	3
chr2	132254427	132279427	11
chr12	114673995	114698995	3
chr7	27121781	27146781	3
chr5	51375366	51400366	3
chr5	3588686	3613686	8
chr19	36807698	36832698	8
chr1	2443161	2468161	3
chr17	7568682	7593682	3
chr5	93570294	93595294	12
chr17	21399888	21424888	8
chr21	45980486	46005486	11
chr6	100444924	100469924	12
chr15	60372401	60397401	3
chr19	1250001	1275001	3
chr11	35139653	35164653	3
chr1	1017420	1042420	10
chr11	65413529	65438529	10
chr5	179115199	179140199	11
chr22	36321755	36346755	3
chr12	131827655	131852655	11
chr22	37980193	38005193	12
chrX	45749994	45775797	3
chr17	40476948	40501948	10
chr19	36705498	36730498	8
chr19	9560124	9585124	5
chr12	114391395	114416395	11
chr21	46095486	46120486	11
chr5	371285	396285	12
chr12	52229016	52254016	3
chr7	6682569	6707569	3
