chr15	25045853	25095853	8
chr10	41839408	42105752	8
chr21	10688256	10738256	8
chr19	58165433	58215634	1
chr19	58227634	58277634	8
chr12	133040414	133090414	8
chr10	38811469	38861469	8
chr10	38485472	38581469	8
chr10	38806869	38856869	8
chr2	89787797	89844190	8
chr21	10647656	10697656	8
chr12	133097414	133147414	8
chr2	176067072	176117072	11
chr19	57960432	58010432	8
chr4	421011	471011	8
chr19	58155833	58205833	1
chr19	57529432	57579432	8
chr16	34127733	34177733	11
chr19	36709698	36759698	8
chr4	40999	94313	8
chr19	36513298	36563298	8
chr4	409011	459011	8
chr10	100708043	100758043	12
chr21	10364656	10414656	8
chr3	75704049	75754049	8
chr19	58096433	58146433	8
chr17	48597838	48647838	11
chr19	56533431	56583632	2
chr20	30398324	31246397	8
chr2	132238427	132288427	11
chr19	51855147	51905147	8
chr19	51991947	52041947	8
chr12	133181214	133231214	8
chr17	48707838	48757838	11
chr12	53925816	53975816	11
chr8	11675691	11725691	11
chr19	37531498	37581699	8
chr4	49106583	49156583	8
chr19	37123098	37173098	1
chr19	51851547	51901547	8
chr4	57507	111315	10
chr19	57946632	57996632	8
chr7	27163381	27213381	11
chr19	36617698	36667698	1
chr19	44447412	44501348	8
chr12	132907414	132957414	8
chr19	36858698	36908698	8
chr20	30402124	31250197	8
chr19	37527698	37577698	8
chr19	9336924	9386924	8
chr12	133147614	133197614	8
chr12	132998614	133048614	8
chr19	36719698	36769698	8
chr19	44450412	44504348	8
chr19	37383898	37433898	8
chr19	56543231	56593432	2
chr13	99949346	99999346	12
chr5	141382633	141432633	8
chr19	37111898	37161898	8
chr10	38507272	38603269	8
chr2	132232027	132282027	11
chr5	178926799	178976799	1
chr4	336811	386811	1
chr3	75724849	75774849	8
chr12	132904814	132954814	8
chr4	49112583	49162583	8
chr12	53976416	54026416	10
chr10	101113443	101163443	11
chr19	36790898	36840898	1
chr22	36321555	36371555	6
chr4	343411	393411	8
chr7	6657769	6707769	8
chr19	1733801	1783801	13
chr19	23335398	23385398	8
chr19	37412298	37462298	8
chr2	176117272	176167272	11
chr19	56399431	56449431	2
chr3	147365213	147415213	11
chr19	52287347	52337347	8
chr21	10715656	10765656	8
chr16	36043029	46422488	8
chr15	89361369	89411369	11
chr19	1237001	1287001	3
chr19	56392831	56442831	2
chr2	218956278	219006278	11
chr19	1238201	1288201	3
chr22	46063520	46113520	3
chr6	10380167	10430167	11
chr9	123993121	124043121	11
chr10	117126089	117176089	11
chr5	180243600	180293600	8
chr16	3279000	3329000	8
chr19	1241801	1291801	3
chr7	1217964	1267964	12
chr19	52369547	52419547	1
chr11	31793252	31843654	10
chr19	53196947	53246947	2
chr22	36297154	36347355	6
chr15	96320571	96370571	3
chr7	155427705	155477705	11
