chr10	80141000	80166000	6
chr1	42689800	42714800	3
chr14	122460000	122485000	3
chr2	9874400	9899400	3
chr2	71528400	71553400	3
chr2	38339000	38364000	3
chr11	119034400	119059400	3
chr19	44738200	44763200	3
chr1	78195000	78220000	3
chr4	22476400	22501400	3
chr2	74681400	74706400	3
chr1	89919000	89944000	3
chr5	106446400	106471400	3
chr12	73032600	73057600	3
chr4	89271000	89296000	3
chr17	13207000	13232000	14
chr8	12382200	12407200	3
chr1	88227400	88252400	14
chr1	155727400	155752400	3
chr7	79494000	79519000	3
chr13	40720000	40745000	3
chr4	147510800	147535800	14
chr11	96252400	96277400	3
chr15	102922400	102947400	13
chr19	59448200	59473200	3
chr6	52211000	52236000	3
chr9	98950200	98975200	3
chr16	3241400	3266400	14
chr15	102975000	103000000	3
chr6	83694200	83719200	3
chr1	88286200	88311200	14
chr3	99233800	99258800	3
chr19	45220800	45245800	3
chr9	91360800	91385800	3
chr5	123131600	123156600	6
chr6	52237200	52262200	3
chr7	131538000	131563000	3
chr5	123131000	123156000	6
chr13	83714000	83739000	3
chr5	35379800	35404800	3
chr8	70486400	70511400	4
chr5	98166000	98191000	3
chr3	88195600	88220600	3
chr6	6847200	6872200	3
chr11	98314600	98339600	3
chr5	139533600	139558600	3
chr4	147409200	147434200	14
chr5	28155200	28180200	3
chr10	127511400	127536400	3
chr3	129194000	129219000	3
chr2	105663800	105688800	3
chr4	122009800	122034800	14
chr7	79532200	79557200	3
chr17	26834400	26859400	3
chr1	74780400	74805400	3
chr2	31631800	31656800	3
chr19	45140000	45165000	3
chr1	85273600	85298600	6
chr2	33624600	33649600	3
chr4	3049400	3074400	14
chr3	127623000	127648000	3
chr12	49377600	49402600	3
chr1	120590800	120615800	3
chr4	146513200	146538200	14
chr13	94865400	94890400	3
chr14	63239400	63264400	3
chr10	42567600	42592600	3
chr14	48651000	48676000	13
chr19	25598000	25623000	3
chr9	63131000	63156000	3
chr11	96170400	96195400	3
chr10	80133600	80158600	1
chr13	98348200	98373200	3
chr2	74740400	74765400	3
chr15	98785200	98810200	3
chr7	137300200	137325200	3
chr17	85605200	85630200	3
chr10	80485200	80510200	3
chr16	94074000	94099000	3
chr11	69394200	69419200	4
chr3	34640000	34665000	3
chr10	50888400	50913400	3
chr6	52156400	52181400	3
chr4	139813000	139838000	3
chr6	51168400	51193400	2
chr1	85240200	85265200	14
chr7	24930600	24955600	3
chr11	69396000	69421000	4
chr12	56678200	56703200	3
chr2	36086800	36111800	3
chr9	74845600	74870600	3
chr19	46129400	46154400	3
chr1	184714400	184739400	2
chr7	45161800	45186800	3
chr18	75366200	75391200	1
chr9	118465800	118490800	3
chr4	109969800	109994800	3
chr6	83063600	83088600	3
chr5	37814200	37839200	3
chr11	21986400	22011400	3
