chr19	3983600	3984600	8
chr12	56553400	56555200	8
chr17	39846000	39846800	8
chr8	146016000	146017000	8
chr7	5567400	5569000	8
chr2	232576400	232577400	8
chr20	47896400	47898000	8
chr22	39917400	39919600	8
chr17	7477600	7478400	8
chr3	183894800	183895400	8
chr16	30078200	30079200	8
chr19	49992400	49993600	8
chr19	18389000	18390200	8
chr11	65270800	65273600	8
chr22	39712000	39714400	8
chr17	4848400	4850200	8
chr19	55898400	55899200	8
chr6	35437400	35438200	8
chr1	150547200	150549400	8
chr20	42087800	42088000	8
chr16	89628000	89628800	8
chr19	49376800	49378000	8
chr12	6645200	6645800	8
chr5	180668600	180669400	8
chr11	62650200	62651200	8
chr19	1274400	1275000	8
chr5	179047400	179049000	8
chr19	50000800	50001200	8
chr6	74228200	74229400	8
chr14	35871200	35873000	8
chr6	31507800	31508400	8
chr17	79476200	79478800	8
chr17	41381800	41382400	14
chr17	56082800	56083200	8
chr9	130211600	130212400	8
chr11	8705600	8706000	8
chr14	69255600	69257200	8
chr3	52028400	52029000	8
chr11	6632200	6632800	8
chr19	59057200	59057800	8
chr19	13050600	13051400	8
chr19	42365200	42365800	8
chr11	62559800	62560200	8
chr22	36724600	36725400	8
chr17	46128200	46130400	8
chr4	10116600	10117200	8
chr19	2271600	2272200	8
chr12	54676000	54677400	8
chr22	36725800	36726600	8
chr14	102551800	102552200	8
chr6	37140400	37140600	8
chr9	140136600	140137200	8
chr6	31702000	31702400	8
chr1	234742000	234743800	8
chr6	30458200	30458600	8
chrX	153627600	153628600	8
chrX	48433800	48434600	8
chr19	3434600	3434800	8
chr1	145440400	145441400	8
chr12	53775800	53777400	8
chr1	203276000	203277800	8
chr3	186502400	186503800	8
chr6	58778200	58779200	14
chr1	113242600	113243400	8
chr17	45214400	45214800	14
chr9	131905200	131905800	8
chr1	121484200	121485400	14
chr6	31804800	31805600	8
chr19	57988000	57988200	4
chr10	3822200	3824200	8
chr19	800200	801000	8
chr14	70235000	70235800	8
chr17	41151400	41151800	8
chr6	36564600	36567000	8
chr16	46404800	46405200	14
chr2	92296600	92297000	14
chr2	92281200	92281600	14
chr16	46403400	46404000	14
chr2	92275800	92276200	14
chr3	156876200	156876600	8
chr19	49469400	49470200	8
chr22	50356400	50357000	8
chr9	72653000	72653600	14
chr8	43831400	43831800	14
chr10	42534600	42535000	14
chr18	18519800	18520400	14
chr4	80274400	80274800	14
chr18	50319000	50319400	14
chr18	108800	109600	14
chr2	133023200	133023600	14
chr16	33957000	33957800	14
chr16	33955600	33956000	14
chr16	33959200	33959600	14
chr19	27731800	27733400	14
chr12	34372600	34372800	14
chr2	133018800	133019200	14
chrX	61717600	61718000	14
chr4	70296600	70296800	14
chr2	217364600	217365000	8
chr18	18518800	18519200	14
