chr3	134071000	134096000	1
chr17	77765000	77790000	14
chr17	77763800	77788800	14
chr1	91171400	91196400	14
chr10	102974800	102999800	15
chr5	87967200	87992200	14
chr7	155240200	155265200	14
chr7	156792800	156817800	14
chr2	176952800	176977800	14
chr10	8075400	8100400	15
chr11	44323800	44348800	14
chr2	119589400	119614400	14
chr2	71111000	71136000	14
chr10	124890000	124915000	14
chr10	102880800	102905800	14
chr1	18956000	18981000	14
chr12	54342400	54367400	15
chr14	36971400	36996400	15
chr6	100894200	100919200	14
chr17	46690600	46715600	14
chr14	37113200	37138200	14
chr10	102487400	102512400	15
chr16	86526000	86551000	15
chr11	31824800	31849800	14
chr19	1248000	1273000	3
chr2	177013200	177038200	15
chr4	174426400	174451400	14
chr2	176978000	177003000	14
chr17	46795800	46820800	14
chr2	223153600	223178600	14
chr2	172943200	172968200	14
chr15	89900000	89925000	15
chr2	105466200	105491200	14
chr4	4852800	4877800	3
chr8	11537400	11562400	15
chr12	114831400	114856400	15
chr4	4853600	4878600	3
chr9	129370400	129395400	15
chr13	28533000	28558000	14
chr21	38060400	38085400	14
chr7	1265600	1290600	15
chr19	42415400	42440400	14
chr6	1603600	1628600	15
chr2	45158600	45183600	14
chr4	111536000	111561000	14
chr6	108475800	108500800	14
chr15	53075200	53100200	14
chr19	13116000	13141000	15
chr19	1250200	1275200	3
chr19	1744600	1769600	15
chr6	1374800	1399800	14
chr10	101278000	101303000	14
chr5	172652400	172677400	14
chr10	119290200	119315200	14
chr15	89937000	89962000	15
chr1	47892800	47917800	14
chr7	27221200	27246200	15
chr10	77153000	77178000	1
chr12	54368200	54393200	16
chr2	219844600	219869600	14
chr5	134362200	134387200	14
chr6	100043000	100068000	14
chr10	8083000	8108000	15
chr20	21484600	21509600	14
chr9	126758600	126783600	14
chr10	77150400	77175400	1
chr13	79160000	79185000	14
chr12	57612400	57637400	14
chr13	112705800	112730800	14
chr12	54402400	54427400	14
chr15	68108800	68133800	15
chrX	579800	604800	15
chr7	27134000	27159000	14
chr7	96631800	96656800	14
chr16	67184000	67209000	14
chr17	37750400	37775400	15
chr16	56658800	56683800	14
chr1	205266400	205291400	3
chr5	76921800	76946800	14
chr20	22546800	22571800	15
chr17	35282800	35307800	1
chr5	134861600	134886600	15
chr4	13524800	13549800	14
chr1	205262600	205287600	3
chr10	38775000	38800000	12
chr9	124972000	124997000	14
chr21	10801200	10826200	14
chr10	39096000	39121000	12
chr4	49635000	49660000	14
chr3	128191800	128216800	14
chr9	37019000	37044000	14
chr20	21676400	21701400	15
chr1	40135600	40160600	15
chr10	42373800	42398800	14
chr10	42790600	42815600	12
chr21	10833600	10858600	12
chr10	39130000	39155000	12
chr1	50875600	50900600	14
chr2	89848600	89873600	12
chr14	38050200	38075200	2
