chr19	52371800	52412200	3
chr6	170034600	170075600	20
chr3	65322000	65362800	23
chr4	74068800	74109000	1
chr19	12964000	13004800	23
chrX	130842800	130883600	11
chr4	79153400	79194400	20
chr2	120529600	120571400	4
chr19	50172200	50212800	11
chr12	81151800	81192000	11
chr9	94840400	94881000	18
chr1	147973800	148014200	18
chr19	17423800	17464200	11
chr7	64438400	64479000	22
chr15	85126400	85167000	18
chr20	35993400	36033600	11
chr15	40248400	40289200	13
chrX	114984400	115025200	11
chr14	24759800	24800800	22
chr6	34182600	34223400	18
chr12	94799000	94839400	11
chr22	24278800	24319000	1
chr17	36601000	36641600	18
chrX	70319800	70360000	20
chr19	2022000	2062400	9
chr4	89178200	89218600	20
chr8	43075600	43117000	22
chr10	29706800	29747800	20
chr19	1062800	1103200	6
chr1	156166200	156206800	20
chr17	27057200	27097400	18
chr11	28141000	28182400	20
chr17	7091200	7131800	9
chr12	31851800	31892200	14
chr20	62552800	62593800	18
chr1	201961200	202001800	12
chr14	91770600	91810800	11
chr19	17158200	17198600	11
chr19	36622400	36663800	11
chr5	140032200	140072400	11
chr17	49104200	49144400	13
chr7	11102600	11143000	18
chr2	133014400	133054800	23
chr4	146810800	146851200	3
chr21	9806400	9846800	24
chr17	47089600	47130200	18
chr15	62164400	62204600	18
chr16	8905600	8946400	6
chr8	43073000	43113400	23
chr16	3159200	3199400	11
chr11	65218800	65259200	18
chr9	75727200	75767600	14
chr13	49574600	49614800	20
chr4	80865800	80906200	20
chr5	118615600	118656000	22
chr22	39687000	39727600	11
chr11	63509400	63549800	9
chr1	17925400	17965800	22
chrX	64397000	64437200	1
chr1	202801200	202841400	11
chr1	44287800	44328200	11
chr17	17695000	17735600	11
chr5	171387200	171427400	20
chr14	103966400	104007000	11
chr9	130639600	130680000	22
chr17	7735600	7776400	11
chr19	17670600	17711200	11
chr3	141839800	141880200	7
chr19	15288800	15329200	11
chr20	29498600	29539000	20
chr19	12856600	12897000	11
chr5	106600	147200	11
chr1	36624400	36665000	22
chrX	46325600	46365800	14
chr11	133769400	133809800	11
chr12	122008000	122048200	18
chr12	120613400	120653800	14
chr19	20158800	20199000	21
chr12	57010600	57051000	1
chr19	52389200	52429800	13
chr19	18681600	18721800	3
chr9	124479400	124519800	4
chrX	133285600	133325800	9
chr17	66010400	66050600	1
chr2	88295600	88336000	18
chr19	53578600	53619000	3
chr5	106200	146400	21
chr1	179037600	179078200	11
chr17	55720400	55760600	14
chr7	130625200	130665600	18
chr12	121993800	122034400	3
chr7	24421600	24462000	9
chr2	216959400	216999600	14
chr15	59106000	59146400	1
chr12	109206400	109247000	18
chr6	75962400	76002800	10
chr19	49113000	49153400	14
chr16	29720400	29760800	11
chr16	2120600	2161200	13
chr19	7599800	7640200	22
