chr17	43304651	43304851	11	9.67619	1	(8,11)	6.78516	1	17.2672
chr17	43323032	43323232	11	9.48341	1	(11,11)	4.09724	1	16.7043
chr1	112700178	112700378	6	7.00042	1	(6,11)	6.13306	1	16.4849
chr5	138467711	138467911	3	5.09671	1	(3,14)	4.00725	1	16.259
chr2	132267627	132267827	11	7.00237	1	(8,11)	7.56577	1	16.2231
chr13	27459663	27459863	11	8.63334	1	(8,11)	6.74918	1	16.0352
chr13	99967546	99967746	3	9.03378	1	(3,11)	7.07992	1	15.9881
chr13	99983146	99983346	3	9.04093	1	(3,10)	7.18502	1	15.9854
chr5	2747486	2747686	3	8.71709	1	(3,12)	3.98758	1	15.888
chrX	49039675	49039875	3	6.34542	1	(2,3)	4.76093	1	15.8366
chr2	85136677	85136877	6	6.30597	1	(3,6)	4.27863	1	15.8221
chr16	34154533	34154733	11	6.66878	1	(8,11)	7.47894	1	15.8086
chrX	8728559	8728759	12	4.27262	1	(11,12)	2.35028	1	15.7225
chr17	43304851	43305051	8	4.15354	1	(8,12)	1.91581	1	15.7217
chr15	70092261	70092461	6	6.31089	1	(6,11)	3.3173	1	15.7149
chr17	78357519	78357719	11	8.05459	1	(6,11)	7.84626	1	15.6782
chr2	229180684	229180884	11	9.13722	1	(8,11)	10.4365	1	15.6291
chr17	78357919	78358119	11	5.96876	1	(6,11)	2.78791	1	15.6174
chr13	99986946	99987146	3	5.37794	1	(3,11)	3.63698	1	15.5771
chr2	85136477	85136677	3	6.36191	1	(3,6)	4.05197	1	15.573
chr1	112699978	112700178	12	6.35546	1	(6,12)	5.21903	1	15.5338
chr12	20551466	20551666	11	10.4256	1	(8,11)	9.07468	1	15.5207
chrX	114600139	114600339	3	6.23411	1	(3,11)	2.97307	1	15.5004
chr6	30490423	30490623	3	8.41423	1	(2,3)	6.34483	1	15.4812
chr17	78357719	78357919	6	5.21512	1	(6,11)	3.80826	1	15.4737
chr17	78357319	78357519	6	5.21512	1	(6,11)	3.80826	1	15.4737
chr2	132271827	132272027	12	6.69538	1	(8,12)	8.14188	1	15.4729
chr9	97037718	97037918	10	3.94019	1	(6,10)	2.21423	1	15.4655
chr16	67237297	67237497	4	5.55866	1	(2,4)	3.15468	1	15.4461
chr4	41258983	41259183	3	9.27892	1	(3,6)	6.24572	1	15.4458
chrX	71144550	71144750	8	4.57864	1	(2,8)	3.3186	1	15.4084
chr22	19446477	19446677	11	4.13383	1	(11,14)	2.51462	1	15.3979
chr1	121743402	121743602	11	10.363	1	(8,11)	8.94254	1	15.3807
chr12	4276834	4277034	2	6.55502	1	(2,3)	6.98067	1	15.3493
chr2	132273227	132273427	11	8.9417	1	(8,11)	10.1261	1	15.3448
chr2	132271627	132271827	11	8.9417	1	(8,11)	10.1261	1	15.3448
chr2	219569678	219569878	12	4.78338	1	(6,12)	3.69393	1	15.3336
chr20	41031160	41031360	11	4.29867	1	(6,11)	1.87139	1	15.3284
chr13	99969346	99969546	3	7.15653	1	(3,10)	5.23548	1	15.3236
chr14	56802282	56802482	3	5.3512	1	(3,12)	4.04578	1	15.3083
chr8	8890890	8891090	3	8.41895	1	(3,10)	3.67895	1	15.2911
chr14	56801882	56802082	11	4.1966	1	(11,13)	2.34303	1	15.2323
chr20	58839345	58839545	11	4.18613	1	(6,11)	2.03293	1	15.2177
chr17	21318088	21318288	8	4.70827	1	(8,12)	3.30674	1	15.2139
chr1	38043528	38043728	10	3.96249	1	(4,10)	2.10366	1	15.157
chr2	231462089	231462289	3	8.13837	1	(3,3)	3.4374	1	15.1501
chr16	14486943	14487143	8	7.90879	1	(8,11)	6.67905	1	15.1461
chr8	41305281	41305481	12	4.01992	1	(3,12)	2.18637	1	15.1207
chrX	137438241	137438441	11	8.74118	1	(8,11)	10.0304	1	15.0783
chr17	48909838	48910038	3	8.29963	1	(2,3)	9.58143	1	15.0468
chr11	3376770	3376970	3	6.03103	1	(3,6)	3.96495	1	15.0175
chr2	132272027	132272227	11	6.39728	1	(8,11)	7.47894	1	15.014
chr4	126119	126319	3	6.38931	1	(2,3)	4.65717	1	15.0063
chr17	32488182	32488382	3	11.9034	1	(3,3)	8.81794	1	14.9889
chr8	41302081	41302281	6	8.18138	1	(6,13)	7.50549	1	14.9805
chr17	7408681	7408881	6	4.07621	1	(6,12)	1.73025	1	14.9787
chr17	43388832	43389032	2	8.20219	1	(2,11)	9.83146	1	14.9733
chr4	1250012	1250212	2	4.41202	1	(1,2)	2.41439	1	14.973
chr2	91745374	91745574	11	6.13472	1	(9,11)	5.28666	1	14.9715
chrX	108438570	108438770	2	9.78408	1	(2,2)	5.41545	1	14.9694
chr2	91627574	91627774	11	6.31647	1	(8,11)	5.21623	1	14.9642
chrX	68685958	68686158	2	4.4779	1	(2,8)	1.71814	1	14.9641
chr2	91626974	91627174	8	6.2189	1	(8,11)	5.08599	1	14.9641
chr13	109900853	109901053	11	4.7721	1	(11,15)	3.63184	1	14.9515
chr9	63829866	63830066	8	6.08581	1	(8,13)	4.5537	1	14.9497
chr11	3376570	3376770	6	6.05434	1	(3,6)	3.95829	1	14.9401
chr14	56802082	56802282	12	3.9009	1	(12,13)	1.9938	1	14.9311
chr14	56801282	56801482	12	3.9009	1	(12,13)	1.9938	1	14.9311
chr6	44249663	44249863	6	6.66261	1	(3,6)	6.82729	1	14.9009
chr19	1083001	1083201	2	4.37535	1	(1,2)	2.33845	1	14.8975
chr12	6916036	6916236	3	4.32966	1	(2,3)	1.78945	1	14.8964
chr9	63365628	63365828	11	6.57313	1	(8,11)	7.6785	1	14.8913
chr16	89971392	89971592	8	4.36641	1	(2,8)	3.4926	1	14.887
chr12	57230817	57231017	3	8.41939	1	(3,14)	3.66975	1	14.8809
chr18	48947630	48947830	3	4.56575	1	(3,12)	3.71823	1	14.8748
chr1	232130454	232130654	8	4.49922	1	(6,8)	3.41197	1	14.8714
chr13	51175864	51176064	3	6.37796	1	(3,6)	6.64792	1	14.8569
chr15	84603969	84604169	3	10.0786	1	(2,3)	8.22656	1	14.8552
chr14	56800882	56801082	6	5.03706	1	(6,13)	3.67107	1	14.8436
chr2	132271227	132271427	8	7.76422	1	(8,12)	7.20114	1	14.8285
chr20	43459160	43459360	3	14.8237	1	(3,3)	14.8237	1	14.8237
chr17	38851547	38851747	3	14.8237	1	(3,3)	14.8237	1	14.8237
chr14	103335663	103335863	3	14.8237	1	(3,3)	14.8237	1	14.8237
chr2	132272627	132272827	8	6.34361	1	(8,12)	5.54802	1	14.8217
chr14	53949282	53949482	12	6.08379	1	(12,13)	3.21432	1	14.8169
chr1	23557309	23557509	3	6.58151	1	(3,11)	5.31012	1	14.8154
chr1	212863058	212863258	3	5.92773	1	(1,3)	3.58942	1	14.8154
chr16	3015799	3015999	3	8.38543	1	(3,3)	3.65177	1	14.8097
chr19	51902947	51903147	3	6.54952	1	(3,8)	5.24745	1	14.8083
chr16	34156933	34157133	8	6.344	1	(8,11)	7.38259	1	14.8018
chr2	132273427	132273627	8	6.3822	1	(8,11)	7.47894	1	14.7992
chrX	137438041	137438241	8	6.31885	1	(8,11)	7.3772	1	14.7928
chr17	17041686	17041886	2	6.49556	1	(2,11)	7.305	1	14.7803
chr16	9670143	9670343	2	6.17766	1	(2,6)	5.05769	1	14.7742
chrX	9292160	9292360	2	6.39461	1	(2,11)	4.16149	1	14.7288
chr20	278159	278359	6	4.35114	1	(6,13)	1.79183	1	14.716
chr14	56800682	56800882	13	5.50943	1	(6,13)	5.3479	1	14.7142
chr5	18668491	18668691	3	8.09041	1	(3,4)	6.08797	1	14.7052
chr7	889163	889363	6	3.89628	1	(4,6)	2.157	1	14.6909
chr17	47189234	47189434	11	8.05727	1	(3,11)	7.26761	1	14.6905
