chr1	883800	904000	4
chr14	50089400	50109800	4
chr14	53608000	53628200	4
chr14	57726800	57747000	4
chr14	58883000	58903200	4
chr14	70815200	70835400	4
chr14	71056200	71076800	4
chr14	75168800	75189000	4
chr14	78163200	78183400	4
chr14	81989200	82009400	4
chr14	92579400	92599600	4
chr14	23929600	23949800	4
chr13	115038400	115058600	4
chr13	53218200	53238400	4
chr13	52577200	52597400	4
chr13	49675400	49695600	4
chr13	46615600	46635800	4
chr13	45554600	45574800	4
chr13	45552600	45572800	4
chr13	37562200	37582400	4
chr13	30870400	30890600	4
chr12	133605000	133625200	4
chr12	133554000	133574200	4
chr12	6591600	6611800	4
chr12	51433200	51453400	4
chr12	66513400	66533600	4
chr14	45592600	45612800	4
chr12	69970200	69990400	4
chr14	45426800	45447000	4
chr14	45424800	45445000	4
chr16	391600	411800	4
chr16	2013000	2033200	4
chr16	2264600	2284800	4
chr16	23643800	23664000	4
chr16	22010800	22031000	4
chr16	89274800	89295000	4
chr16	30750400	30770600	4
chr16	53728800	53749000	4
chr16	56754800	56775000	4
chr16	69777600	69798000	4
chr16	70274200	70294400	4
chr16	72118800	72139000	4
chr16	177600	197800	4
chr15	83645800	83666000	4
chr15	75219200	75239400	4
chr15	74977400	74997600	4
chr15	59938600	59958800	4
chr15	49161200	49181400	4
chr15	44572600	44592800	4
chr15	42829800	42850000	4
chr15	35250800	35271000	4
chr14	104376800	104397000	4
chr14	104020400	104040600	4
chr14	39628400	39648600	4
chr14	45424000	45444200	4
chr14	45426000	45446200	4
chr16	15735200	15755400	4
chr12	82741000	82761200	4
chr12	108070400	108090600	4
chr10	13620000	13640200	4
chrX	153982200	154002400	4
chr10	127500800	127521000	4
chr10	69636200	69656400	4
chr10	70739600	70759800	4
chr10	99194800	99215000	4
chr10	114195600	114215800	4
chr10	114197800	114218000	4
chr10	127399000	127419400	4
chr10	12073400	12093600	4
chr9	123331200	123351400	4
chr9	15414000	15434200	4
chr9	19091800	19112000	4
chr9	32561800	32582000	4
chr9	35068600	35088800	4
chr9	74517400	74537800	4
chr9	94866600	94887000	4
chr9	116028800	116049000	4
chr9	104149800	104170000	4
chr9	7788600	7808800	4
chr8	120834200	120854400	4
chr8	95723200	95743400	4
chr8	86121800	86142000	4
chr8	74879400	74899800	4
chr8	66535200	66555600	4
chr10	18939600	18960000	4
chr12	95456000	95476200	4
chr10	35368000	35388200	4
chr11	71630800	71651200	4
chr12	109906200	109926400	4
chr12	110830200	110850400	4
chr12	110894800	110915000	4
chr12	112268200	112288600	4
chr12	117339600	117359800	4
chr12	120875000	120895400	4
chr12	121778800	121799200	4
chr12	125462600	125482800	4
chr12	133252800	133273200	4
chr12	133453200	133473400	4
chr12	4749200	4769400	4
chr11	113633200	113653400	4
