chr7	5458600	5468600	1
chr6	32935400	32945400	8
chr19	1248200	1258200	2
chr11	65264200	65274200	8
chr12	122235000	122245000	1
chr11	31830000	31840000	14
chr10	3818400	3828400	2
chr2	232570200	232580200	8
chr5	54520400	54530400	14
chr22	36723400	36733400	8
chr5	54520200	54530200	14
chr2	43445200	43455200	2
chr14	69253400	69263400	1
chr19	1266600	1276600	8
chr17	7136800	7146800	1
chr10	42375400	42385400	12
chr17	35290200	35300200	15
chr17	4843000	4853000	1
chr21	11118800	11128800	12
chr19	1250200	1260200	8
chr21	10790000	10800000	12
chr21	10774000	10784000	12
chr2	171670400	171680400	14
chr10	42355600	42365600	14
chr2	73142200	73152200	14
chr8	99951600	99961600	14
chr15	25299400	25309400	12
chr11	31825400	31835400	14
chr21	10800600	10810600	12
chr15	68118600	68128600	14
chr2	89869800	89879800	14
chr19	54704000	54714000	1
chr1	180197200	180207200	14
chr1	197879400	197889400	14
chr18	55100200	55110200	14
chr9	96713000	96723000	14
chr8	25898000	25908000	14
chr17	4841600	4851600	1
chr19	58765600	58775600	12
chr21	10814000	10824000	12
chr15	25309600	25319600	12
chr8	25900000	25910000	14
chr19	41303800	41313800	1
chr9	96711800	96721800	14
chr18	3447000	3457000	1
chr3	138656200	138666200	14
chr17	8020800	8030800	14
chr13	79174000	79184000	14
chr19	58702400	58712400	12
chr6	5999600	6009600	14
chr15	68112400	68122400	14
chr17	2295600	2305600	2
chr11	65184800	65194800	1
chr2	172958200	172968200	14
chr2	63274400	63284400	14
chr18	55101600	55111600	14
chr1	91182400	91192400	14
chr17	77770000	77780000	1
chr11	118787000	118797000	1
chr4	49148400	49158400	12
chr11	65184000	65194000	1
chr7	26232800	26242800	1
chr10	104401400	104411400	1
chr19	10397600	10407600	14
chr9	37028000	37038000	14
chr1	234739400	234749400	8
chr2	175197600	175207600	14
chr19	58636200	58646200	12
chr17	46124400	46134400	1
chr17	79365800	79375800	1
chr1	150543000	150553000	1
chr12	6641200	6651200	1
chr17	27046200	27056200	2
chr17	35292200	35302200	14
chr4	49650000	49660000	14
chr1	50883800	50893800	14
chr10	124892200	124902200	14
chr6	32938400	32948400	8
chr17	79476000	79486000	8
chr4	113429600	113439600	14
chr15	76629600	76639600	14
chr21	10830200	10840200	12
chr4	49638800	49648800	12
chr18	55097800	55107800	14
chr3	137481000	137491000	14
chr2	219260800	219270800	2
chr4	49113200	49123200	12
chr10	38808800	38818800	12
chr19	39895600	39905600	1
chr6	108482400	108492400	14
chr3	128202400	128212400	14
chr21	10850800	10860800	12
chr14	37123400	37133400	14
chr3	187454800	187464800	1
chr2	219260600	219270600	2
chr6	36561200	36571200	1
chr2	175192600	175202600	14
chr3	128202800	128212800	14
chr7	26232200	26242200	1
chr1	156713000	156723000	1
