chr7	27140000	27190000	9
chr17	46632600	46682600	9
chr14	23866400	23916400	11
chr7	27144400	27194400	9
chr17	46650000	46700000	5
chr11	113932600	113982600	9
chr1	207977800	208027800	13
chr2	218677000	218727000	18
chr11	113995800	114045800	9
chr8	11540000	11590000	13
chr10	126329200	126379200	3
chr19	13116400	13166400	1
chr10	97270600	97320600	4
chr12	54374400	54424400	9
chr1	207973400	208023400	13
chr11	114009000	114059000	9
chr7	27191400	27241400	4
chr8	134501600	134551600	4
chr2	220281000	220331000	10
chr10	97149800	97199800	7
chr14	23852200	23902200	11
chr5	149992400	150042400	11
chr2	220279600	220329600	10
chr10	126381200	126431200	3
chr10	45451000	45501000	14
chr10	97157000	97207000	11
chr7	27195600	27245600	4
chr18	19742400	19792400	12
chr12	3321800	3371800	10
chr2	127817200	127867200	22
chr10	80882000	80932000	11
chr10	88422200	88472200	9
chr2	240185400	240235400	13
chr10	81156200	81206200	14
chr4	186686200	186736200	12
chr17	48241000	48291000	22
chr9	124470600	124520600	18
chr2	128389400	128439400	4
chr15	42200800	42250800	19
chr13	111023800	111073800	11
chr5	149145600	149195600	3
chr3	50636800	50686800	4
chr2	218750800	218800800	18
chr15	89634800	89684800	3
chr10	63796200	63846200	16
chr1	156431400	156481400	22
chr9	97818400	97868400	11
chr2	218764200	218814200	4
chr19	13166600	13216600	23
chr1	227126400	227176400	9
chr22	46461400	46511400	4
chr17	57410400	57460400	14
chr3	119346600	119396600	22
chr3	138069000	138119000	11
chr1	167596800	167646800	14
chr15	96863000	96913000	14
chr22	46968800	47018800	19
chr17	57419800	57469800	3
chr1	167596400	167646400	14
chr20	42765400	42815400	14
chr14	100020000	100070000	18
chr1	56967200	57017200	9
chr5	149114200	149164200	3
chr19	1230600	1280600	16
chr4	144264000	144314000	3
chr2	105982600	106032600	11
chr19	58739200	58789200	12
chr12	123553800	123603800	19
chr9	137256400	137306400	13
chr15	31622200	31672200	19
chr9	139534800	139584800	24
chr2	127811600	127861600	22
chr3	12963000	13013000	16
chr12	106471400	106521400	11
chr10	116365200	116415200	9
chr9	682600	732600	11
chr9	130587600	130637600	22
chr3	119348000	119398000	22
chr10	81144200	81194200	3
chr1	56964400	57014400	9
chr17	1944400	1994400	11
chr15	25292000	25342000	20
chr10	123884000	123934000	3
chr12	124840200	124890200	14
chr10	123875200	123925200	3
chr1	22219600	22269600	22
chr17	46604000	46654000	23
chr1	27845800	27895800	3
chr10	11185600	11235600	13
chr2	46531200	46581200	14
chr1	207962600	208012600	13
chr8	17505600	17555600	4
chr18	19736600	19786600	12
chr3	30684600	30734600	13
chr13	110951000	111001000	18
chr3	30685200	30735200	13
chr9	691200	741200	4
chr10	123878000	123928000	3
chr20	42770800	42820800	14
chr17	36575000	36625000	4
