chr6	169655104	169655304	1	7.7239	-1	(1,20)	8.82428	-1	35.9317	0
chr4	88277248	88277448	21	5.85343	-1	(13,21)	4.23695	-1	34.0014	0
chr12	80778021	80778221	11	7.17399	1	(11,22)	8.32713	1	33.0585	7.09112e-08
chr14	24311394	24311594	13	7.38219	-1	(13,19)	8.16589	-1	32.9083	7.09112e-08
chr12	116760395	116760595	22	7.30062	1	(2,22)	5.66082	1	32.2618	4.25467e-07
chr1	221716058	221716258	23	5.15992	1	(10,23)	6.03833	1	31.7923	7.80023e-07
chr6	169655304	169655504	13	7.42845	1	(13,20)	9.44061	1	31.7756	7.80023e-07
chr12	32248666	32248866	21	6.27521	-1	(17,21)	6.95575	-1	31.5829	8.50935e-07
chr21	8987767	8987967	19	6.93284	-1	(22,24)	5.16276	1	31.351	1.06367e-06
chr14	24310794	24310994	19	8.63587	-1	(13,19)	12.335	-1	31.3411	1.06367e-06
chr3	87727050	87727250	13	6.76348	1	(4,20)	7.04817	-1	31.2823	1.13458e-06
chr10	90803843	90804043	20	7.23186	-1	(10,20)	8.09208	-1	30.9321	1.63096e-06
chr9	124765521	124765721	16	4.09011	1	(9,16)	3.50923	1	30.9131	1.63096e-06
chr19	17406391	17406591	10	6.02527	-1	(2,10)	4.34988	-1	30.7554	1.9146e-06
chr9	92098518	92098718	18	7.35551	1	(5,9)	6.32972	-1	30.7206	2.05643e-06
chr11	66316529	66316729	10	4.31486	-1	(12,17)	2.4303	1	30.6568	2.19825e-06
chr12	94425424	94425624	21	4.34766	-1	(11,21)	4.39139	-1	30.6304	2.26916e-06
chr3	190150611	190150811	22	8.12571	1	(9,19)	4.04114	-1	30.4711	2.83645e-06
chr3	65356525	65356725	20	6.61236	1	(20,22)	5.04706	1	30.4323	2.83645e-06
chr13	49020464	49020664	20	7.1427	1	(15,20)	6.3002	1	30.3673	3.191e-06
chrX	115888467	115888667	11	8.73094	1	(3,11)	8.21273	1	30.3391	3.26192e-06
chr1	26997709	26997909	14	6.16913	1	(14,22)	5.20291	1	30.3216	3.40374e-06
chr2	120867025	120867225	14	6.17836	-1	(3,14)	3.61758	-1	30.308	3.54556e-06
chr17	43304851	43305051	18	6.4876	-1	(11,19)	8.99868	1	30.2212	4.04194e-06
chr7	150955512	150955712	3	3.95252	-1	(3,12)	2.21644	-1	30.1954	4.11285e-06
chr13	110298853	110299053	13	5.60401	-1	(9,16)	3.74448	1	30.1592	4.11285e-06
chr16	4374199	4374399	9	8.58111	-1	(9,18)	5.35354	-1	30.1567	4.18376e-06
chr19	10577124	10577324	7	5.95843	-1	(1,7)	4.74988	-1	30.1516	4.18376e-06
chr19	36152698	36152898	7	7.31978	-1	(7,22)	8.92428	-1	30.1331	4.3965e-06
chr7	64998222	64998422	21	5.68511	-1	(14,22)	5.23058	1	30.1283	4.3965e-06
chr11	71248354	71248554	9	8.36853	1	(4,10)	6.1293	-1	30.1077	4.46741e-06
chr19	55285632	55285832	13	4.25277	1	(13,16)	2.7702	1	30.0606	4.53832e-06
chr17	38464959	38465159	11	6.4471	-1	(11,18)	7.17633	-1	30.0255	4.89287e-06
chr9	25227002	25227202	18	8.72929	-1	(18,21)	5.57715	-1	29.948	5.38925e-06
chr17	42553382	42553582	12	7.31146	1	(4,19)	12.4392	-1	29.9412	5.46016e-06
chr19	20067991	20068191	15	5.50229	-1	(15,22)	3.70979	-1	29.8495	6.16928e-06
chr9	97037718	97037918	24	6.55544	-1	(11,24)	11.6828	-1	29.6307	8.01297e-06
chr6	169654504	169654704	20	5.79723	-1	(1,20)	6.70783	-1	29.6208	8.15479e-06
chr10	29438071	29438271	21	5.71931	-1	(4,21)	4.11065	-1	29.5796	8.65117e-06
chr1	159929410	159929610	11	4.46601	1	(1,11)	5.48391	1	29.5517	8.8639e-06
chrX	73848765	73848965	20	6.08497	1	(4,20)	9.66503	1	29.5213	9.07664e-06
chr17	40499948	40500148	10	6.26781	-1	(10,16)	3.82967	-1	29.5068	9.21846e-06
chr9	73151684	73151884	9	8.08719	-1	(3,14)	7.60663	1	29.494	9.5021e-06
chr17	945960	946160	12	8.41519	-1	(12,18)	11.3461	-1	29.493	9.64393e-06
chr16	29614879	29615079	18	4.92683	1	(1,19)	5.6712	-1	29.4832	9.85666e-06
chr4	73223083	73223283	9	5.69536	-1	(9,22)	3.27322	-1	29.4829	9.85666e-06
chr20	63941447	63941647	9	6.16995	-1	(9,11)	5.61087	-1	29.4826	9.85666e-06
chr6	152380665	152380865	18	6.46193	-1	(18,22)	10.3968	-1	29.3652	1.07785e-05
chr19	13834186	13834386	9	4.28816	-1	(9,16)	6.73302	-1	29.3419	1.11331e-05
chr15	40906002	40906202	16	5.50555	1	(15,19)	3.07718	-1	29.3233	1.13458e-05
chr5	81901581	81901781	14	3.78656	1	(13,21)	4.23695	-1	29.2789	1.15585e-05
chr19	45766742	45766942	4	4.07088	1	(13,16)	4.07439	-1	29.2683	1.16294e-05
chr17	7579482	7579682	18	6.70756	1	(10,15)	5.53826	-1	29.2494	1.18422e-05
chr4	386211	386411	22	7.30392	1	(1,20)	12.4386	-1	29.2462	1.19131e-05
chr19	1132601	1132801	9	8.48496	1	(9,9)	4.91911	1	29.2321	1.1984e-05
chr21	39386074	39386274	4	6.04773	-1	(4,8)	7.19906	-1	29.1802	1.24095e-05
chr21	34526102	34526302	14	4.48616	1	(4,18)	3.65002	-1	29.1658	1.24095e-05
chr19	48967143	48967343	11	8.45443	-1	(5,11)	10.3887	-1	29.1572	1.25513e-05
chr20	4171153	4171353	3	5.96916	-1	(3,17)	3.80211	-1	29.1571	1.25513e-05
chr3	187990012	187990212	1	4.93156	1	(13,18)	5.17803	-1	29.1308	1.28349e-05
chr19	8512516	8512716	17	5.79315	1	(4,17)	7.66552	1	29.0947	1.29058e-05
chr6	130997460	130997660	14	6.88882	1	(3,14)	7.55174	1	29.0887	1.29058e-05
chr7	26156380	26156580	3	6.32123	-1	(3,10)	4.01065	-1	29.0752	1.31895e-05
chr8	59078841	59079041	15	7.3838	1	(11,15)	6.33298	1	28.9835	1.46077e-05
chr14	85536856	85537056	16	6.01813	1	(4,16)	4.15988	1	28.9761	1.47495e-05
chr9	137244548	137244748	9	3.13386	-1	(4,14)	2.49351	1	28.9701	1.49623e-05
chr22	18933887	18934087	4	6.1508	-1	(4,14)	7.19212	-1	28.9474	1.50332e-05
chr3	172675810	172676010	9	4.30514	-1	(9,19)	6.64409	-1	28.9325	1.54586e-05
chr7	125927746	125927946	16	5.51957	-1	(3,16)	3.5662	-1	28.9305	1.54586e-05
chr9	708400	708600	2	6.70753	1	(2,4)	4.3575	1	28.915	1.57423e-05
chr19	40748695	40748895	4	6.36265	-1	(4,19)	4.59139	-1	28.8836	1.63096e-05
chr14	99244863	99245063	3	5.80622	-1	(3,8)	3.9422	-1	28.8386	1.70187e-05
chr8	42543257	42543457	10	6.37794	-1	(10,16)	7.37821	-1	28.799	1.77278e-05
chr1	1164620	1164820	14	8.60197	-1	(3,14)	5.50183	-1	28.7801	1.77987e-05
chr22	19943277	19943477	3	5.75182	-1	(3,10)	3.45414	-1	28.7627	1.80824e-05
chr6	75334684	75334884	13	7.25185	1	(1,18)	11.3362	-1	28.7606	1.80824e-05
chr3	149377213	149377413	4	5.57496	-1	(4,15)	5.31446	-1	28.7532	1.80824e-05
chr13	43058464	43058664	3	5.94879	1	(3,10)	5.14271	1	28.7289	1.85787e-05
chr17	20998087	20998287	19	6.57826	1	(10,11)	6.04345	-1	28.7282	1.85787e-05
chr11	68038333	68038533	3	4.43015	-1	(3,14)	7.03386	-1	28.7274	1.85787e-05
chr1	18926506	18926706	19	6.07097	-1	(5,19)	3.79026	-1	28.7257	1.85787e-05
chr1	8789541	8789741	14	6.16085	1	(9,13)	3.07429	-1	28.6999	1.92169e-05
chr22	17707234	17707434	22	4.98811	1	(10,22)	4.038	1	28.6986	1.92169e-05
chrX	2963559	2963759	18	6.32534	-1	(22,22)	4.72714	1	28.6981	1.92169e-05
chr17	790360	790560	13	4.96054	1	(11,13)	8.76786	1	28.6952	1.92169e-05
chr17	20997887	20998087	11	7.89236	-1	(5,11)	5.35319	-1	28.683	1.95006e-05
chr9	82882085	82882285	13	7.68412	1	(9,14)	3.33896	-1	28.6472	1.9997e-05
chr1	21510707	21510907	9	8.12606	-1	(2,9)	5.75909	-1	28.6428	1.9997e-05
chr1	159929610	159929810	22	5.00147	1	(11,22)	9.05278	1	28.598	2.08479e-05
chr3	29285909	29286109	3	6.16614	1	(9,14)	3.38674	-1	28.5753	2.10606e-05
chr5	2743686	2743886	24	7.01362	-1	(3,24)	9.08277	-1	28.5211	2.14861e-05
chr9	128383121	128383321	18	5.34417	-1	(16,18)	5.96033	-1	28.5148	2.1557e-05
chr18	9741603	9741803	14	8.62674	-1	(4,14)	5.34995	-1	28.498	2.18407e-05
chr7	30321384	30321584	17	5.46206	-1	(3,17)	3.85829	-1	28.4598	2.24079e-05
chr4	139669646	139669846	10	7.60124	1	(12,18)	5.81491	-1	28.4525	2.25498e-05
chr7	151114513	151114713	22	6.92252	-1	(9,22)	5.46734	-1	28.4404	2.27625e-05
chr3	172676610	172676810	19	4.75628	-1	(17,19)	4.52477	-1	28.436	2.29043e-05
chrX	114047812	114048012	13	5.65364	1	(9,22)	3.37238	-1	28.4342	2.29752e-05
chr2	119793224	119793424	18	6.49331	-1	(4,18)	7.18857	-1	28.4334	2.29752e-05
chr19	17333391	17333591	4	5.85874	1	(11,16)	5.87429	-1	28.4236	2.3188e-05
