chr17	41371600	41392400	14
chr17	45239200	45259600	14
chr17	41390200	41411200	14
chr3	196615400	196635800	14
chr20	47886400	47908600	8
chr17	45248800	45269200	14
chr17	45211000	45231400	12
chrX	114994600	115015200	14
chr19	58731000	58751600	12
chr12	2355000	2375200	12
chr20	34318200	34338800	8
chr17	76343200	76364600	8
chr1	150537200	150559600	8
chr6	133127000	133147600	8
chr2	208621800	208642800	8
chr14	75736600	75758400	8
chr5	140689400	140709800	12
chr17	56072600	56093400	8
chr16	89617800	89638800	8
chr3	186492400	186513800	8
chr20	47889000	47910400	7
chr6	32932000	32953000	8
chr14	69245400	69267200	8
chr1	153954200	153974600	8
chr7	158377800	158398200	12
chr1	145430200	145451400	8
chr20	47893000	47914000	8
chr6	30448200	30468600	8
chr17	79466000	79488800	8
chr1	35646000	35667000	8
chr11	122920400	122941800	8
chr20	42077800	42098200	8
chr11	65260800	65284400	8
chr22	39907400	39929600	8
chr17	45204600	45224800	14
chr5	179036400	179059200	8
chr11	8695600	8716000	8
chr13	45903200	45924200	8
chr19	54695400	54716400	8
chr1	86038200	86058800	8
chr3	156865800	156886800	8
chr6	31497800	31518400	8
chr4	174243200	174263400	8
chr19	49366800	49387400	8
chr13	80901000	80921800	8
chr14	102541600	102562200	8
chr17	39836000	39856600	8
chr5	172186000	172207000	8
chr7	5557400	5579000	8
chr6	31312800	31333800	8
chr19	42355200	42375600	8
chr12	56426800	56447000	8
chr19	55888400	55909200	8
chr12	85400	105600	14
chr12	133333800	133354200	12
chr5	40823600	40844400	8
chr12	46752000	46774600	8
chr2	217354400	217375000	8
chr9	19368600	19389200	8
chr15	25007800	25028000	2
chr6	37130200	37150600	8
chr14	103791800	103812400	8
chr17	1953000	1974200	8
chr7	26226800	26247400	8
chr3	52018600	52039200	8
chr12	89732600	89753200	8
chr6	36554600	36576800	8
chr17	73763200	73784600	8
chr3	133284200	133305400	8
chr6	74218000	74239600	8
chr11	62611200	62632400	8
chr10	17263200	17283800	8
chr2	101610000	101630200	8
chr12	54665600	54686200	8
chr1	203265800	203288000	8
chr9	127991400	128012000	4
chr9	130201600	130222600	8
chr14	35861600	35883000	8
chr5	140464200	140484600	12
chr11	64534400	64554800	8
chr11	65184000	65205000	8
chrX	153617600	153638400	8
chr12	6635200	6655600	8
chr6	35427400	35448200	8
chr1	32790000	32810400	8
chr22	36714600	36735600	8
chr1	234733000	234753600	8
chr17	16333400	16354000	8
chr22	39703000	39724400	8
chr15	39864400	39885400	8
chr20	29601200	29621600	14
chr19	17962000	17982600	8
chr11	61722600	61743200	8
chr22	50346400	50367000	8
chr19	57978000	57998400	12
chr2	97522800	97543600	8
chr11	9588600	9609400	8
chr1	173825600	173846000	8
chr11	57406000	57426200	15
chr5	140695800	140716200	2
