chr1	94407600	94428000	1
chr11	10920800	10941800	1
chr13	75468400	75493000	1
chr13	80331200	80352200	1
chr14	67230600	67251000	1
chr8	60668200	60688400	1
chr15	70880600	70903000	1
chr7	113108600	113128800	1
chr7	10963400	10983600	1
chr16	22196000	22216200	1
chr3	194124000	194145200	1
chr2	130381200	130402600	1
chr2	65425800	65446800	1
chr19	8514400	8537800	1
chr11	72102000	72122200	1
chr4	103009200	103029600	1
chr12	57449600	57470400	1
chr1	165620200	165641000	1
chr12	26104000	26124600	1
chr1	27356400	27376600	1
chrX	43645000	43667400	1
chr5	157720800	157741600	1
chr16	22180200	22201400	1
chr17	40809000	40829400	1
chr7	112381800	112402000	1
chr15	45187600	45208600	1
chr9	32374200	32394800	1
chr9	95306800	95327000	1
chr15	78497200	78517800	1
chr17	55228200	55248800	1
chr1	165587800	165608400	1
chr19	12431000	12451600	1
chr14	72916000	72936200	1
chr11	59526600	59547600	1
chr3	13441600	13462000	1
chr6	116606000	116626800	1
chr6	144206600	144226800	1
chr17	45042000	45062200	1
chr1	92774600	92795400	1
chr4	127771800	127793000	1
chr12	120291800	120313000	1
chr7	100601200	100621800	1
chr10	22219200	22240800	1
chr11	86943000	86966200	1
chr17	1258400	1278600	1
chrX	54797200	54818200	1
chr14	70349800	70370800	1
chr6	31891400	31911800	1
chr6	71405600	71432400	1
chr3	52887400	52907600	1
chr6	27742000	27763200	1
chr6	156676400	156697200	1
chr8	132665200	132685600	1
chr10	50729600	50751000	1
chr8	95259800	95280000	1
chr3	105356200	105376800	1
chr2	203525400	203545800	1
chr3	140931400	140951600	1
chr7	24562800	24583000	1
chr16	31449800	31470000	1
chr12	42468000	42497200	1
chr1	149878200	149898800	1
chr2	44157800	44178200	1
chr3	49846400	49866600	1
chr15	41221000	41241200	1
chr10	75391200	75416800	1
chr12	109870400	109890600	1
chr1	95107000	95128000	1
chr12	56323600	56344000	1
chr19	40416000	40436200	1
chr11	74978400	74998600	1
chr13	79471000	79491400	1
chr8	85235400	85255800	1
chr2	169684200	169704400	1
chr2	109601400	109630000	1
chr2	8669000	8689800	1
chr6	27508800	27529800	1
chr15	45268800	45289200	1
chr15	34029000	34049200	1
chr17	8285600	8306400	1
chr3	138905200	138926000	1
chr2	238224200	238244400	1
chr7	22072800	22093400	1
chr4	51832600	51852800	1
chr4	7032400	7053200	1
chr10	87193200	87214800	1
chr19	57353000	57373400	1
chr4	184724200	184744400	1
chr9	35819400	35839600	1
chr2	183068000	183089200	1
chr9	81679800	81700200	1
chr16	5088400	5109000	1
chr6	41770000	41790800	1
chr6	99558600	99579200	1
chr5	180792800	180813000	1
chr4	139073000	139093200	1
chr1	172522000	172542200	1
chrX	155756600	155778800	1
chr15	73042800	73066800	1
chr16	75222400	75265600	4
