chr8	79890765	79890965	2	11.8747	1	(2,25)	23.7494	1	23.7494
chr5	14387691	14387891	7	11.8747	1	(7,9)	23.7494	1	23.7494
chr4	304011	304211	21	11.8747	1	(12,21)	23.7494	1	23.7494
chr3	192887011	192887211	5	11.8747	1	(5,13)	23.7494	1	23.7494
chr17	72417059	72417259	21	11.8747	1	(14,21)	23.7494	1	23.7494
chr17	32732982	32733182	20	11.8747	1	(15,20)	23.7494	1	23.7494
chr14	50559082	50559282	24	11.8747	1	(13,24)	23.7494	1	23.7494
chr13	99966746	99966946	24	11.8747	1	(3,24)	23.7494	1	23.7494
chr1	209220455	209220655	2	11.8747	1	(2,19)	23.7494	1	23.7494
chr1	156647208	156647408	24	11.8747	1	(9,24)	23.7494	1	23.7494
chr8	1816634	1816834	2	11.3747	1	(2,24)	22.7494	1	22.7494
chr7	157674508	157674708	24	11.3747	1	(6,24)	22.7494	1	22.7494
chr5	72599373	72599573	21	11.3747	1	(15,21)	22.7494	1	22.7494
chr5	53483570	53483770	24	11.3747	1	(6,24)	22.7494	1	22.7494
chr5	180829400	180829600	20	11.3747	1	(18,20)	22.7494	1	22.7494
chr3	197848129	197848329	3	11.3747	1	(3,11)	22.7494	1	22.7494
chr19	58054432	58054632	21	11.3747	1	(15,21)	22.7494	1	22.7494
chr19	50532343	50532543	20	11.3747	1	(18,20)	22.7494	1	22.7494
chr17	72468260	72468460	3	11.3747	1	(3,10)	22.7494	1	22.7494
chr16	88633792	88633992	23	11.3747	1	(7,23)	22.7494	1	22.7494
chr14	102931463	102931663	23	11.3747	1	(7,23)	22.7494	1	22.7494
chr13	114128925	114129125	3	11.3747	1	(3,10)	22.7494	1	22.7494
chr11	44956849	44957049	2	11.3747	1	(2,24)	22.7494	1	22.7494
chr7	75934682	75934882	20	11.0822	1	(10,20)	22.1644	1	22.1644
chr4	153262248	153262448	20	11.0822	1	(10,20)	22.1644	1	22.1644
chr2	69247668	69247868	7	11.0822	1	(7,16)	22.1644	1	22.1644
chr2	208358876	208359076	7	11.0822	1	(7,16)	22.1644	1	22.1644
chr17	44820632	44820832	12	11.0822	1	(12,13)	22.1644	1	22.1644
chr17	21311488	21311688	20	11.0822	1	(19,20)	22.1644	1	22.1644
chr11	93536834	93537034	12	11.0822	1	(12,13)	22.1644	1	22.1644
chr1	100354444	100354644	12	11.0822	1	(12,13)	22.1644	1	22.1644
chr8	30638483	30638683	3	10.8747	1	(3,12)	21.7494	1	21.7494
chr6	161205168	161205368	3	10.8747	1	(3,12)	21.7494	1	21.7494
chr17	61402439	61402639	3	10.8747	1	(3,12)	21.7494	1	21.7494
chr9	13430201	13430401	17	10.7137	1	(1,17)	21.4275	1	21.4275
chr7	86760284	86760484	2	10.7137	1	(2,17)	21.4275	1	21.4275
chr6	2744166	2744366	2	10.7137	1	(2,17)	21.4275	1	21.4275
chr5	343485	343685	23	10.7137	1	(20,23)	21.4275	1	21.4275
chr5	343285	343485	24	10.7137	1	(20,24)	21.4275	1	21.4275
chr5	141421833	141422033	23	10.7137	1	(20,23)	21.4275	1	21.4275
chr5	112923103	112923303	2	10.7137	1	(2,17)	21.4275	1	21.4275
chr3	59654674	59654874	17	10.7137	1	(1,17)	21.4275	1	21.4275
chr3	59654074	59654274	17	10.7137	1	(1,17)	21.4275	1	21.4275
chr22	25490033	25490233	24	10.7137	1	(20,24)	21.4275	1	21.4275
chr2	11849274	11849474	17	10.7137	1	(1,17)	21.4275	1	21.4275
chr20	37414197	37414397	2	10.7137	1	(2,17)	21.4275	1	21.4275
chr14	33800994	33801194	24	10.7137	1	(20,24)	21.4275	1	21.4275
chr1	11501343	11501543	23	10.7137	1	(20,23)	21.4275	1	21.4275
chr11	112300477	112300677	2	10.7137	1	(2,17)	21.4275	1	21.4275
chr8	73010565	73010765	20	10.471	1	(12,20)	20.9421	1	20.9421
chr8	28513083	28513283	8	10.471	1	(8,13)	20.9421	1	20.9421
chr6	132394061	132394261	20	10.471	1	(12,20)	20.9421	1	20.9421
chr5	42876698	42876898	18	10.471	1	(1,18)	20.9421	1	20.9421
chr5	142328235	142328435	8	10.471	1	(8,13)	20.9421	1	20.9421
chr4	169658649	169658849	8	10.471	1	(8,13)	20.9421	1	20.9421
chr22	46791303	46791503	18	10.471	1	(1,18)	20.9421	1	20.9421
chr22	31497614	31497814	20	10.471	1	(12,20)	20.9421	1	20.9421
chr22	30967414	30967614	20	10.471	1	(12,20)	20.9421	1	20.9421
chr21	20802482	20802682	18	10.471	1	(1,18)	20.9421	1	20.9421
chr19	57706832	57707032	20	10.471	1	(12,20)	20.9421	1	20.9421
chr19	56475831	56476031	20	10.471	1	(12,20)	20.9421	1	20.9421
chr19	36770498	36770698	20	10.471	1	(12,20)	20.9421	1	20.9421
chr16	82736195	82736395	8	10.471	1	(8,13)	20.9421	1	20.9421
chr16	22424879	22425079	18	10.471	1	(1,18)	20.9421	1	20.9421
chr12	91178423	91178623	18	10.471	1	(1,18)	20.9421	1	20.9421
chr12	125016254	125016454	8	10.471	1	(8,13)	20.9421	1	20.9421
chr1	162092410	162092610	8	10.471	1	(8,13)	20.9421	1	20.9421
chr1	108876178	108876378	18	10.471	1	(1,18)	20.9421	1	20.9421
chr9	86944685	86944885	9	10.3747	1	(1,9)	20.7494	1	20.7494
chr9	2838200	2838400	5	10.3747	1	(5,9)	20.7494	1	20.7494
chr9	110995120	110995320	19	10.3747	1	(10,19)	20.7494	1	20.7494
chr8	499400	499600	25	10.3747	1	(6,25)	20.7494	1	20.7494
chr8	27646483	27646683	19	10.3747	1	(10,19)	20.7494	1	20.7494
chr7	90717486	90717686	19	10.3747	1	(10,19)	20.7494	1	20.7494
chr7	43587601	43587801	5	10.3747	1	(5,9)	20.7494	1	20.7494
chr7	42145801	42146001	25	10.3747	1	(6,25)	20.7494	1	20.7494
chr7	1570764	1570964	9	10.3747	1	(1,9)	20.7494	1	20.7494
chr5	68290772	68290972	9	10.3747	1	(1,9)	20.7494	1	20.7494
chr5	60673373	60673573	19	10.3747	1	(10,19)	20.7494	1	20.7494
chr5	173911997	173912197	6	10.3747	1	(6,18)	20.7494	1	20.7494
chr5	124742507	124742707	9	10.3747	1	(1,9)	20.7494	1	20.7494
chr5	10638488	10638688	25	10.3747	1	(6,25)	20.7494	1	20.7494
chr2	74003473	74003673	9	10.3747	1	(1,9)	20.7494	1	20.7494
chr22	41499396	41499596	6	10.3747	1	(6,18)	20.7494	1	20.7494
chr22	32477613	32477813	5	10.3747	1	(5,9)	20.7494	1	20.7494
chr22	30303611	30303811	6	10.3747	1	(6,18)	20.7494	1	20.7494
chr21	34799103	34799303	25	10.3747	1	(6,25)	20.7494	1	20.7494
chr20	59017945	59018145	25	10.3747	1	(6,25)	20.7494	1	20.7494
chr19	13086386	13086586	6	10.3747	1	(6,18)	20.7494	1	20.7494
chr17	929560	929760	19	10.3747	1	(10,19)	20.7494	1	20.7494
chr15	47720003	47720203	9	10.3747	1	(1,9)	20.7494	1	20.7494
chr14	96058063	96058263	25	10.3747	1	(6,25)	20.7494	1	20.7494
chr14	63249082	63249282	19	10.3747	1	(10,19)	20.7494	1	20.7494
chr14	31023394	31023594	5	10.3747	1	(5,9)	20.7494	1	20.7494
chr12	57544017	57544217	5	10.3747	1	(5,9)	20.7494	1	20.7494
chr12	32226666	32226866	25	10.3747	1	(6,25)	20.7494	1	20.7494
chr12	12820466	12820666	6	10.3747	1	(6,18)	20.7494	1	20.7494
chr12	12231466	12231666	5	10.3747	1	(5,9)	20.7494	1	20.7494
chr12	113368595	113368795	6	10.3747	1	(6,18)	20.7494	1	20.7494
chr12	106136222	106136422	9	10.3747	1	(1,9)	20.7494	1	20.7494
