chr10	41839408	42105752	8
chr15	25047853	25097853	8
chr19	58166033	58216234	8
chr12	133078614	133128614	8
chr19	51958947	52008947	8
chr12	53968616	54018616	11
chr7	27151781	27201781	11
chr19	36710498	36760498	8
chr19	51855147	51905147	8
chr21	10688256	10738256	8
chr4	424411	474411	8
chr19	58230234	58280234	1
chr19	57529432	57579432	8
chr2	176087272	176137272	11
chr10	38485072	38581069	8
chr19	36513698	36563698	1
chr19	51850747	51900747	8
chr10	38811669	41693608	8
chr2	89787797	89844190	8
chr4	336811	386811	1
chr17	48596038	48646038	11
chr19	44446616	44500948	8
chr19	44447412	44501348	8
chr19	37412298	37462298	8
chr10	11163437	11213437	3
chr19	23335598	23385598	8
chr5	93564694	93614694	11
chr19	52281547	52331547	1
chr13	99952146	100002146	12
chr19	58156433	58206433	8
chr4	408811	458811	8
chr19	52031947	52081947	1
chr19	37536298	37586499	8
chr19	36858498	36908498	8
chr9	114348520	114398520	3
chr17	48707438	48757438	11
chr4	49102583	49152583	8
chr19	51917547	51967547	8
chr6	10380167	10430167	10
chr5	88652382	88702583	11
chr5	170253996	170303996	3
chr7	50303204	50365302	1
chr12	133146814	133196814	8
chr19	36723498	36773498	1
chr4	173499449	173549449	11
chr19	57962032	58012032	1
chr20	30397724	31245797	8
chr19	36617498	36667498	1
chr19	56393031	56443031	1
chr19	58096433	58146433	8
chr19	56394431	56444431	1
chr19	37527298	37577298	8
chr4	349011	399011	8
chr6	30444423	30494423	3
chr19	37123098	37173098	1
chr19	52082147	52132147	8
chr2	176140072	176190072	11
chr19	56536431	56586632	1
chr15	96320771	96370771	11
chr6	28768423	28818423	12
chr4	124118	184811	1
chr19	53196947	53246947	8
chr11	31793652	31844054	11
chr3	75704649	75754649	8
chr16	3280600	3330600	8
chr12	133169214	133219214	8
chr10	11144637	11194637	3
chr15	25019853	25069853	8
chr16	3278200	3328200	8
chr19	52369547	52419547	1
chr16	3364600	3414600	1
chr4	122320	183211	1
chr2	172071272	172121272	11
chr19	36788898	36838898	1
chr19	37370298	37420298	1
chr19	37111898	37161898	8
chr11	67242529	67292529	1
chr16	34130133	34180133	11
chr19	36496098	36546098	1
chr19	57746632	57796632	1
chr10	100708843	100758843	11
chr19	57954232	58004232	1
chr19	52538947	52588947	1
chr9	123995921	124045921	11
chr7	96983888	97033888	11
chr12	54018816	54068816	11
chr1	227630899	227680899	8
chr4	49113983	49163983	8
chr17	79796001	79846001	11
chr17	38558364	38608947	12
chr10	71726443	71776443	3
chr10	8025637	8075637	11
chr8	11675091	11725091	12
chr22	36327555	36377555	3
chr10	123117284	123167284	11
chr4	13500776	13550776	11
chr2	218956478	219006478	11
chr6	24902572	24952572	3
chr19	57599232	57649232	8
chr19	1237001	1287001	3
