chr7	23465381	23475381	15
chr14	100893463	100903463	8
chr19	46407943	46417943	15
chr9	134702954	134712954	8
chr9	136659548	136669548	16
chr13	110303053	110313053	8
chr19	15191589	15201589	8
chr6	41054261	41064261	1
chr9	136659948	136669948	16
chr5	141413633	141423633	14
chr4	8102873	8112873	8
chr2	132266027	132276027	15
chr2	5689868	5699868	16
chr14	100834063	100844063	8
chr20	49275263	49285263	12
chr19	57049432	57059432	12
chr7	130485959	130495959	16
chr7	27100781	27110781	15
chr2	132269627	132279627	14
chr16	34147733	34157733	12
chr17	29613382	29623382	8
chr7	27138781	27148781	14
chr7	27138581	27148581	14
chr11	114057678	114067678	8
chr19	46403143	46413143	2
chr1	94920044	94930044	8
chr1	94919844	94929844	8
chr7	27096981	27106981	8
chr7	27137981	27147981	14
chr14	100824863	100834863	3
chr11	114295278	114305278	13
chr7	27095381	27105381	8
chr19	45313742	45323742	8
chr10	62050441	62060441	4
chr7	23462181	23472181	16
chrX	134542570	134552570	15
chr20	62549993	62559993	8
chr12	4268434	4278434	16
chr11	2128970	2138970	8
chr7	130486559	130496559	16
chr11	114056878	114066878	8
chr9	134640754	134650754	8
chr9	134641154	134651154	8
chr5	177086799	177096799	3
chr10	41837608	41847608	14
chr20	62555793	62565793	8
chr19	45312142	45322142	8
chr10	86669043	86679043	1
chr19	47713543	47723543	14
chr6	100453124	100463124	3
chr10	62049841	62059841	4
chr11	65422729	65432729	9
chr19	18006791	18016791	1
chr5	142317035	142327035	10
chr11	65422129	65432129	9
chr2	92126974	92136974	14
chrX	136200241	136210241	4
chr5	141338433	141348433	14
chr4	99642643	99652643	9
chr11	114060078	114070078	16
chr14	100821263	100831263	3
chr10	86670643	86680643	1
chr11	65498729	65508729	8
chr12	4271834	4281834	14
chr6	27864222	27874222	15
chr5	177087599	177097599	3
chr20	31712597	31722597	8
chr17	83078524	83088524	8
chr17	50193839	50203839	6
chr19	15189789	15199789	8
chr11	65423529	65433529	9
chr9	134715754	134725754	8
chr2	219441078	219451078	1
chr9	136655748	136665748	16
chr11	2131170	2141170	8
chr17	10644683	10654683	2
chr11	65420729	65430729	9
chr15	34789999	34799999	5
chr5	142312635	142322635	14
chr17	48540838	48550838	3
chr2	219417478	219427478	14
chr19	49064743	49074743	1
chr4	8107273	8117273	8
chr19	38838960	38848960	8
chr2	27284532	27294532	3
chr12	89346023	89356023	15
chr6	26191172	26201172	15
chr13	110300053	110310053	8
chr16	55479688	55489688	16
chr18	15410201	20940439	14
chrX	136201641	136211641	4
chr14	93953654	93963654	4
chr1	37471199	37481199	3
chr11	114292678	114302678	13
chr12	54024016	54034016	14
chr11	1866970	1876970	16
chr12	54022216	54032216	14
chr6	100454724	100464724	16
chr17	83077924	83087924	8
chr1	37471399	37481399	3
