chr21	10775600	10825600	8
chr10	42355200	42405200	8
chr12	54365800	54415800	11
chr10	39104800	39154800	8
chr2	89830600	89880600	8
chr15	25291000	25341000	8
chr22	46458200	46508200	3
chr17	46647000	46697000	11
chr7	130558200	130608200	3
chr22	36723800	36773800	3
chr10	39098800	39148800	8
chr16	46385800	46435800	8
chr16	46404800	46454800	8
chr7	27182800	27232800	11
chr7	27191400	27241400	12
chr21	10813000	10863000	8
chr2	132994800	133044800	11
chr19	58680000	58730000	1
chr15	60642400	60692400	3
chr4	41000	91000	8
chr22	46440200	46490200	3
chr2	89837600	89887600	8
chr20	30262000	30312000	3
chr19	58738800	58788800	3
chr16	33933000	33983000	11
chr19	39139800	39189800	3
chr15	67354200	67404200	3
chr10	38769200	38819200	8
chr19	37004000	37054000	8
chr12	133654400	133704400	8
chr4	418400	468400	2
chr7	130584400	130634400	3
chr19	37005600	37055600	8
chr4	49108400	49158400	8
chr14	69397800	69447800	3
chr2	36667600	36717600	8
chr4	415600	465600	8
chr19	52495200	52545200	8
chr12	133615800	133665800	8
chr19	58041000	58091000	2
chr15	67377000	67427000	2
chr7	27162600	27212600	3
chr11	35159800	35209800	3
chr6	10381800	10431800	11
chr15	96862200	96912200	3
chr12	4369400	4419400	3
chr9	130280400	130330400	8
chr17	77746000	77796000	12
chr19	58669400	58719400	1
chr2	176956000	177006000	12
chr12	4373000	4423000	3
chr10	95193000	95243000	3
chr19	58475400	58525400	1
chr2	216254800	216304800	3
chr11	122009400	122059400	3
chr10	38775600	38825600	8
chr1	144991600	145041600	12
chr19	57045600	57095600	2
chr15	93424400	93474400	3
chr11	128341200	128391200	3
chr19	37028200	37078200	8
chr4	430200	480200	2
chr1	43388400	43438400	3
chr11	128344800	128394800	3
chr2	37851000	37901000	3
chr19	1236800	1286800	3
chr19	1237800	1287800	3
chr19	52358800	52408800	8
chr2	216249800	216299800	3
chr3	30649800	30699800	1
chr1	223887400	223937400	3
chr19	37201000	37251000	8
chr2	92272400	92322400	8
chr19	52551000	52601000	2
chr19	1231200	1281200	3
chr5	140762000	140812000	8
chr2	36683200	36733200	8
chr12	109203200	109253200	3
chr11	65174800	65224800	3
chr11	65175200	65225200	3
chrX	45605600	45655600	3
chr8	144983000	145033000	3
chr16	87856200	87906200	3
chr2	36581600	36631600	3
chr19	56885400	56935400	2
chr17	47067200	47117200	11
chr10	8068000	8118000	12
chr21	11097000	11147000	9
chr11	122024600	122074600	3
chr8	145003800	145053800	3
chr19	52584400	52634400	2
chr11	65167000	65217000	3
chr7	116139000	116189000	3
chr2	105973400	106023400	3
chr9	126758600	126808600	11
chr5	179671000	179721000	8
chr13	100601200	100651200	11
chr16	3323600	3373600	3
chr19	58769600	58819600	3
chr4	7806200	7856200	8
