chr8	125940756	125950756	4
chr8	125938356	125948356	4
chr14	105854895	105865390	9
chr1	116754378	116764378	1
chr6	393400	403400	24
chrX	136648041	136658041	22
chr3	18428708	18438708	22
chr4	108156244	108166244	9
chr3	112489953	112499953	9
chr13	99046946	99056946	23
chr4	48129183	48139183	22
chr14	22481811	22492213	4
chr14	22479811	22490012	4
chr2	203705077	203715077	22
chr14	99258463	99268463	3
chr2	203704277	203714277	22
chr12	47210217	47220217	22
chr14	99239263	99249263	3
chr14	22479011	22489212	4
chr3	108822153	108832153	22
chr2	203935477	203945477	9
chr14	22488812	22500417	18
chr2	98654537	98664537	3
chr12	47211817	47221817	22
chr2	98654137	98664137	3
chr10	6581438	6591438	22
chr17	39772747	39782747	13
chr5	111225302	111235302	3
chr6	388800	398800	23
chr5	35854898	35864898	4
chrX	79148503	79158503	18
chr15	60580801	60590801	4
chr11	118337885	118347885	3
chr2	143246631	143256631	4
chr11	60970328	60980328	13
chr22	39952996	39962996	13
chr2	143246431	143256431	4
chr3	111541353	111551353	13
chr4	142395047	142405047	9
chr5	160469993	160479993	4
chr2	203932477	203942477	9
chr4	49305	59707	4
chr12	54295016	54305016	24
chr19	19810791	19820791	4
chr14	91858256	91868256	22
chr5	157179389	157189389	18
chr5	134115509	134125509	9
chrX	78943303	78953303	4
chrX	79144703	79154703	1
chr14	91857456	91867456	22
chr6	142898863	142908863	18
chr17	35489981	35499981	23
chr5	160471593	160481593	4
chr22	39902196	39912196	3
chr16	53449288	53459288	8
chr19	16368789	16378789	10
chr12	31885866	31895866	22
chr1	160621610	160631610	13
chr1	151822124	151832124	22
chr17	65551882	65561882	23
chr12	9667204	9677204	4
chr1	167429563	167439563	13
chr17	48566838	48576838	22
chr1	160798210	160808210	20
chr3	71299249	71309249	13
chr2	98652537	98662537	3
chr14	22500617	22513419	18
chr15	50107203	50117203	14
chr22	39925796	39935796	3
chr3	71487649	71497649	20
chr1	206905255	206915255	23
chr3	39271709	39281709	16
chr19	51544347	51554347	4
chr1	167509163	167519163	22
chr1	167483763	167493763	18
chr4	47604	58307	4
chr15	50107803	50117803	14
chr16	88934992	88944992	24
chr3	45907508	45917508	4
chr4	89297249	89307249	18
chr10	6584638	6594638	22
chrX	79161103	79171103	18
chr9	113517520	113527520	12
chr17	48567438	48577438	22
chr4	48124583	48134583	22
chr3	39271109	39281109	22
chr1	151820524	151830524	22
chr5	131538307	131548307	13
chr22	39235395	39245395	22
chr12	31886866	31896866	22
chr7	120989146	120999146	4
chr3	112124953	112134953	4
chr15	40097399	40107399	19
chr5	131538107	131548107	13
chr11	61102528	61112528	13
chr15	40096999	40106999	19
chr4	142396847	142406847	4
chr7	142804716	142815114	22
chr18	63229367	63239367	11
chr1	167485363	167495363	18
