chr15	25293200	25343200	20
chr19	58739000	58789000	20
chr19	52775600	52825600	1
chr14	22966800	23016800	9
chr19	37023400	37073400	20
chr4	418600	468600	16
chr19	37904200	37954200	20
chr19	52466400	52516400	4
chr19	23523200	23573200	20
chr12	133657200	133707200	4
chr11	128340800	128390800	9
chr19	58675600	58725600	22
chr12	133577400	133627400	22
chr17	75420400	75470400	9
chr19	52587400	52637400	22
chr22	40304200	40354200	9
chr15	31614000	31664000	1
chr20	30262000	30312000	1
chr19	37348400	37398400	20
chr19	58041000	58091000	1
chr14	99688000	99738000	10
chr19	37196800	37246800	20
chr19	37109200	37159200	22
chr14	99661800	99711800	9
chr19	58472000	58522000	4
chr19	52359000	52409000	22
chr19	53042400	53092400	1
chr5	133433200	133483200	1
chr22	36724600	36774600	9
chr10	126383600	126433600	1
chr22	36735000	36785000	9
chr4	40195800	40245800	9
chr12	133611600	133661600	22
chr5	39170200	39220200	4
chr19	52357000	52407000	22
chr4	329800	379800	1
chr19	52866600	52916600	1
chr10	82215200	82265200	9
chr3	30649600	30699600	4
chr1	198606800	198656800	9
chr14	91832200	91882200	9
chr4	404600	454600	20
chr8	145002000	145052000	9
chr19	58467200	58517200	4
chr5	118635000	118685000	4
chr8	27197200	27247200	4
chr1	167437800	167487800	13
chr12	123545200	123595200	13
chr19	37280200	37330200	20
chr1	226837800	226887800	10
chr17	76729600	76779600	1
chr14	100525000	100575000	9
chr14	100525200	100575200	9
chr1	226877200	226927200	1
chr1	226878800	226928800	1
chr5	169685800	169735800	10
chr11	128560200	128610200	23
chr9	92050000	92100000	9
chr5	118645200	118695200	4
chr19	38096800	38146800	1
chr19	37885600	37935600	20
chr2	54784200	54834200	9
chr11	35158800	35208800	9
chr19	58608000	58658000	1
chr17	38462600	38512600	9
chr4	337000	387000	20
chr5	133411000	133461000	1
chr15	93420600	93470600	1
chr5	169688000	169738000	10
chr9	117110800	117160800	1
chr19	38022400	38072400	22
chr10	11185200	11235200	9
chr8	134047200	134097200	9
chr14	98628800	98678800	13
chr10	73486600	73536600	9
chr10	11205400	11255400	9
chr5	156604600	156654600	13
chr16	68278000	68328000	1
chr13	41544600	41594600	9
chr16	3414000	3464000	1
chr11	128554000	128604000	23
chr9	123650400	123700400	9
chr1	19763800	19813800	1
chr10	26725200	26775200	13
chr15	63770400	63820400	1
chr10	73483600	73533600	9
chr19	39137600	39187600	22
chr22	36701800	36751800	9
chr12	133720400	133770400	22
chr19	37614800	37664800	1
chr1	167406400	167456400	13
chr3	52264800	52314800	14
chr2	240142200	240192200	4
chr3	18441200	18491200	1
chr4	10076400	10126400	9
chr12	48181600	48231600	13
chr4	10076600	10126600	9
chr21	46305600	46355600	4
chr14	61787600	61837600	4
chr5	179671200	179721200	20
