chr14	50050800	50051000	8	10.3232	1	(7,7)	7.76214	-1	25.4155	3.29348e-07
chr2	207025600	207025800	4	8.47525	-1	(8,8)	7.37648	1	24.7562	7.24566e-07
chr6	133137200	133137400	8	13.0311	1	(8,8)	13.0311	1	24.7276	7.90435e-07
chr1	200378000	200378200	8	11.3266	1	(8,8)	13.0311	1	24.722	7.90435e-07
chr1	27337200	27337400	8	7.56248	1	(3,9)	7.28311	-1	24.5536	1.05391e-06
chr4	41260600	41260800	8	13.0311	1	(8,8)	13.0311	1	24.5112	1.18565e-06
chr10	102109000	102109200	8	11.3726	1	(8,8)	13.0311	1	24.5106	1.18565e-06
chr19	17972400	17972600	8	11.4311	1	(8,8)	13.0311	1	24.4676	1.31739e-06
chr3	134077200	134077400	8	11.8923	-1	(7,7)	10.7926	1	24.3949	1.31739e-06
chr3	134076400	134076600	8	11.8923	-1	(7,7)	10.7926	1	24.3949	1.31739e-06
chr6	33241400	33241600	8	10.0994	1	(8,8)	7.37648	1	24.3749	1.31739e-06
chr5	180669200	180669400	8	11.3859	1	(8,8)	13.0311	1	24.2904	1.58087e-06
chr1	173834000	173834200	8	9.6187	1	(8,8)	12.5383	1	24.2056	1.84435e-06
chr1	26746200	26746400	8	11.3006	1	(8,8)	13.0311	1	24.1846	1.84435e-06
chr1	113242400	113242600	15	9.3296	1	(5,15)	6.90834	1	24.1347	1.91022e-06
chr3	39450000	39450200	8	9.63074	1	(7,7)	7.76214	-1	24.1178	2.04196e-06
chr18	56533400	56533600	8	11.3465	1	(8,8)	13.0311	1	23.9267	2.63478e-06
chr6	44216600	44216800	8	13.0311	1	(8,8)	13.0311	1	23.9102	2.70065e-06
chr1	166810200	166810400	8	7.04313	1	(3,7)	4.47062	-1	23.8932	2.70065e-06
chr5	149827400	149827600	8	10.1614	1	(8,8)	7.37648	1	23.882	2.70065e-06
chr6	34207800	34208000	8	10.1614	1	(8,8)	7.37648	1	23.8683	2.76652e-06
chr22	20106200	20106400	4	8.12592	-1	(4,4)	5.42737	-1	23.7956	3.22761e-06
chr1	156719800	156720000	4	8.6877	1	(4,4)	6.29765	1	23.7789	3.29348e-06
chr3	184034400	184034600	8	7.24906	-1	(4,7)	8.52196	1	23.7721	3.35935e-06
chr2	217364600	217364800	8	9.26781	1	(8,8)	12.5383	1	23.7437	3.42522e-06
chr6	35439000	35439200	8	10.0994	1	(8,8)	7.37648	1	23.7301	3.55696e-06
chr12	120636800	120637000	8	11.5174	1	(8,8)	13.0311	1	23.694	3.6887e-06
chr1	113242600	113242800	8	7.00877	-1	(5,15)	5.05674	1	23.6755	3.75457e-06
chr1	26744200	26744400	8	9.44591	1	(8,8)	12.5383	1	23.6537	3.82044e-06
chr3	134077000	134077200	7	10.7926	1	(7,7)	10.7926	1	23.6331	3.88631e-06
chr20	47898600	47898800	8	8.4865	1	(8,8)	7.37648	1	23.6295	3.88631e-06
chr17	16343400	16343600	8	9.51592	1	(8,8)	12.5383	1	23.5951	4.14979e-06
chr5	138611800	138612000	8	13.0311	1	(8,8)	13.0311	1	23.5654	4.14979e-06
chr19	59067000	59067200	8	9.65567	-1	(8,8)	6.50962	-1	23.5629	4.21565e-06
chr19	54705400	54705600	8	6.33608	1	(8,8)	6.8837	1	23.5348	4.47913e-06
chr17	73774400	73774600	2	7.36405	-1	(2,8)	7.10774	-1	23.5263	4.47913e-06
chr3	183895000	183895200	8	9.46493	1	(8,8)	12.5383	1	23.5117	4.47913e-06
chr5	148928800	148929000	8	10.1651	1	(8,8)	7.37648	1	23.4856	4.545e-06
chr5	177633200	177633400	8	10.1614	1	(8,8)	7.37648	1	23.4375	4.94022e-06
chr6	31805000	31805200	8	9.66883	1	(8,8)	12.5383	1	23.4345	4.94022e-06
chr12	4385800	4386000	7	4.96045	-1	(4,8)	5.0421	1	23.4132	5.00609e-06
chr8	146016000	146016200	8	9.74985	1	(8,8)	12.5383	1	23.4089	5.00609e-06
chr6	36564800	36565000	8	10.0994	1	(8,8)	7.37648	1	23.3974	5.07196e-06
chr1	26739600	26739800	8	6.55944	1	(8,8)	6.8837	1	23.381	5.07196e-06
chr19	19575800	19576000	8	7.21656	-1	(8,8)	6.50962	-1	23.3371	5.33544e-06
chr22	39713600	39713800	8	9.58452	1	(8,8)	12.5383	1	23.3277	5.40131e-06
chr10	3824400	3824600	8	7.74114	1	(4,8)	8.7058	1	23.3107	5.53305e-06
chr4	53580800	53581000	8	13.0311	1	(8,8)	13.0311	1	23.2972	5.59892e-06
chr20	47897600	47897800	8	5.96362	1	(1,8)	8.15326	1	23.2727	5.92826e-06
chr5	176923000	176923200	3	7.50471	1	(3,8)	9.19116	1	23.2642	6.19174e-06
chr15	63338200	63338400	8	11.3903	1	(8,8)	13.0311	1	23.2412	6.32348e-06
chr17	2238800	2239000	8	10.0994	1	(8,8)	7.37648	1	23.2242	6.38935e-06
chr2	27441000	27441200	3	9.36498	1	(3,3)	6.41826	1	23.2229	6.38935e-06
chr16	2012800	2013000	8	8.51576	1	(8,8)	7.37648	1	23.2205	6.38935e-06
chr2	216979800	216980000	8	11.4308	1	(8,8)	13.0311	1	23.2123	6.45522e-06
chr11	17098200	17098400	8	10.1614	1	(8,8)	7.37648	1	23.1879	6.45522e-06
chr1	156719600	156719800	8	7.94601	-1	(3,8)	5.86587	-1	23.1673	6.45522e-06
chr19	49121000	49121200	8	5.29762	1	(1,8)	4.05848	1	23.0851	7.24566e-06
chr11	62434400	62434600	8	8.57844	1	(8,8)	7.37648	1	23.0831	7.24566e-06
chr7	100486200	100486400	8	8.60713	1	(8,8)	7.37648	1	23.0516	7.3774e-06
chr5	81572800	81573000	8	7.39739	1	(1,8)	4.05848	1	23.0471	7.3774e-06
chr19	2042000	2042200	8	7.64805	1	(2,8)	8.51963	1	23.044	7.3774e-06
chr2	101620000	101620200	8	9.37416	1	(8,8)	12.5383	1	23.0182	7.64088e-06
chr3	12880800	12881000	8	8.64215	1	(8,8)	7.37648	1	23.0082	7.70674e-06
chr1	86048800	86049000	8	9.47987	1	(8,8)	12.5383	1	22.9928	7.83848e-06
chr22	24238000	24238200	8	8.59989	1	(8,8)	7.37648	1	22.9918	7.83848e-06
chr20	61567200	61567400	8	8.65595	1	(8,8)	7.37648	1	22.976	7.90435e-06
chr14	21993600	21993800	8	10.1651	1	(8,8)	7.37648	1	22.9637	7.90435e-06
chr5	179047800	179048000	8	13.0311	1	(8,8)	13.0311	1	22.9402	8.29957e-06
chr16	58550400	58550600	8	7.39739	1	(4,7)	5.59059	-1	22.8957	9.22175e-06
chr11	66408000	66408200	8	8.54798	1	(8,8)	7.37648	1	22.8675	9.68283e-06
chr19	49469600	49469800	2	4.76693	1	(2,8)	8.51963	1	22.8501	9.94631e-06
chr1	68153000	68153200	8	7.74114	1	(4,8)	8.7058	1	22.8276	1.03415e-05
chr19	41732400	41732600	3	11.4341	1	(3,3)	11.4341	1	22.8247	1.04074e-05
chr17	27049400	27049600	8	11.5899	1	(8,8)	13.0311	1	22.8028	1.06709e-05
chr9	136216400	136216600	8	11.555	1	(8,8)	13.0311	1	22.7978	1.07367e-05
chr9	130210800	130211000	8	9.63074	1	(8,8)	7.37648	1	22.7929	1.08685e-05
chr6	34392400	34392600	8	9.63074	1	(8,8)	7.37648	1	22.7926	1.08685e-05
chr17	34889800	34890000	8	7.56527	1	(3,8)	4.29558	1	22.7807	1.1132e-05
chr11	57408400	57408600	8	9.75736	1	(8,8)	12.5383	1	22.7635	1.13296e-05
chr3	134091200	134091400	14	6.58246	1	(8,14)	5.39935	1	22.7346	1.15931e-05
chr11	65271800	65272000	8	8.40587	1	(8,8)	7.37648	1	22.7109	1.17248e-05
chr19	18684000	18684200	8	10.1614	1	(8,8)	7.37648	1	22.708	1.17248e-05
chr11	65273200	65273400	8	8.65157	1	(8,8)	7.37648	1	22.6867	1.212e-05
chr11	66726400	66726600	3	7.07376	1	(3,14)	8.32927	1	22.6658	1.23176e-05
chr8	67835400	67835600	8	8.58588	1	(8,8)	7.37648	1	22.592	1.31081e-05
chr3	170078600	170078800	8	11.5002	1	(8,8)	13.0311	1	22.5819	1.31739e-05
chr3	5025400	5025600	17	2.72596	1	(8,17)	1.84635	1	22.5759	1.32398e-05
chr16	29821800	29822000	3	6.98898	1	(3,7)	5.02314	1	22.5757	1.32398e-05
chr1	223196800	223197000	8	11.457	1	(8,8)	13.0311	1	22.5702	1.33057e-05
chr11	2022600	2022800	14	6.65363	1	(12,16)	7.09334	-1	22.5693	1.33057e-05
chr2	55460800	55461000	8	9.7408	1	(8,8)	12.5383	1	22.5531	1.35033e-05
chr16	75286000	75286200	3	9.73317	1	(3,3)	11.4341	1	22.5334	1.37667e-05
chr19	47662000	47662200	8	9.84572	1	(8,8)	12.5383	1	22.5258	1.39644e-05
chr12	49349800	49350000	4	6.72082	-1	(3,4)	7.34991	-1	22.5166	1.40961e-05
chr7	42131000	42131200	9	6.65672	-1	(3,15)	9.58451	1	22.5158	1.40961e-05
chr3	186504600	186504800	7	6.85992	1	(1,7)	10.4954	1	22.5129	1.40961e-05
chr14	23446000	23446200	8	6.84974	1	(8,8)	6.8837	1	22.4897	1.44254e-05
chr6	33244200	33244400	1	6.46322	1	(1,8)	8.71696	1	22.4836	1.46231e-05
chr1	31887600	31887800	4	7.07707	1	(4,4)	6.29765	1	22.4834	1.46231e-05
