chr19	58188033	58213234	20
chr15	25050253	25075253	20
chr19	58241834	58266834	20
chr19	57976432	58001432	4
chr12	133081814	133106814	4
chr19	57530232	57555232	20
chr12	132991014	133016014	20
chr15	25075453	25100453	20
chr19	44473183	44500748	4
chr12	133036414	133061414	4
chr19	36537898	36562898	20
chr19	52299147	52324147	20
chr12	133133214	133158214	20
chr7	6682569	6707569	20
chr19	9560124	9585124	4
chr5	180248200	180273200	20
chr19	36812498	36837498	20
chr4	449611	474611	20
chr19	51961947	51986947	4
chr19	36705498	36730498	20
chr19	36745298	36770298	20
chr19	58121633	58146633	20
chr19	52111947	52136947	20
chr19	52015747	52040747	4
chr11	65484929	65509929	1
chr12	133181014	133206014	20
chr16	68548897	68573897	20
chr11	118905891	118930891	9
chr19	38647160	38672160	22
chr19	1250201	1275201	13
chr16	3386600	3411600	20
chr19	23344598	23369598	20
chr19	56403031	56428031	4
chr19	52061347	52086347	20
chr16	3285200	3310200	20
chr19	58114233	58139233	20
chr8	144826015	144851015	20
chr19	36634498	36659498	20
chr8	143932632	143957632	9
chr22	36350555	36375555	9
chr19	37227898	37252898	22
chr7	6673969	6698969	20
chr22	36319955	36344955	9
chr1	247140698	247165698	20
chr4	336011	361011	4
chr16	68552297	68577297	20
chr19	9323124	9348124	4
chr2	89816190	89841190	22
chr19	57923832	57948832	4
chr19	37145298	37170298	20
chr19	8803324	8828324	20
chr19	38661160	38686160	9
chr19	37562098	37587299	20
chr10	41837608	41862608	19
chr19	57683032	57708032	4
chr19	56536831	56561831	1
chr19	56600832	56625832	20
chr19	58169633	58194633	22
chr19	20541194	20566194	4
chr3	44711908	44736908	22
chr4	134057	161610	20
chr12	132929214	132954214	20
chr15	96323971	96348971	1
chr19	52365347	52390347	4
chr11	65415529	65440529	9
chr19	36883898	36908898	20
chr19	51886947	51911947	20
chr15	96322971	96347971	1
chr19	43832648	43857648	20
chr12	133047014	133072014	20
chr19	9139724	9164724	4
chr12	121791894	121816894	9
chr5	178865399	178890399	20
chr22	36313555	36338555	9
chr19	9329724	9354724	20
chr19	52312347	52337347	20
chr21	10706856	10731856	21
chr19	56554031	56579232	22
chr19	7068789	7093789	22
chr18	48928430	48953430	22
chr8	143919632	143944632	9
chr19	37420298	37445298	20
chr19	51926347	51951347	22
chr17	48579838	48604838	4
chr4	69708	96914	20
chr19	36624698	36649698	20
chr5	139647015	139672015	1
chr19	37558298	37583499	20
chr19	52542947	52567947	20
chr14	77022057	77047057	9
chr3	50235568	50260568	22
chr5	179059799	179084799	4
chr19	11931785	11956785	20
chr1	8856141	8881141	11
chr19	36732698	36757698	20
chr14	73738297	73763297	9
chr11	3354970	3379970	1
chr19	53230747	53255747	20
chr4	70108	97314	20
chr19	9514524	9539524	20
