chr14	19416000	19416200	3	5.47393	1	(3,14)	5.14653	1	16.0238
chr17	13305800	13306000	3	5.50496	1	(3,14)	5.16805	1	15.9097
chr9	3023400	3023600	12	4.85159	1	(12,14)	3.02375	1	15.6843
chr18	37768000	37768200	14	5.30751	1	(1,14)	1.81092	1	15.6834
chr18	68692200	68692400	3	3.66459	1	(3,14)	2.23201	1	15.674
chr11	3169600	3169800	14	6.53745	1	(3,14)	4.71587	1	15.6425
chr9	4260200	4260400	14	5.54419	1	(3,14)	5.24415	1	15.6083
chr13	65258600	65258800	14	6.81498	1	(2,14)	4.2561	1	15.5611
chr13	119602000	119602200	12	6.3421	1	(12,14)	3.94891	1	15.4915
chr11	3151200	3151400	6	4.84364	1	(6,14)	3.12976	1	15.4756
chr2	90395200	90395400	14	5.22992	1	(12,14)	4.23124	1	15.4752
chr14	19416200	19416400	6	6.36554	1	(6,14)	4.14439	1	15.4274
chr17	13306000	13306200	12	5.06951	1	(12,14)	4.29346	1	15.4235
chr4	146932400	146932600	14	6.76678	1	(3,14)	6.66001	1	15.4183
chrX	87238200	87238400	3	9.54958	1	(3,14)	10.3527	1	15.3334
chr9	3038000	3038200	14	6.19776	1	(12,14)	5.83001	1	15.264
chr14	19417600	19417800	12	4.74505	1	(12,14)	2.99437	1	15.2529
chr6	37872400	37872600	14	5.24741	1	(12,14)	4.48513	1	15.2468
chr18	37694800	37695000	14	5.09026	1	(12,14)	2.96139	1	15.1308
chr12	109539600	109539800	14	7.34609	1	(1,14)	5.67825	1	15.1154
chr9	3027200	3027400	14	6.19195	1	(12,14)	5.74787	1	15.0382
chr18	37742600	37742800	14	6.41774	1	(3,14)	2.42264	1	14.9907
chr4	144404400	144404600	14	4.00661	1	(4,14)	2.3955	1	14.9412
chr18	37737200	37737400	14	6.36827	1	(12,14)	4.14175	1	14.9209
chr4	147449200	147449400	2	7.6232	1	(2,14)	7.88908	1	14.9145
chr13	65258400	65258600	2	4.54006	1	(2,14)	3.34782	1	14.8983
chr18	37751600	37751800	14	5.14781	1	(2,14)	3.13434	1	14.881
chr18	37662000	37662200	14	7.52322	1	(2,14)	5.36497	1	14.8626
chr7	45800400	45800600	3	4.80768	1	(3,10)	3.16435	1	14.8543
chr11	3149600	3149800	14	6.31854	1	(6,14)	6.34074	1	14.8262
chr11	3151400	3151600	14	6.08043	1	(12,14)	5.53454	1	14.8202
chr12	20815400	20815600	2	6.06855	1	(2,14)	6.36526	1	14.7922
chr18	37747000	37747200	6	4.7876	1	(6,14)	3.20255	1	14.7917
chr9	3036200	3036400	12	7.52039	1	(12,14)	4.9259	1	14.7779
chr5	137152200	137152400	14	7.50715	1	(6,14)	10.6891	1	14.7522
chr7	4151600	4151800	3	6.48124	1	(3,5)	2.11073	1	14.7405
chr4	144404600	144404800	2	4.34923	1	(2,14)	3.16047	1	14.7271
chr11	100958800	100959000	3	6.65584	1	(3,8)	3.91667	1	14.7036
chr18	37756000	37756200	12	4.69351	1	(3,12)	2.62759	1	14.6942
chr17	3081600	3081800	12	5.9993	1	(6,12)	4.47731	1	14.6805
chr2	181930800	181931000	12	5.97636	1	(12,14)	3.9182	1	14.6765
chr11	12025600	12025800	10	3.50009	1	(3,10)	2.3206	1	14.6598
chr9	44311600	44311800	10	4.39337	1	(1,10)	3.24534	1	14.6501
chr8	122865200	122865400	2	6.30809	1	(2,14)	6.56045	1	14.6477
chr13	65258200	65258400	9	4.52155	1	(2,14)	3.19448	1	14.6452
chr1	34432400	34432600	14	3.91552	1	(4,14)	2.15416	1	14.6106
chrY	90744400	90744600	6	6.19611	1	(6,14)	4.41658	1	14.6079
chr7	14623200	14623400	2	4.40111	1	(2,14)	3.18345	1	14.6066
chrX	76598800	76599000	6	7.67063	1	(6,14)	5.2236	1	14.5959
chr6	3183400	3183600	9	4.56852	1	(9,14)	2.86139	1	14.5934
chr4	82497400	82497600	2	3.26294	1	(2,10)	1.10238	1	14.5739
chr3	108414600	108414800	14	3.40802	1	(10,14)	1.45917	1	14.5606
chr2	45114400	45114600	5	4.48802	1	(5,9)	2.4146	1	14.556
chr4	82497200	82497400	1	3.12959	1	(1,10)	1.1216	1	14.554
chr9	3025600	3025800	12	6.0006	1	(6,12)	4.48817	1	14.5485
chr11	3194000	3194200	14	6.18395	1	(12,14)	6.00751	1	14.5438
chr9	3036000	3036200	6	4.61694	1	(6,12)	3.34499	1	14.5432
chr8	122865400	122865600	14	5.15684	1	(9,14)	4.42306	1	14.5358
chr4	62621800	62622000	7	6.38667	1	(1,7)	5.85928	1	14.5304
chr9	3015600	3015800	6	7.64812	1	(6,14)	5.38504	1	14.5158
chr18	37685400	37685600	14	4.97496	1	(6,14)	3.23001	1	14.507
chr13	119598000	119598200	12	6.127	1	(12,14)	5.79674	1	14.4705
chr3	56575600	56575800	12	6.06193	1	(12,14)	5.54124	1	14.4655
chr7	16885000	16885200	3	5.0843	1	(3,12)	4.0377	1	14.4575
chr18	34884600	34884800	7	3.63868	1	(3,7)	2.28527	1	14.4527
chr18	37767800	37768000	10	4.50182	1	(2,10)	3.1864	1	14.4457
chr18	37742000	37742200	9	6.08046	1	(9,14)	5.80573	1	14.4441
chr18	20188000	20188200	9	4.48261	1	(6,9)	2.34467	1	14.4402
chr2	98663600	98663800	12	7.31099	1	(6,12)	3.685	1	14.4376
chr1	58613800	58614000	13	4.46068	1	(13,14)	2.74187	1	14.4335
chr8	71634400	71634600	3	7.50863	1	(3,9)	4.20945	1	14.4307
chr4	43442000	43442200	7	7.60414	1	(7,9)	4.0927	1	14.4269
chr15	75087000	75087200	12	6.0983	1	(12,14)	3.78422	1	14.4258
chr11	102399400	102399600	3	6.31767	1	(3,10)	4.11654	1	14.4238
chr14	19417800	19418000	6	4.57433	1	(6,12)	3.33195	1	14.4207
chr12	114379000	114379200	9	6.16295	1	(9,14)	5.84188	1	14.4189
chr6	3201600	3201800	14	5.04364	1	(9,14)	4.35948	1	14.4152
chr18	37767000	37767200	12	5.92334	1	(10,12)	2.82475	1	14.4128
chr14	19415800	19416000	14	5.83774	1	(12,14)	5.58158	1	14.4127
chr6	103649000	103649200	12	5.82931	1	(6,12)	2.84702	1	14.4067
chr9	3022200	3022400	12	6.46235	1	(12,14)	7.7901	1	14.4039
chr6	90989400	90989600	9	4.38063	1	(9,14)	2.79213	1	14.4017
chr18	37767600	37767800	2	5.13626	1	(2,10)	4.81699	1	14.401
chr6	3182800	3183000	3	6.02373	1	(3,9)	3.54673	1	14.4005
chr18	37707200	37707400	2	4.53922	1	(2,14)	3.28897	1	14.3929
chr2	181931000	181931200	6	4.55317	1	(6,12)	3.20141	1	14.3836
chr9	110281200	110281400	6	4.54404	1	(6,12)	3.17964	1	14.3789
chr15	77857400	77857600	2	3.29999	1	(2,5)	2.10607	1	14.3756
chr4	82497600	82497800	12	3.23009	1	(1,12)	1.87411	1	14.3746
chr11	3127400	3127600	12	4.48057	1	(12,14)	2.84142	1	14.3741
chr1	85277800	85278000	6	10.3338	1	(6,14)	7.66777	1	14.373
chr11	12025800	12026000	12	4.58996	1	(10,12)	2.18454	1	14.3668
chr11	3130800	3131000	6	4.95839	1	(6,14)	4.65356	1	14.3667
chr16	10991400	10991600	14	3.64682	1	(4,14)	2.37541	1	14.361
chr1	58505800	58506000	14	5.05968	1	(4,14)	5.02082	1	14.3561
chr11	3128400	3128600	14	5.8671	1	(6,14)	6.47439	1	14.3346
chrX	140511000	140511200	9	4.43426	1	(3,9)	2.43742	1	14.3324
chr7	45800600	45800800	4	4.52421	1	(4,10)	2.95194	1	14.3272
chr4	151058600	151058800	9	4.48908	1	(6,9)	2.28651	1	14.3237
chr4	132075800	132076000	3	3.58249	1	(3,5)	2.101	1	14.3078
