chr6	39169800	39194800	3
chr14	22921000	22946000	12
chr14	22922200	22947200	12
chr14	22918600	22943600	12
chr16	85476000	85501000	3
chr16	85485400	85510400	3
chrX	123512200	123537200	4
chr14	98653600	98678600	3
chr17	3577000	3602000	15
chr2	87032600	87057600	4
chr2	87035800	87060800	4
chr5	133419200	133444200	3
chr16	70719800	70744800	3
chr5	133418600	133443600	3
chr15	74674800	74699800	3
chr12	123512200	123537200	7
chr9	90206200	90231200	3
chr17	78723400	78748400	7
chr16	68393000	68418000	11
chr1	41823200	41848200	3
chr17	37914000	37939000	3
chr5	133426200	133451200	9
chr9	132620800	132645800	9
chr17	37911400	37936400	3
chr15	74683000	74708000	7
chr9	90161800	90186800	8
chr9	132614200	132639200	9
chr17	47069000	47094000	4
chr17	47069800	47094800	4
chr9	90161000	90186000	8
chr17	47068600	47093600	4
chr2	95697200	95722200	4
chr20	61635800	61660800	9
chr20	61635600	61660600	9
chrX	6970600	6995600	7
chr9	124487800	124512800	8
chrX	6970000	6995000	7
chr18	74804000	74829000	8
chr17	46629200	46654200	11
chr16	85469400	85494400	9
chr16	57662600	57687600	3
chr1	41822000	41847000	3
chr16	89022400	89047400	13
chr3	18466200	18491200	12
chr16	11172000	11197000	12
chr9	132629800	132654800	7
chr2	87046200	87071200	4
chr3	111830200	111855200	7
chr2	87046400	87071400	4
chr22	19866200	19891200	3
chr14	98639000	98664000	3
chr19	8622200	8647200	11
chr16	68243000	68268000	7
chr22	19868600	19893600	12
chr1	42125000	42150000	8
chr9	132640400	132665400	8
chr6	150922800	150947800	3
chr1	198978200	199003200	17
chr2	236401600	236426600	12
chr16	89166400	89191400	5
chr21	43823000	43848000	3
chr9	124482400	124507400	3
chr7	27138800	27163800	18
chr21	43175000	43200000	14
chr16	11177000	11202000	12
chr14	93110400	93135400	17
chr17	78708000	78733000	7
chr6	112054400	112079400	7
chr1	25269000	25294000	4
chr20	31093000	31118000	9
chr3	16339400	16364400	9
chr6	31535600	31560600	4
chr1	25268400	25293400	4
chr6	41972200	41997200	7
chr20	42565000	42590000	2
chr5	131807600	131832600	4
chr17	76245200	76270200	9
chr1	167425200	167450200	11
chr3	30703000	30728000	5
chr5	131792600	131817600	8
chr14	93109400	93134400	17
chr4	1831200	1856200	8
chr12	123566600	123591600	3
chr20	31094400	31119400	9
chr22	37681800	37706800	5
chr6	41970800	41995800	11
chr22	24534800	24559800	8
chr22	37681400	37706400	5
chr16	11167800	11192800	12
chr22	37596200	37621200	11
chr10	6613400	6638400	4
chr17	78707000	78732000	7
chr21	43824000	43849000	3
chr18	74792000	74817000	7
chr17	76253200	76278200	9
chr10	6612000	6637000	4
chr3	18456600	18481600	12
chr19	8623600	8648600	11
chr6	11195000	11220000	12
chr1	151786000	151811000	11
