chr19	58190033	58215234	12
chr15	25050053	25075053	12
chr19	1250201	1275201	8
chr19	1248401	1273401	8
chr19	58241634	58266634	12
chr22	36320755	36345755	8
chr10	41841208	41866208	14
chr21	10691656	10716656	12
chr21	10379056	10404056	12
chr4	49632983	51794034	14
chr2	89815990	89840990	14
chr19	38689360	38714360	8
chr19	58118433	58143433	12
chr4	49096383	49121383	14
chr11	31798452	31823653	14
chr19	57969832	57994832	12
chr2	172082072	172107072	14
chr21	10716856	10741856	12
chr10	38485072	38510072	12
chr10	38826269	38851269	14
chr19	44473583	44501148	4
chr2	132252427	132277427	14
chr10	38783469	38808469	12
chr16	34132133	34157133	14
chr17	79790801	79815801	1
chr8	143928832	143953832	8
chr20	30416924	31239997	12
chr18	48928430	48953430	2
chr10	42297552	42322552	12
chr10	38511072	38582069	14
chr16	86492994	86517994	1
chr19	38647160	38672160	1
chr19	1255801	1280801	8
chr11	818800	843800	2
chr19	38693760	38718760	8
chr11	64854528	64879528	3
chr11	118905891	118930891	1
chr2	28389533	28414533	1
chr10	41866408	42107752	14
chr12	121788894	121813894	8
chr14	73738497	73763497	1
chr8	143927432	143952432	8
chr12	132928414	132953414	12
chr9	123997121	124022121	15
chr22	36308754	36333955	8
chr3	75717449	75742449	12
chr12	133039614	133064614	12
chr19	57530832	57555832	12
chr11	65485929	65510929	8
chr17	2048506	2073506	2
chr19	2038201	2063201	8
chr13	99967546	99992546	15
chr22	36351355	36376355	8
chr12	132992814	133017814	12
chr2	176082672	176107672	15
chr1	90705843	90730843	15
chr10	100727643	100752643	15
chr19	4044202	4069202	8
chr12	53975816	54000816	14
chr19	4044002	4069002	8
chr10	101213843	101238843	14
chr10	8033237	8058237	15
chr17	38868947	38893947	1
chr4	10092776	10117776	1
chr2	132248827	132273827	14
chr17	38867947	38892947	1
chr10	99519243	99544243	14
chr22	36364155	36389155	2
chr2	44928261	44953261	14
chr2	222288881	222313881	14
chr11	44302850	44327850	14
chr2	118835024	118860024	14
chr7	155447505	155472505	14
chr11	67266129	67291129	1
chr15	25075253	25100253	12
chr2	218979678	219004678	14
chr12	6211434	6236434	8
chr4	173514449	173539449	14
chr4	4850073	4875073	14
chr4	13523176	13548176	14
chr12	121793894	121818894	8
chr8	143924232	143949232	3
chr21	38800876	38825876	1
chr19	48613943	48638943	8
chr22	36330155	36355155	8
chr5	88670582	88695783	14
chr15	52782403	52807403	14
chr15	96321171	96346171	1
chr16	68550697	68575697	12
chr17	7833882	7858882	1
chr2	218269077	218294077	2
chr7	62333749	62358749	12
chr10	117530689	117555689	14
chr19	48612943	48637943	8
chr17	36927706	36953900	2
chr12	6322034	6347034	8
chr17	61393239	61418239	3
chr6	108153396	108178396	14
chr10	123130684	123155684	2
chr14	77021857	77046857	8
