chr1	16945200	16945400	5	4.88378	-1	(3,5)	3.88413	-1	30.207	3.35935e-06
chr5	137803400	137803600	10	4.49643	1	(3,8)	5.39996	-1	30.0304	4.34739e-06
chr4	3239400	3239600	6	5.684	-1	(6,10)	6.18277	-1	29.986	4.545e-06
chr2	91933400	91933600	8	6.37196	-1	(8,10)	6.96247	-1	29.9696	4.61087e-06
chr13	100618000	100618200	6	6.17403	1	(3,6)	6.27938	1	29.3595	9.48522e-06
chr2	95536400	95536600	11	5.51671	-1	(9,11)	3.45005	-1	28.4556	2.64796e-05
chr19	23654000	23654200	10	6.58447	1	(8,10)	7.60831	1	28.0604	3.83361e-05
chr17	41466000	41466200	3	9.01305	-1	(2,11)	9.89164	1	27.9954	4.03781e-05
chr1	121484200	121484400	11	10.4359	1	(8,11)	8.98871	1	27.9884	4.05098e-05
chr17	41463800	41464000	6	3.79649	-1	(7,8)	2.85433	1	27.919	4.26835e-05
chr1	156047600	156047800	6	7.91897	1	(2,6)	6.09267	1	27.8791	4.40668e-05
chr14	57268800	57269000	12	3.91555	-1	(8,12)	5.04312	-1	27.8526	4.49231e-05
chr16	3146600	3146800	3	8.8518	-1	(3,8)	5.948	-1	27.8376	4.55159e-05
chr6	28366000	28366200	2	5.98035	-1	(2,8)	6.1523	-1	27.7365	5.01268e-05
chr19	54928400	54928600	12	8.91053	1	(12,12)	5.40087	1	27.7021	5.12466e-05
chr5	137803600	137803800	14	4.32681	1	(3,14)	3.94549	1	27.6738	5.23005e-05
chr2	85363400	85363600	2	7.47056	1	(6,11)	3.96893	-1	27.6532	5.3025e-05
chr6	29911400	29911600	10	3.57617	-1	(3,8)	2.52642	1	27.5947	5.66479e-05
chr2	42277200	42277400	2	3.81013	1	(2,11)	2.48721	1	27.5776	5.757e-05
chr17	41400800	41401000	11	4.91665	-1	(3,11)	10.2464	-1	27.5317	5.99413e-05
chr17	41463600	41463800	11	7.05012	-1	(6,11)	6.45674	-1	27.4815	6.23126e-05
chr1	16945400	16945600	3	3.9984	-1	(3,5)	3.88413	-1	27.4586	6.33007e-05
chr8	8748400	8748600	6	5.78372	-1	(3,6)	5.8683	-1	27.4501	6.39594e-05
chr8	2212200	2212400	2	6.97329	1	(2,11)	6.20977	1	27.4335	6.46181e-05
chr9	44070600	44070800	9	5.19947	1	(9,11)	5.40298	1	27.4313	6.4684e-05
chr12	4385600	4385800	2	4.13616	1	(2,3)	4.36629	1	27.4157	6.6199e-05
chr19	56988200	56988400	9	6.33568	-1	(2,9)	7.89465	-1	27.3867	6.79116e-05
chr11	62559800	62560000	2	6.22664	-1	(2,4)	7.1956	-1	27.3422	6.98218e-05
chr12	12872200	12872400	2	6.74119	1	(2,3)	9.34071	1	27.2985	7.25224e-05
chr13	100638800	100639000	11	4.10356	1	(3,12)	3.77957	-1	27.2761	7.39057e-05
chr12	53663000	53663200	3	5.90731	-1	(1,6)	4.91276	1	27.2647	7.48937e-05
chr10	133251400	133251600	11	5.45848	1	(7,11)	3.90859	1	27.2496	7.58159e-05
chr1	70835200	70835400	8	4.19291	-1	(6,8)	3.69957	-1	27.2444	7.59477e-05
chr14	65007600	65007800	10	5.46883	1	(3,8)	5.83404	-1	27.1689	8.03609e-05
chr8	143857800	143858000	12	5.91085	-1	(1,12)	3.67735	-1	27.1576	8.17442e-05
chr5	2749000	2749200	13	3.59879	-1	(3,4)	2.95746	1	27.1041	8.50377e-05
chrX	152760600	152760800	1	5.04455	-1	(1,7)	4.75869	-1	27.0964	8.54329e-05
chr12	6927000	6927200	6	5.93434	-1	(1,6)	3.22656	-1	27.0702	8.74748e-05
chr13	100635600	100635800	10	6.75237	1	(3,10)	10.7946	1	26.9728	9.47864e-05
chr1	149186800	149187000	13	5.3505	-1	(9,10)	4.72658	1	26.915	9.91338e-05
chr7	157808000	157808200	9	5.51993	-1	(8,12)	3.73955	1	26.8444	0.000104996
chr19	20347200	20347400	3	9.40685	1	(3,3)	5.80522	1	26.807	0.000108553
chr11	64397800	64398000	2	6.03075	-1	(2,13)	6.48262	-1	26.7782	0.000110661
chr2	220434400	220434600	11	4.84308	-1	(5,11)	5.14691	-1	26.725	0.000114811
chr20	49838200	49838400	12	8.50539	-1	(2,12)	5.53163	-1	26.6958	0.000116787
chr12	93968600	93968800	13	4.91434	-1	(3,13)	6.71751	-1	26.6504	0.000120739
chr7	99677800	99678000	2	7.68602	-1	(2,3)	4.90313	-1	26.5889	0.000126404
chr19	36024800	36025000	11	3.81241	1	(5,11)	1.71163	1	26.5689	0.000127853
chr16	11678600	11678800	1	3.55617	1	(2,13)	1.86079	-1	26.554	0.000129236
chr1	149157000	149157200	11	5.72334	-1	(11,13)	5.13373	-1	26.5208	0.000132069
chr8	8748000	8748200	2	5.65367	-1	(2,3)	5.72505	-1	26.4987	0.000134111
chrX	8697000	8697200	11	4.38888	1	(11,14)	2.83823	1	26.4898	0.000134901
chr6	169284600	169284800	10	5.80492	-1	(4,10)	6.53975	-1	26.4894	0.000134901
chr19	615600	615800	4	4.956	-1	(4,10)	4.77116	-1	26.4878	0.000135033
chrX	134430000	134430200	1	4.88388	-1	(1,12)	3.78138	-1	26.4381	0.000139182
chr1	156048200	156048400	3	5.8436	-1	(3,7)	5.78129	-1	26.3871	0.000144057
chr4	1750200	1750400	11	3.64131	1	(7,11)	2.44471	1	26.3657	0.000145967
chr3	134090800	134091000	11	8.5311	-1	(6,11)	10.7426	-1	26.3631	0.000146362
chr2	133029800	133030000	11	6.32532	1	(8,11)	7.52222	1	26.3429	0.000148734
chr9	102905200	102905400	3	7.51953	1	(3,5)	5.44758	1	26.3426	0.000148799
chr19	39361000	39361200	10	5.84004	-1	(6,10)	6.24382	-1	26.3202	0.000151368
chr16	11679000	11679200	1	3.52682	1	(1,12)	3.04852	1	26.2896	0.00015453
chr10	74035800	74036000	3	9.33772	1	(1,3)	6.62795	1	26.2868	0.000154991
chr13	100619200	100619400	5	4.0972	-1	(3,5)	4.75948	-1	26.2723	0.000156309
chr8	2212400	2212600	10	5.33989	-1	(9,10)	3.07273	-1	26.2291	0.000161249
chr1	156048600	156048800	6	4.41243	1	(3,12)	3.77957	-1	26.2122	0.000162961
chrX	149393800	149394000	11	6.33979	1	(7,12)	4.34466	-1	26.2047	0.000163357
chr4	92548600	92548800	3	7.79943	1	(3,5)	5.89092	1	26.1862	0.000165399
chr12	133023000	133023200	10	7.16617	-1	(10,14)	4.314	-1	26.1774	0.00016665
chrX	48434000	48434200	8	7.06269	1	(3,8)	6.73613	1	26.1594	0.000168956
chr12	12872000	12872200	3	5.90358	1	(2,3)	6.58637	1	26.1567	0.000169285
chr17	41401000	41401200	6	4.14508	-1	(6,11)	4.77116	-1	26.1467	0.000170405
chr19	23654200	23654400	8	5.76932	1	(8,10)	5.05871	1	26.1459	0.000170405
chr1	160054200	160054400	12	6.67994	1	(6,13)	3.64828	-1	26.1296	0.000171986
chr4	41260600	41260800	3	9.527	1	(3,3)	13.799	1	26.1238	0.000172578
chr17	40821400	40821600	12	5.61784	-1	(4,12)	4.04828	-1	26.1195	0.000173237
chr6	18265800	18266000	11	7.66935	-1	(8,11)	5.13775	-1	26.105	0.000175213
chr12	128823600	128823800	12	5.4073	-1	(7,11)	3.66062	1	26.0704	0.000179165
chr20	39659800	39660000	14	4.45812	-1	(11,14)	5.2017	-1	26.0562	0.000180812
chr1	38508800	38509000	10	4.8556	-1	(7,10)	5.30026	-1	26.0196	0.000184896
chr19	50393200	50393400	2	3.29572	-1	(2,13)	3.39747	-1	26.0086	0.000186016
chr12	6881200	6881400	6	4.47039	1	(6,12)	5.13202	1	25.9961	0.000187465
chrX	68442800	68443000	12	7.27846	1	(11,12)	4.71942	1	25.9883	0.000188453
chr6	116599200	116599400	3	8.26018	1	(3,3)	8.89227	1	25.9615	0.00019089
chr5	2749800	2750000	8	3.27481	-1	(1,3)	2.7548	1	25.9486	0.000192339
chr20	3732000	3732200	2	3.29589	-1	(10,10)	2.67149	1	25.9404	0.00019313
chr8	115301400	115301600	3	8.85743	1	(3,5)	6.20939	1	25.9193	0.00019583
chr8	145051600	145051800	11	5.79186	1	(10,11)	3.41679	1	25.9157	0.000196291
chr10	133111000	133111200	2	6.6672	1	(1,2)	4.11437	1	25.9117	0.000196555
chr1	113241200	113241400	12	6.89341	1	(6,12)	7.99591	1	25.9113	0.000196621
chr7	5390400	5390600	12	6.01451	-1	(1,12)	5.08657	-1	25.9107	0.000196621
chr22	22671400	22671600	13	3.7565	1	(9,12)	3.05919	-1	25.9067	0.000197016
chr6	44279800	44280000	2	5.56084	-1	(2,3)	6.13395	-1	25.9027	0.000197806
chr1	26456000	26456200	12	3.52647	-1	(8,8)	5.60386	1	25.8746	0.000201298
chrX	107681800	107682000	2	7.62714	1	(2,2)	5.46544	1	25.8531	0.000203801
chr2	75186400	75186600	13	3.72576	1	(8,13)	5.69328	1	25.8518	0.000203866
chr1	1181800	1182000	11	5.24805	1	(2,13)	3.39747	-1	25.8229	0.000207687
chr19	4584000	4584200	13	5.32523	-1	(2,13)	3.39747	-1	25.8129	0.00020907
chr7	75509600	75509800	11	5.06619	-1	(5,11)	7.8011	-1	25.8118	0.000209399
chr6	36629000	36629200	11	5.63026	-1	(8,11)	5.13775	-1	25.8052	0.000210256
