chr10	41839408	42105752	8
chr15	25048053	25098053	8
chr12	133078814	133128814	2
chr19	58166033	58216234	1
chr7	27151781	27201781	11
chr19	51958947	52008947	8
chr12	53950616	54000616	11
chr4	424411	474411	8
chr2	176087272	176137272	11
chr19	36705898	36755898	8
chr19	51855347	51905347	8
chr19	58227634	58277634	8
chr21	10688256	10738256	8
chr19	36513698	36563698	8
chr19	51851547	51901547	8
chr10	38485072	38581069	8
chr19	57529632	57579632	8
chr10	38811669	41693608	8
chr19	37412298	37462298	8
chr19	23335598	23385598	8
chr12	133032014	133082014	8
chr4	337611	387611	8
chr17	48578038	48628038	11
chr2	89787797	89844190	8
chr4	409811	459811	8
chr19	36858498	36908498	8
chr19	37536298	37586499	8
chr19	44446616	44500948	8
chr13	99952746	100002746	12
chr19	52281347	52331347	8
chr5	93564694	93614694	11
chr10	11163437	11213437	3
chr19	58156633	58206633	1
chr19	36718698	36768698	8
chr2	132238227	132288227	11
chr19	37386498	37436498	8
chr19	37529698	37579899	8
chr12	54004216	54054216	11
chr19	52031947	52081947	8
chr4	49102583	49152583	8
chr16	34130133	34180133	11
chr19	57962032	58012032	8
chr19	36615098	36665098	8
chr14	99224863	99274863	3
chr19	51919347	51969347	8
chr17	48707838	48757838	11
chr19	56393231	56443231	8
chr11	128470905	128520905	3
chr19	44450412	44504348	8
chr19	56534831	56585032	2
chr19	58096433	58146433	8
chr19	52369547	52419547	2
chr19	37123098	37173098	8
chr20	30397724	31245797	8
chr19	56374231	56424231	8
chr4	347611	397611	8
chr19	37122098	37172098	8
chr5	170253996	170303996	3
chr19	53196947	53246947	2
chr12	133146814	133196814	8
chr11	128460905	128510905	3
chr19	36789098	36839098	1
chr15	25020653	25070653	8
chr19	52082147	52132147	8
chr9	114348720	114398720	3
chr6	30444423	30494423	3
chr7	50303204	50365302	3
chr4	173499449	173549449	10
chr6	28768423	28818423	12
chr16	3364600	3414600	8
chr5	88652382	88702583	11
chr4	41599	94913	12
chr7	27125181	27175181	11
chr4	123918	184611	8
chr6	10380367	10430367	10
chr19	57955432	58005432	8
chr4	49112583	49162583	8
chr3	75704649	75754649	8
chr10	8025837	8075837	11
chr14	22489812	22553057	3
chr16	3280400	3330400	8
chr2	176140072	176190072	11
chr19	57746632	57796632	8
chr19	36496498	36546498	8
chr19	57678432	57728432	8
chr16	31733679	31783679	8
chr16	3277200	3327200	8
chr16	31727679	31777679	8
chr12	133153614	133203614	8
chr1	227630899	227680899	8
chr15	96320771	96370771	10
chr22	36327555	36377555	3
chr19	9323124	9373124	8
chr5	141382433	141432433	11
chr19	52377547	52427547	2
chr10	11146437	11196437	3
chr16	36043229	46422688	8
chr17	79771201	79821201	12
chr19	52539147	52589147	1
chr21	10361256	10411256	8
