chr7	138241000	138251000	20
chr9	139556600	139566600	23
chr11	65187000	65197000	9
chr11	65265600	65275600	13
chr2	89868400	89878400	21
chr7	6733800	6743800	6
chr19	58765000	58775000	20
chr12	133520800	133530800	20
chr22	46468200	46478200	9
chr19	58710200	58720200	20
chr19	58126400	58136400	4
chr12	133615800	133625800	20
chr9	139557800	139567800	23
chr12	133658400	133668400	4
chr11	118785400	118795400	9
chr12	133564600	133574600	20
chr19	58257600	58267600	22
chr19	44994200	45004200	4
chr19	9674600	9684600	20
chr5	172191600	172201600	13
chr8	146063400	146073400	20
chr19	52815400	52825400	20
chr19	58490000	58500000	20
chr15	25325800	25335800	20
chr15	25315600	25325600	20
chr19	58747600	58757600	20
chr15	25305400	25315400	20
chr15	25295200	25305200	20
chr16	68584400	68594400	20
chr5	178140400	178150400	20
chr19	58638800	58648800	20
chr19	52395800	52405800	20
chr19	58282600	58292600	12
chr19	37725600	37735600	20
chr19	7075000	7085000	20
chr19	52467800	52477800	20
chr19	58502800	58512800	4
chr12	133582400	133592400	20
chr19	58041600	58051600	20
chr19	12052600	12062600	20
chr16	3333800	3343800	20
chr5	179674200	179684200	20
chr19	52519000	52529000	20
chr19	9637600	9647600	20
chr9	139558200	139568200	23
chr19	44981200	44991200	20
chr12	133759400	133769400	20
chr19	58054000	58064000	20
chr19	37201400	37211400	20
chr19	52536400	52546400	20
chr7	5562800	5572800	11
chr19	9523200	9533200	20
chr19	37037800	37047800	20
chr19	37243200	37253200	20
chr22	31364000	31374000	6
chr19	9404400	9414400	20
chr7	27142600	27152600	23
chr10	3816200	3826200	19
chr17	46672400	46682400	23
chr19	8915000	8925000	20
chr19	53051400	53061400	20
chr19	58192800	58202800	4
chr1	234734400	234744400	1
chr19	58210800	58220800	4
chr12	133673600	133683600	20
chr7	27141000	27151000	23
chr19	39892600	39902600	13
chr19	21991400	22001400	20
chr11	61731600	61741600	13
chr19	52566800	52576800	20
chr19	37309600	37319600	20
chr19	52877600	52887600	20
chr2	133025200	133035200	21
chr19	53454200	53464200	20
chr1	23880200	23890200	13
chr1	156089600	156099600	9
chr16	86537600	86547600	4
chr19	9487600	9497600	20
chr19	37915200	37925200	20
chr19	14823200	14833200	20
chr19	52908400	52918400	20
chr19	20726400	20736400	20
chr19	52618400	52628400	20
chr2	95811400	95821400	20
chr16	3356400	3366400	20
chr12	54413600	54423600	4
chr22	20777000	20787000	11
chr12	6442800	6452800	9
chr19	58436200	58446200	4
chr9	99520400	99530400	20
chr19	23527400	23537400	20
chr5	178301000	178311000	20
chr19	52495600	52505600	20
chr12	133720400	133730400	20
chr17	46671000	46681000	4
chr19	4057600	4067600	22
chr19	53846400	53856400	20
chr20	45980400	45990400	13
chr11	65258400	65268400	22
chr5	179684400	179694400	20
