chr19	57615632	57615832	20	6.2998	1	(4,20)	7.8769	1	11.811
chr19	57683632	57683832	4	6.66492	1	(4,20)	7.74423	1	11.8103
chr19	58184633	58184833	20	6.38892	1	(4,20)	7.84003	1	11.7972
chr19	58184433	58184633	4	5.95369	1	(4,20)	7.77001	1	11.7614
chr19	58004232	58004432	4	6.31709	1	(4,20)	7.68164	1	11.7298
chr19	58004432	58004632	20	6.54026	1	(4,20)	7.53821	1	11.6725
chr19	57615432	57615632	4	7.35875	1	(4,20)	7.06895	1	11.6411
chr5	141319033	141319233	20	6.43484	1	(4,20)	7.1897	1	11.6037
chr19	57577432	57577632	4	5.74145	1	(4,20)	7.42067	1	11.5983
chr7	137882054	137882254	20	5.34643	1	(11,20)	5.34424	1	11.5626
chr5	141319433	141319633	4	5.68538	1	(4,20)	6.87169	1	11.5211
chr14	49599682	49599882	1	6.68646	1	(1,4)	7.39297	1	11.5032
chr5	141392833	141393033	20	7.23253	1	(20,23)	5.37186	1	11.3967
chr19	57476232	57476432	20	7.53763	1	(4,20)	6.55845	1	11.3854
chr19	58230034	58230234	4	7.3973	1	(4,20)	6.10887	1	11.3261
chr19	57683832	57684032	20	7.68864	1	(4,20)	6.26086	1	11.2948
chr5	141419833	141420033	20	5.79965	1	(20,23)	4.07183	1	11.2924
chr7	64999022	64999222	20	4.74275	1	(11,20)	4.683	1	11.29
chr5	141431433	141431633	23	4.44767	1	(20,23)	4.45629	1	11.2873
chr19	52396547	52396747	4	5.24956	1	(4,20)	5.63311	1	11.2867
chr7	5524169	5524369	11	8.32764	1	(11,11)	5.67617	1	11.2605
chr19	57476432	57476632	4	8.15992	1	(4,20)	5.58284	1	11.252
chr5	141430633	141430833	2	3.9125	1	(2,20)	3.91106	1	11.2181
chr5	141430833	141431033	20	3.85285	1	(2,20)	3.79772	1	11.21
chr22	46535503	46535703	24	5.71888	1	(20,24)	8.02285	1	11.17
chr19	57585232	57585432	20	5.38527	1	(4,20)	6.73678	1	11.1294
chr17	8187482	8187682	13	5.60032	1	(1,13)	6.32607	1	11.1091
chr2	241687585	241687785	4	5.91978	1	(1,4)	6.86586	1	11.1074
chr19	13845586	13845786	18	10.7584	1	(18,18)	10.4065	1	11.1014
chr5	172765397	172765597	13	8.49809	1	(13,13)	6.15536	1	11.0899
chr1	23562110	23562310	13	11.0743	1	(13,13)	11.0743	1	11.0743
chr16	3306400	3306600	20	5.2706	1	(4,20)	5.54694	1	11.0679
chr19	52584947	52585147	20	6.97463	1	(20,20)	3.69231	1	11.0532
chr19	57748632	57748832	4	5.75157	1	(4,20)	4.787	1	11.0129
chr17	8187082	8187282	1	5.57568	1	(1,13)	6.3996	1	11.0021
chr9	127523321	127523521	20	6.3765	1	(10,20)	5.31846	1	10.994
chr8	630200	630400	18	9.22614	1	(18,18)	7.58051	1	10.994
chr12	123942053	123942253	20	4.71737	1	(11,20)	4.03616	1	10.9888
chr17	8226682	8226882	13	6.13861	1	(1,13)	5.84612	1	10.9882
chrX	53081418	53081618	22	6.81652	1	(18,22)	6.04436	1	10.985
chr12	133082014	133082214	20	8.12718	1	(20,20)	5.52551	1	10.98
chr19	56540031	56540231	4	4.49455	1	(4,20)	4.39466	1	10.9789
chr19	58182033	58182233	22	5.35091	1	(4,22)	3.12759	1	10.9764
chr19	58001032	58001232	4	6.04133	1	(4,20)	6.26086	1	10.9597
chrX	49191143	49191343	22	10.9531	1	(22,22)	10.9531	1	10.9531
chrX	48801793	48801993	22	10.9531	1	(22,22)	10.9531	1	10.9531
chrX	135974241	135974441	22	10.9531	1	(22,22)	10.9531	1	10.9531
chrX	129932224	129932424	22	10.9531	1	(22,22)	10.9531	1	10.9531
chr9	93095918	93096118	22	10.9531	1	(22,22)	10.9531	1	10.9531
chr9	39809182	39809382	22	10.9531	1	(22,22)	10.9531	1	10.9531
chr9	28800	29000	22	10.9531	1	(22,22)	10.9531	1	10.9531
chr9	178800	179000	22	10.9531	1	(22,22)	10.9531	1	10.9531
chr9	137605348	137605548	22	10.9531	1	(22,22)	10.9531	1	10.9531
chr9	127224921	127225121	22	10.9531	1	(22,22)	10.9531	1	10.9531
chr8	98825772	98825972	22	10.9531	1	(22,22)	10.9531	1	10.9531
chr8	56211441	56211641	22	10.9531	1	(22,22)	10.9531	1	10.9531
chr8	28622483	28622683	22	10.9531	1	(22,22)	10.9531	1	10.9531
chr8	232000	232200	22	10.9531	1	(22,22)	10.9531	1	10.9531
chr8	1763434	1763634	22	10.9531	1	(22,22)	10.9531	1	10.9531
chr8	145052214	145052414	22	10.9531	1	(22,22)	10.9531	1	10.9531
chr7	75442326	75442526	22	10.9531	1	(22,22)	10.9531	1	10.9531
chr7	6825969	6826169	22	10.9531	1	(22,22)	10.9531	1	10.9531
chr7	65038022	65038222	22	10.9531	1	(22,22)	10.9531	1	10.9531
chr7	2631766	2631966	22	10.9531	1	(22,22)	10.9531	1	10.9531
chr7	102478553	102478753	22	10.9531	1	(22,22)	10.9531	1	10.9531
chr5	1633285	1633485	22	10.9531	1	(22,22)	10.9531	1	10.9531
chr4	3074073	3074273	22	10.9531	1	(22,22)	10.9531	1	10.9531
chr3	195634929	195635129	22	10.9531	1	(22,22)	10.9531	1	10.9531
chr3	132722556	132722756	22	10.9531	1	(22,22)	10.9531	1	10.9531
chr3	12967700	12967900	22	10.9531	1	(22,22)	10.9531	1	10.9531
chr22	50782972	50783172	22	10.9531	1	(22,22)	10.9531	1	10.9531
chr22	50507771	50507971	22	10.9531	1	(22,22)	10.9531	1	10.9531
chr22	43187394	43187594	22	10.9531	1	(22,22)	10.9531	1	10.9531
chr2	237691957	237692157	22	10.9531	1	(22,22)	10.9531	1	10.9531
chr22	22297235	22297435	22	10.9531	1	(22,22)	10.9531	1	10.9531
chr21	44338717	44338917	22	10.9531	1	(22,22)	10.9531	1	10.9531
chr2	112054823	112055023	22	10.9531	1	(22,22)	10.9531	1	10.9531
chr2	11155074	11155274	22	10.9531	1	(22,22)	10.9531	1	10.9531
chr20	1225756	1225956	22	10.9531	1	(22,22)	10.9531	1	10.9531
chr1	9910342	9910542	22	10.9531	1	(22,22)	10.9531	1	10.9531
chr19	7920715	7920915	22	10.9531	1	(22,22)	10.9531	1	10.9531
chr19	18281590	18281790	22	10.9531	1	(22,22)	10.9531	1	10.9531
chr17	82751524	82751724	22	10.9531	1	(22,22)	10.9531	1	10.9531
chr17	80260601	80260801	22	10.9531	1	(22,22)	10.9531	1	10.9531
chr17	58083239	58083439	22	10.9531	1	(22,22)	10.9531	1	10.9531
chr17	45051832	45052032	22	10.9531	1	(22,22)	10.9531	1	10.9531
chr17	39952947	39953147	22	10.9531	1	(22,22)	10.9531	1	10.9531
chr17	31937781	31937981	22	10.9531	1	(22,22)	10.9531	1	10.9531
chr17	30732382	30732582	22	10.9531	1	(22,22)	10.9531	1	10.9531
chr16	30194479	30194679	22	10.9531	1	(22,22)	10.9531	1	10.9531
chr16	29082279	29082479	22	10.9531	1	(22,22)	10.9531	1	10.9531
chr16	28403079	28403279	22	10.9531	1	(22,22)	10.9531	1	10.9531
chr16	18561478	18561678	22	10.9531	1	(22,22)	10.9531	1	10.9531
chr16	14912143	14912343	22	10.9531	1	(22,22)	10.9531	1	10.9531
chr15	80152458	80152658	22	10.9531	1	(22,22)	10.9531	1	10.9531
chr15	30103797	30103997	22	10.9531	1	(22,22)	10.9531	1	10.9531
chr15	28589854	28590054	22	10.9531	1	(22,22)	10.9531	1	10.9531
chr14	99684063	99684263	22	10.9531	1	(22,22)	10.9531	1	10.9531
chr14	20306041	20306241	22	10.9531	1	(22,22)	10.9531	1	10.9531
chr1	25267109	25267309	22	10.9531	1	(22,22)	10.9531	1	10.9531
