chr13	119617400	119617600	6	10.8104	1	(6,14)	8.15705	1	30.8166	0
chr11	3144800	3145000	12	8.52949	1	(6,14)	10.3778	-1	29.2222	2.93521e-07
chr9	3004400	3004600	12	8.34323	1	(6,14)	7.579	-1	28.9656	3.66901e-07
chr11	3153600	3153800	14	6.01314	-1	(6,14)	9.00986	-1	28.7646	3.66901e-07
chr11	3166400	3166600	6	7.51203	1	(12,14)	8.8881	-1	28.6507	5.87042e-07
chr18	37756200	37756400	3	9.35256	1	(3,14)	8.34557	1	28.6162	5.87042e-07
chr11	3196800	3197000	12	5.45875	1	(6,14)	9.36812	-1	28.6053	5.87042e-07
chr11	3142000	3142200	14	7.01331	-1	(3,10)	8.36751	1	28.5572	5.87042e-07
chr18	37767600	37767800	14	5.47504	-1	(3,12)	4.87077	1	27.9177	2.12803e-06
chr2	157423600	157423800	6	5.57069	-1	(6,9)	3.89835	-1	27.8725	2.34817e-06
chr7	105778000	105778200	1	6.01081	1	(5,9)	5.80881	-1	27.8557	2.34817e-06
chr14	55078600	55078800	12	6.66041	1	(6,12)	6.15081	1	27.7363	2.86183e-06
chr12	74804400	74804600	12	7.16257	1	(9,14)	5.92099	-1	27.6833	3.08197e-06
chr17	6861400	6861600	6	5.05534	1	(3,6)	6.11984	1	27.6546	3.08197e-06
chr14	55078800	55079000	5	5.36649	-1	(6,12)	4.60055	1	27.5953	3.15535e-06
chr13	119601400	119601600	6	9.73945	1	(6,6)	6.76486	1	27.5939	3.15535e-06
chr3	88139600	88139800	3	6.74222	1	(3,7)	2.86378	1	27.5811	3.22873e-06
chr17	47878800	47879000	6	6.95689	1	(4,6)	4.24511	1	27.5742	3.22873e-06
chr5	142812400	142812600	6	5.12808	1	(4,6)	4.63867	1	27.5496	3.59563e-06
chr18	37822200	37822400	9	3.96947	-1	(7,9)	2.23509	-1	27.5398	3.59563e-06
chr11	3192800	3193000	12	8.16373	1	(6,12)	7.83332	1	27.488	3.74239e-06
chr8	120509600	120509800	6	9.81552	1	(12,12)	8.1452	-1	27.4847	3.81577e-06
chr13	119601800	119602000	6	9.61161	1	(6,6)	9.53686	1	27.4662	3.88915e-06
chr9	107735400	107735600	6	5.20971	1	(6,12)	4.21674	1	27.4601	3.88915e-06
chr11	3149600	3149800	12	5.28265	-1	(3,6)	8.30104	1	27.4206	4.18267e-06
chr18	37747200	37747400	3	7.13413	1	(3,14)	9.55122	1	27.3625	4.76972e-06
chr4	126466000	126466200	6	5.37182	1	(6,12)	3.20892	1	27.3515	4.8431e-06
chr17	13305800	13306000	14	5.92936	-1	(6,12)	6.06505	1	27.3249	4.91648e-06
chr18	37822000	37822200	3	5.06926	1	(3,5)	3.73369	1	27.3183	4.91648e-06
chr17	50470400	50470600	6	6.90781	-1	(6,6)	5.39495	-1	27.2563	5.28338e-06
chr16	30188200	30188400	2	5.81034	-1	(2,5)	5.60977	-1	27.2562	5.28338e-06
chr7	45126800	45127000	6	11.1094	1	(6,6)	12.6615	1	27.2315	5.65028e-06
chr8	120491200	120491400	4	5.06152	1	(3,4)	4.02085	1	27.2113	5.87042e-06
chr2	98666200	98666400	12	7.1794	1	(12,12)	8.61894	1	27.1605	6.23732e-06
chrX	143483000	143483200	12	7.62329	1	(12,12)	8.44172	1	27.1591	6.23732e-06
chr9	3032400	3032600	12	6.88514	1	(6,14)	5.8685	-1	27.1275	6.89774e-06
chr17	31434600	31434800	12	9.36431	1	(12,12)	6.34399	1	27.0897	7.41141e-06
chr16	29839600	29839800	3	6.74369	1	(3,6)	4.53191	1	27.0712	7.55817e-06
chr11	117599600	117599800	3	6.06053	1	(3,12)	5.5063	1	27.0634	7.63155e-06
chr11	102579800	102580000	6	6.92564	1	(6,6)	4.56167	1	27.0402	7.85169e-06
chr11	70222200	70222400	6	5.73184	-1	(6,6)	3.53914	-1	27.0323	7.99845e-06
chr8	84742800	84743000	6	5.73084	1	(3,6)	8.31977	1	27.0318	7.99845e-06
chr5	31251600	31251800	4	7.71686	1	(4,4)	6.10325	1	27.0318	7.99845e-06
chr4	57846800	57847000	6	6.90238	1	(1,7)	5.70056	-1	27.0116	8.07183e-06
chr17	3081600	3081800	6	6.81442	-1	(12,12)	5.18967	1	27.0016	8.29197e-06
chr17	48032000	48032200	3	5.96282	-1	(3,9)	4.67572	-1	27.0003	8.29197e-06
chr9	3026800	3027000	14	7.11729	-1	(9,14)	4.9799	-1	26.9938	8.36535e-06
chr3	37643400	37643600	12	6.5263	-1	(6,12)	3.44537	-1	26.9923	8.36535e-06
chr7	29319000	29319200	6	10.0067	1	(6,6)	6.88644	1	26.9847	8.65887e-06
chr15	77245600	77245800	1	4.73929	-1	(1,8)	5.60071	-1	26.9508	9.31929e-06
chr11	94873000	94873200	3	6.07623	1	(3,9)	3.77039	1	26.9487	9.39267e-06
chr8	120533000	120533200	6	11.2677	1	(6,6)	9.43167	1	26.9434	9.39267e-06
chr15	89174400	89174600	12	5.94027	1	(8,12)	4.32518	1	26.9406	9.39267e-06
chr3	51888600	51888800	12	7.98437	-1	(5,12)	4.6533	-1	26.9214	9.68619e-06
chr19	5464200	5464400	6	7.92592	-1	(6,10)	4.74218	-1	26.9153	9.68619e-06
chr11	120229200	120229400	4	6.35414	1	(4,6)	8.01118	1	26.8681	1.02732e-05
chr17	34950600	34950800	6	9.97165	1	(6,6)	6.88644	1	26.8664	1.03466e-05
chr13	55483400	55483600	4	7.08526	1	(4,5)	2.81786	1	26.8625	1.03466e-05
chr17	48041600	48041800	5	9.42028	1	(5,5)	6.11363	1	26.8466	1.042e-05
chr8	111741800	111742000	12	4.92676	1	(4,12)	4.48566	1	26.8458	1.042e-05
chr15	25773600	25773800	7	8.73853	1	(7,9)	5.25667	1	26.8179	1.06401e-05
chr17	24529800	24530000	4	6.57978	1	(4,6)	7.90995	1	26.8109	1.06401e-05
chr10	81363800	81364000	3	6.36895	1	(3,6)	4.49086	1	26.8081	1.07135e-05
chr2	164457000	164457200	9	6.00057	1	(2,5)	5.6367	-1	26.8067	1.07135e-05
chr11	119079400	119079600	6	6.24802	-1	(6,12)	4.99604	-1	26.7979	1.07869e-05
chr19	57119200	57119400	12	3.2436	1	(2,6)	2.37015	-1	26.7786	1.10804e-05
chr13	51418000	51418200	4	7.63699	1	(4,5)	5.44359	1	26.7637	1.13006e-05
chr1	75447800	75448000	13	4.4362	-1	(3,5)	3.72512	1	26.7466	1.15207e-05
chr15	103242600	103242800	12	8.24534	-1	(4,4)	5.95659	1	26.7414	1.15941e-05
chr9	124256400	124256600	14	6.72768	-1	(8,14)	2.55715	-1	26.7316	1.17408e-05
chr11	3145000	3145200	14	8.43628	-1	(6,14)	6.81817	-1	26.7068	1.21811e-05
chr17	13591400	13591600	14	5.20143	-1	(12,14)	4.60806	-1	26.6956	1.21811e-05
chr4	132975000	132975200	3	7.42268	1	(3,3)	3.46342	1	26.683	1.24013e-05
chr4	126465800	126466000	1	5.3052	1	(1,12)	3.73662	1	26.6615	1.26948e-05
chr6	72189000	72189200	6	5.3918	1	(3,6)	6.51296	1	26.6558	1.29149e-05
chr11	60177600	60177800	6	6.58618	1	(4,6)	6.34965	1	26.6558	1.29149e-05
chr4	133085000	133085200	6	8.81957	-1	(6,6)	7.73351	-1	26.6162	1.36487e-05
chr11	102963600	102963800	6	8.15019	1	(6,6)	6.73192	1	26.615	1.36487e-05
chr4	45764000	45764200	12	6.85815	1	(3,12)	4.35477	1	26.6101	1.37955e-05
chr14	31269200	31269400	4	4.71183	1	(4,12)	2.91795	1	26.6101	1.37955e-05
chr11	117890000	117890200	12	8.20525	1	(6,12)	5.11031	1	26.6056	1.37955e-05
chr15	75086400	75086600	12	8.24932	-1	(3,6)	7.41749	1	26.6033	1.37955e-05
chr2	152739600	152739800	6	7.09211	1	(6,6)	6.54719	1	26.5959	1.39422e-05
chr3	84270400	84270600	4	8.24319	1	(4,4)	4.01319	1	26.5807	1.4089e-05
chr11	118201400	118201600	12	7.28333	1	(12,12)	8.45063	1	26.565	1.43825e-05
chr8	84986400	84986600	5	4.49832	-1	(5,6)	3.35491	-1	26.5559	1.44559e-05
chr17	13306000	13306200	12	7.8368	1	(12,12)	6.30586	1	26.5517	1.45293e-05
chr4	129795800	129796000	5	5.7797	-1	(5,9)	3.02304	-1	26.5417	1.46027e-05
chr7	16921000	16921200	6	5.25067	1	(6,12)	4.0934	1	26.541	1.46027e-05
chr4	62619600	62619800	7	8.12427	-1	(1,7)	5.46903	-1	26.5314	1.46761e-05
chr2	32625800	32626000	6	5.08608	1	(6,12)	7.45829	1	26.531	1.46761e-05
chr11	98748800	98749000	6	7.20286	-1	(6,6)	7.25348	-1	26.5287	1.46761e-05
chr8	70692000	70692200	6	11.0207	1	(6,6)	12.6615	1	26.5253	1.48228e-05
chr7	16980600	16980800	6	6.62918	1	(7,9)	2.89393	-1	26.5048	1.51163e-05
chr8	120177200	120177400	6	6.61603	1	(3,6)	4.03597	1	26.5032	1.51897e-05
chr10	81596600	81596800	3	6.013	1	(6,12)	3.28401	-1	26.4963	1.51897e-05
chr19	8945000	8945200	12	6.44961	1	(6,9)	4.37922	-1	26.4915	1.52631e-05
chr9	65178600	65178800	6	6.80538	1	(5,6)	4.10341	1	26.4909	1.52631e-05
chr17	45619400	45619600	6	5.28895	-1	(6,9)	3.52659	-1	26.4853	1.54099e-05
chr17	28040600	28040800	6	6.88986	1	(1,10)	5.20691	-1	26.4759	1.54832e-05
