chr11	3146800	3196800	12
chr8	122282000	122332000	2
chr1	88211400	88261400	12
chr11	32251800	32301800	1
chr11	32250800	32300800	1
chr13	23529400	23579400	2
chr13	23536200	23586200	2
chr11	96928600	96978600	9
chr10	80113400	80163400	2
chr17	13189600	13239600	14
chr1	85243800	85293800	6
chr8	105786200	105836200	2
chr2	152782200	152832200	6
chr8	23026800	23076800	4
chr11	102346600	102396600	9
chr11	96937000	96987000	9
chr12	104994400	105044400	9
chr7	120834200	120884200	9
chr5	103734200	103784200	4
chr10	42229200	42279200	4
chr13	37841800	37891800	9
chr12	84173000	84223000	4
chr13	45499000	45549000	6
chr12	104990400	105040400	9
chr11	102355200	102405200	9
chr1	134051400	134101400	3
chr1	88261600	88311600	12
chr4	132030000	132080000	2
chr12	84169800	84219800	6
chr2	129195200	129245200	2
chr11	117790000	117840000	6
chr9	107541000	107591000	9
chr10	80109200	80159200	2
chr15	73137000	73187000	1
chr11	3175600	3225600	9
chr10	80654400	80704400	4
chr10	81340200	81390200	9
chr15	103232200	103282200	2
chr4	121999000	122049000	14
chr4	132025400	132075400	2
chr5	121203800	121253800	2
chr10	80139800	80189800	4
chr11	117776000	117826000	6
chr13	34298200	34348200	1
chr13	23497600	23547600	2
chr8	70758800	70808800	3
chr9	107533800	107583800	3
chr6	72343000	72393000	2
chr6	72343400	72393400	2
chr11	98921200	98971200	3
chr7	70322200	70372200	2
chr2	27972400	28022400	6
chr19	6258800	6308800	4
chr6	72344200	72394200	2
chr10	43577600	43627600	6
chr11	87718400	87768400	2
chr12	84160000	84210000	6
chr2	165851600	165901600	1
chr4	46388200	46438200	6
chr5	121200000	121250000	2
chr15	67112400	67162400	6
chr8	122675200	122725200	3
chr11	98902400	98952400	2
chr10	127163400	127213400	3
chr8	84685200	84735200	3
chr5	96979400	97029400	3
chr9	64039200	64089200	6
chr16	3231000	3281000	14
chr13	34296200	34346200	1
chr17	47493800	47543800	4
chr10	127164400	127214400	3
chr6	52156600	52206600	3
chr13	75706400	75756400	2
chr7	141433000	141483000	4
chr2	152788200	152838200	9
chr5	139360800	139410800	9
chr12	76663800	76713800	2
chr7	141433600	141483600	4
chr16	8720200	8770200	1
chr11	98740000	98790000	4
chr8	120471400	120521400	6
chr5	96985000	97035000	2
chr7	80184800	80234800	2
chr7	24363400	24413400	4
chr11	98906200	98956200	2
chr13	21995200	22045200	2
chr7	90037200	90087200	6
chr10	80659000	80709000	9
chr7	28913800	28963800	2
chr10	42220200	42270200	6
chr7	27443400	27493400	9
chr4	119005000	119055000	9
chr17	28798400	28848400	2
chr8	70480600	70530600	5
chr2	172999400	173049400	9
chr3	96219600	96269600	9
chr7	103824000	103874000	1
chr8	84700200	84750200	4
chr13	37824400	37874400	9
chr5	143621000	143671000	9
