chr2	121531024	121531224	13	6.87723	1	(1,13)	9.19139	1	13.2836
chr15	65304662	65304862	13	6.87723	1	(1,13)	9.19139	1	13.2836
chr6	149450464	149450664	23	6.65623	1	(11,23)	9.53106	1	13.1616
chr5	172114396	172114596	18	13.1533	1	(18,18)	13.1533	1	13.1533
chr20	63895447	63895647	4	8.17145	1	(1,4)	7.9216	1	12.7849
chr11	62622928	62623128	18	12.3855	1	(18,18)	11.9904	1	12.7805
chr22	49511751	49511951	18	8.76052	1	(18,21)	6.10869	1	12.6073
chr10	133261896	133262096	1	6.26172	1	(1,13)	6.17229	1	12.5892
chr10	4333008	4333208	18	9.63923	1	(18,18)	7.03515	1	12.5386
chr7	1962165	1962365	18	8.51398	1	(18,18)	5.44543	1	12.3921
chr9	127737321	127737521	18	11.0916	1	(18,18)	9.83772	1	12.3819
chr17	8119482	8119682	1	5.99915	1	(1,13)	7.67129	1	12.2868
chr10	45972838	45973038	1	5.8896	1	(1,4)	6.91742	1	12.2043
chr19	13830386	13830586	11	6.746	1	(11,19)	8.4132	1	12.1905
chr5	134923510	134923710	11	7.09018	1	(11,19)	8.17569	1	12.1474
chr19	44498348	44498548	4	6.41273	1	(4,20)	8.41266	1	12.1312
chr19	34961296	34961496	4	6.41273	1	(4,20)	8.41266	1	12.1312
chr19	57683832	57684032	4	7.15064	1	(4,20)	8.06081	1	12.1292
chr16	3306600	3306800	4	7.15064	1	(4,20)	8.06081	1	12.1292
chr6	34224023	34224223	1	5.6147	1	(1,13)	6.98138	1	12.0981
chr19	13831186	13831386	19	6.47514	1	(11,19)	8.4132	1	12.0834
chr19	51902947	51903147	20	6.05608	1	(4,20)	8.41266	1	12.0763
chr19	58004032	58004232	4	7.4981	1	(4,20)	7.7101	1	12.073
chr3	43012108	43012308	18	7.1448	1	(18,21)	6.50266	1	12.0609
chr7	142785791	142785991	18	5.36893	1	(13,18)	3.87576	1	12.0494
chr16	34150733	34150933	23	7.02188	1	(21,23)	8.65323	1	12.0091
chr12	57726417	57726617	11	5.78842	1	(11,22)	6.9907	1	11.9964
chr19	57615632	57615832	20	6.37312	1	(4,20)	8.29525	1	11.9841
chr19	34961096	34961296	20	6.37312	1	(4,20)	8.29525	1	11.9841
chr6	149451464	149451664	11	5.96192	1	(11,23)	4.88205	1	11.9762
chr5	272085	272285	1	5.75632	1	(1,4)	6.17095	1	11.9682
chr3	123151753	123151953	18	10.8851	1	(18,18)	9.83772	1	11.9607
chr19	45471342	45471542	11	5.01345	1	(11,23)	5.89581	1	11.9522
chr1	202484872	202485072	23	4.896	1	(11,23)	4.6308	1	11.9498
chr3	114224953	114225153	21	5.02006	1	(11,21)	3.79881	1	11.9423
chr3	17153108	17153308	20	6.94974	1	(17,20)	4.22753	1	11.9334
chr17	42779982	42780182	11	7.0908	1	(11,23)	4.3181	1	11.9274
chr7	652163	652363	18	6.66953	1	(18,21)	6.72863	1	11.9269
chr7	101814120	101814320	1	6.62566	1	(1,16)	7.6018	1	11.9089
chr7	100336577	100336777	1	5.80423	1	(1,4)	6.91742	1	11.8981
chrX	24480083	24480283	1	6.62597	1	(1,13)	6.42048	1	11.8591
chr19	9673724	9673924	20	6.67054	1	(4,20)	8.06081	1	11.8548
chr19	23379598	23379798	20	6.67054	1	(4,20)	8.06081	1	11.8548
chr19	58184633	58184833	4	8.15636	1	(4,20)	6.66543	1	11.8546
chr19	57946032	57946232	4	8.15636	1	(4,20)	6.66543	1	11.8546
chr5	141319233	141319433	4	5.78889	1	(4,20)	7.7101	1	11.8482
chr22	36486753	36486953	19	6.48321	1	(19,20)	5.53285	1	11.8351
chr7	157932708	157932908	18	6.37415	1	(18,21)	7.52408	1	11.8349
chr19	34735695	34735895	4	4.76439	1	(4,20)	3.50515	1	11.8333
chr5	42953498	42953698	20	4.81967	1	(20,24)	3.68767	1	11.8168
chr19	45471942	45472142	23	4.94881	1	(11,23)	5.89581	1	11.8147
chr6	30070623	30070823	11	7.11117	1	(11,24)	8.21766	1	11.8135
chr20	64011647	64011847	13	5.58664	1	(13,20)	4.50212	1	11.8045
chr19	57585032	57585232	4	6.92205	1	(4,20)	5.46246	1	11.8041
chr12	93399024	93399224	22	7.70187	1	(11,22)	6.24289	1	11.8009
chr5	141135218	141135418	23	7.55096	1	(21,23)	7.78152	1	11.7888
chr14	49599682	49599882	1	7.30819	1	(1,4)	6.41909	1	11.7859
chr19	57707432	57707632	4	6.87135	1	(4,20)	7.18632	1	11.759
chr6	31815823	31816023	1	5.63354	1	(1,4)	5.43091	1	11.7462
chrX	53081418	53081618	22	5.08275	1	(18,22)	4.72235	1	11.7456
chr1	11908143	11908343	1	9.27966	1	(1,1)	6.93009	1	11.7307
chrX	12958881	12959081	18	10.2624	1	(18,18)	8.84713	1	11.7303
chr7	150690112	150690312	4	5.72875	1	(4,20)	7.01236	1	11.7274
chr17	30732182	30732382	1	9.27914	1	(1,1)	6.93009	1	11.7239
chr19	57577432	57577632	4	6.88584	1	(4,20)	7.18632	1	11.7227
chr19	20659994	20660194	4	5.68742	1	(4,20)	7.01236	1	11.7186
chr12	133082014	133082214	20	5.63051	1	(4,20)	7.01236	1	11.7173
chr6	31828023	31828223	1	7.21275	1	(1,4)	5.43091	1	11.7147
chr8	125944356	125944556	4	5.19667	1	(4,20)	3.89096	1	11.7098
chr8	630200	630400	18	9.72594	1	(18,18)	7.9131	1	11.6994
chr19	57748632	57748832	4	8.47047	1	(4,20)	5.97576	1	11.6951
chr7	150572312	150572512	20	6.94941	1	(4,20)	7.7101	1	11.6889
chr7	150690312	150690512	20	5.49252	1	(4,20)	7.01236	1	11.6881
chr18	20938639	20938839	21	4.96603	1	(21,22)	3.84553	1	11.6879
chr1	151907724	151907924	20	5.96623	1	(4,20)	6.89657	1	11.6867
chr1	151907924	151908124	4	5.96283	1	(4,20)	6.89657	1	11.6714
chr19	8526516	8526716	4	8.42708	1	(4,11)	5.88897	1	11.6601
chr19	1058001	1058201	11	6.4916	1	(11,20)	7.9044	1	11.6557
chr7	150689512	150689712	4	6.84379	1	(4,11)	5.38252	1	11.6532
chr7	138564855	138565055	20	7.64948	1	(20,20)	4.12406	1	11.6482
chr12	112159396	112159596	11	6.12718	1	(11,20)	8.01674	1	11.6477
chr1	19690507	19690707	11	6.12718	1	(11,20)	8.01674	1	11.6477
chr1	3316636	3316836	18	9.16232	1	(18,18)	7.03515	1	11.6449
chr1	160807210	160807410	11	5.75229	1	(11,21)	4.93226	1	11.6418
chr6	42927662	42927862	18	10.2115	1	(18,18)	8.84713	1	11.6386
chr10	17238601	17238801	11	5.60768	1	(11,19)	5.02641	1	11.6349
chr19	34735895	34736095	11	4.60358	1	(11,20)	4.38698	1	11.6281
chr4	38802379	38802579	20	5.2676	1	(4,20)	6.37737	1	11.6264
chr11	60923528	60923728	11	6.69761	1	(11,24)	7.62337	1	11.6232
chr22	30387211	30387411	1	8.81266	1	(1,1)	6.17863	1	11.6166
chr10	102151043	102151243	18	10.2374	1	(18,18)	8.84713	1	11.6132
chrX	10098360	10098560	1	6.83794	1	(1,13)	5.98661	1	11.6104
chr7	64999222	64999422	20	4.88406	1	(9,20)	4.54436	1	11.6076
chr16	68549697	68549897	20	5.85812	1	(11,20)	8.01674	1	11.6063
chr12	112159596	112159796	20	5.85812	1	(11,20)	8.01674	1	11.6063
chr11	318800	319000	4	7.60075	1	(1,4)	5.80008	1	11.5979
chr2	241620585	241620785	18	7.77255	1	(18,18)	4.73256	1	11.5965
chr16	89026392	89026592	18	6.49671	1	(18,21)	5.99648	1	11.5785
chr19	51612947	51613147	24	6.23787	1	(20,24)	7.77534	1	11.5776
chr1	19690107	19690307	20	5.50204	1	(11,20)	6.01532	1	11.5715
