chr10	41839408	41864408	14
chr2	132254227	132279227	14
chr22	36321355	36346355	8
chr19	1250401	1275401	8
chr2	89816190	89841190	14
chr4	49632983	51794034	14
chr21	10704656	10729656	12
chr19	1249401	1274401	8
chr15	25050053	25075053	12
chr4	49096183	49121183	14
chr16	86493194	86518194	15
chr19	58190033	58215234	12
chr16	34139133	34164133	14
chr19	58241634	58266634	12
chr2	132248627	132273627	14
chr19	38689360	38714360	8
chr17	79790801	79815801	15
chr7	27152181	27177181	3
chr16	86496394	86521394	15
chr10	99519243	99544243	14
chr10	41864608	42105952	14
chr21	10379056	10404056	12
chr2	172082672	172107672	14
chr11	31796852	31822053	15
chr17	2048306	2073306	4
chr19	57980032	58005032	2
chr11	64852728	64877728	8
chr4	173514649	173539649	14
chr7	27178981	27203981	3
chr17	48623238	48648238	15
chr17	79786601	79811601	14
chr19	44472983	44500548	4
chr10	38485072	38510072	12
chr10	38835269	38860269	14
chr19	58118433	58143433	12
chr15	25075253	25100253	12
chr10	42297752	42322752	12
chr11	819800	844800	4
chr19	38695960	38720960	8
chr17	48580438	48605438	8
chr8	11688891	11713891	14
chr8	143929032	143954032	8
chr10	38511072	38582069	14
chr17	61392439	61417439	3
chr17	48574038	48599038	8
chr10	38783469	38808469	12
chr19	38654760	38679760	8
chr4	173508449	173533449	14
chr20	30416924	31239997	12
chr19	1255801	1280801	8
chr19	57530832	57555832	12
chr18	48928430	48953430	2
chr14	73738497	73763497	8
chr22	36351555	36376555	8
chr2	218979678	219004678	14
chr10	100727643	100752643	15
chr4	10092776	10117776	3
chr10	8033237	8058237	15
chr18	48927030	48952030	3
chr9	123995321	124020321	15
chr2	44928461	44953461	15
chr13	27956663	27981663	8
chr10	101213843	101238843	15
chr2	176079272	176104272	14
chr6	1373565	1398565	15
chr12	6211434	6236434	8
chr5	141407833	141432833	12
chr17	38874547	38899547	8
chr11	44302850	44327850	14
chr12	133039614	133064614	12
chr17	38876747	38901747	8
chr22	36330355	36355355	8
chr11	118906291	118931291	3
chr2	28389733	28414733	8
chr6	1376365	1401365	15
chr22	36309555	36334555	8
chr8	143925632	143950632	8
chr19	4044202	4069202	8
chr1	90705843	90730843	15
chr21	36686900	36711900	15
chr4	4850073	4875073	15
chr19	2040401	2065401	8
chr13	99967546	99992546	15
chr7	155451505	155476505	14
chr22	46064720	46089720	8
chr2	132266227	132291227	14
chr19	2039801	2064801	8
chr11	67266129	67291129	3
chr12	132928614	132953614	12
chr4	49132583	49157583	12
chr2	222288881	222313881	14
chr1	118983777	119008777	14
chr7	156998906	157023906	14
chr7	101157919	101182919	14
chr12	132993014	133018014	12
chr22	46066720	46091720	8
chr4	13524376	13549376	4
chr3	75728249	75753249	12
chr19	51961947	51986947	2
chr7	6682369	6707369	11
