chr15	25054053	25064053	8
chr19	58203833	58214034	8
chr15	25067253	25077253	8
chr19	51964947	51974947	8
chr19	57979232	57989232	8
chr19	58253634	58263634	8
chr10	41839408	41849408	8
chr19	58240034	58250034	8
chr10	41852008	41862008	8
chr12	133186014	133196014	8
chr19	58127033	58137033	8
chr12	133044414	133054414	8
chr8	144836415	144846415	8
chr19	7074989	7084989	8
chr19	57614232	57624232	8
chr12	132940614	132950614	8
chr15	25077453	25087453	8
chr6	32968023	32978023	3
chr10	3776008	3786008	3
chr2	89830790	89840790	8
chr6	32969223	32979223	3
chr10	3776608	3786608	3
chr19	9561524	9571524	8
chr2	132267427	132277427	11
chr18	22164639	22174639	11
chr4	49647983	51794034	8
chr19	57544832	57554832	8
chr19	51890547	51900547	8
chr5	180247800	180257800	8
chr2	43218461	43228461	3
chr19	11941785	11951785	8
chr16	34147333	34157333	8
chr19	44476983	44487790	8
chr16	86503994	86513994	11
chr19	52015747	52025747	8
chr19	44490349	44500948	8
chr19	52032547	52042547	8
chr12	133001214	133011214	8
chr10	41874608	41884608	8
chr19	57530832	57540832	8
chr19	52312147	52322147	8
chr7	6689769	6699769	8
chr14	68786483	68796483	3
chr17	61396039	61406039	11
chr16	68551297	68561297	8
chr4	49145583	49155583	8
chr19	37234498	37244498	8
chr20	49277463	49287463	3
chr17	81508774	81518774	3
chr19	9410524	9420524	8
chr19	53342147	53352147	8
chr19	23343198	23353198	8
chr8	98939372	98949372	11
chr11	31809452	31819653	11
chr4	49111183	49121183	8
chr1	202007272	202017272	3
chr4	49631983	49641983	8
chr16	3283400	3293400	8
chr1	37471799	37481799	3
chr17	81509374	81519374	3
chr11	65496729	65506729	3
chr19	1266801	1276801	3
chr19	57681632	57691632	8
chr19	36710498	36720498	8
chr10	99529643	99539643	11
chr18	15410201	20940439	8
chr17	36931700	36942303	12
chr19	27240892	27250892	8
chr2	172093472	172103472	10
chr19	1248001	1258001	3
chr14	37590395	37600395	10
chr21	10723056	10733056	8
chr22	39519995	39529995	3
chr19	57569032	57579032	8
chr15	76337259	76347259	10
chr21	10700056	10710056	8
chr3	75735049	75745049	8
chr19	12523186	12533186	8
chr4	450611	460611	8
chr14	68785083	68795083	3
chr2	95145655	95155655	8
chr19	10286724	10296724	11
chr7	129777360	129787360	11
chr19	57746832	57756832	8
chr19	10286524	10296524	11
chr19	52068147	52078147	8
chr2	174333072	174343072	11
chr7	138555855	138565855	8
chr19	52950947	52960947	8
chr17	79796401	79806401	2
chr10	8047037	8057037	11
chr11	31803652	31813652	11
chr10	8047237	8057237	11
chr19	1247201	1257201	3
chr19	7080389	7090389	8
chr8	143933632	143943632	3
chr5	178713599	178723599	8
chr1	197910470	197920470	11
chr19	9377324	9387324	8
chr10	8047637	8057637	11
