chr15	25296200	25321200	8
chr19	58700600	58725600	8
chr19	58753400	58778400	8
chr10	42373800	42398800	8
chr12	133615800	133640800	8
chr4	49635000	49660000	8
chr2	89855000	89880000	8
chr21	10782600	10807600	8
chr19	44977400	45002400	8
chr4	49098200	49123200	8
chr7	6722200	6747200	8
chr19	58481200	58506200	8
chr12	133659000	133684000	8
chr12	133758000	133783000	8
chr19	37028600	37053600	8
chr10	39128000	39153000	8
chr4	424400	449400	8
chr7	6713200	6738200	8
chr19	58629800	58654800	8
chr16	46388200	46413200	8
chr10	38793800	38818800	8
chr19	58042800	58067800	8
chr21	10807800	10832800	8
chr20	29808200	29833200	8
chr10	42793000	42818000	8
chr19	37196800	37221800	8
chr10	39076600	39101600	8
chr21	10835600	10860600	8
chr19	52808400	52833400	8
chr16	68584400	68609400	8
chr2	176943200	176968200	11
chr3	75767000	75792000	8
chr12	133709800	133734800	8
chr11	31824600	31849600	10
chr10	124890600	124915600	11
chr5	179671600	179696600	8
chr1	91171400	91196400	11
chr3	75765800	75790800	8
chr2	172946800	172971800	11
chr10	8074600	8099600	11
chr10	102487400	102512400	11
chr15	25321400	25346400	8
chr10	102973600	102998600	11
chr2	172945600	172970600	11
chr17	77764000	77789000	1
chr19	58624400	58649400	8
chr16	33942400	33967400	11
chr19	58679800	58704800	8
chr19	52519200	52544200	8
chr17	35283200	35308200	11
chr17	46687400	46712400	11
chr15	53074800	53099800	11
chr8	146051400	146076400	1
chr19	37300600	37325600	8
chr9	126758600	126783600	11
chr12	133569600	133594600	8
chr17	35286600	35311600	11
chr7	155240200	155265200	11
chr17	46807800	46832800	12
chr15	68109000	68134000	11
chr10	102880600	102905600	11
chr19	1250200	1275200	3
chr2	133011800	133036800	11
chr11	44323600	44348600	10
chr16	46416800	46441800	8
chr19	9670600	9695600	1
chr19	1248000	1273000	3
chr16	46417000	46442000	8
chr4	13524600	13549600	11
chr4	49143000	49168000	8
chr2	219844400	219869400	11
chr17	77769400	77794400	12
chr19	44965000	44990000	8
chr16	68588600	68613600	8
chr19	7069000	7094000	8
chr6	100043200	100068200	11
chr7	156791800	156816800	11
chr9	37018800	37043800	11
chr19	52610400	52635400	8
chr2	223153600	223178600	11
chr12	133769200	133794200	8
chr1	18955000	18980000	12
chr14	36971800	36996800	11
chr12	133628400	133653400	8
chr13	79159800	79184800	10
chr2	176970800	176995800	11
chr19	9624800	9649800	8
chr2	45158200	45183200	11
chr12	133502000	133527000	8
chr7	96632200	96657200	11
chr12	122231000	122256000	1
chr8	11538200	11563200	11
chr5	76919800	76944800	11
chr4	10094400	10119400	3
chr4	4852800	4877800	11
chr4	412200	437200	8
chr7	27221600	27246600	11
chr19	58471800	58496800	8
chr19	1744800	1769800	12
chr19	52375800	52400800	8
