chr9	35304800	35314800	6
chr1	58608600	58618600	13
chr13	65258000	65268000	9
chr18	37747000	37757000	14
chr18	37733000	37743000	12
chr3	8241600	8251600	14
chr12	67054200	67064200	6
chr15	75080400	75090400	6
chr14	76803800	76813800	6
chr2	152409400	152419400	6
chr4	43023000	43033000	12
chr17	39839400	39849400	6
chr11	3141800	3151800	14
chr9	3022800	3032800	6
chr11	3130600	3140600	6
chr7	44467000	44477000	4
chr2	181909400	181919400	6
chr10	22142600	22152600	3
chr18	37667800	37677800	14
chr9	2999600	3009600	6
chr2	38422200	38432200	4
chr13	119597000	119607000	6
chr2	180948400	180958400	2
chr18	37707000	37717000	14
chr11	114786400	114796400	3
chr4	42991600	43001600	7
chr8	94991400	95001400	12
chr6	37870200	37880200	1
chr16	13863800	13873800	6
chr14	19410200	19420200	6
chr17	49671400	49681400	9
chr17	13305600	13315600	6
chr17	13581800	13591800	8
chr13	99785400	99795400	12
chr8	105515200	105525200	13
chr5	32720400	32730400	14
chr9	3032800	3042800	6
chr9	124255600	124265600	14
chr4	134445800	134455800	3
chr8	107941400	107951400	9
chr1	85588000	85598000	12
chr12	12833000	12843000	6
chrX	161922200	161932200	6
chr10	11487800	11497800	14
chr11	96870400	96880400	6
chr11	3190000	3200000	6
chr17	85684600	85694600	1
chr7	126271200	126281200	4
chrX	7179200	7189200	1
chr1	48881000	48891000	12
chr11	115483600	115493600	1
chr15	53303000	53313000	6
chr11	102370600	102380600	3
chr18	37758400	37768400	12
chr4	118539800	118549800	6
chr6	55007800	55017800	6
chr9	3012800	3022800	6
chr5	92690200	92700200	9
chrX	169986600	169996600	12
chr11	3178800	3188800	6
chr5	114913600	114923600	6
chrX	169998600	170008600	14
chr11	104310200	104320200	2
chr11	101479000	101489000	9
chr17	87974000	87984000	4
chr7	70813800	70823800	9
chr1	14502800	14512800	6
chr15	59298400	59308400	1
chr11	41632200	41642200	6
chr6	30732800	30742800	7
chr10	81523000	81533000	13
chr14	79656800	79666800	9
chr11	58947800	58957800	1
chr19	47689000	47699000	9
chr10	58222400	58232400	14
chr9	36821000	36831000	6
chr15	99770200	99780200	9
chr5	109549400	109559400	1
chr18	3001800	3011800	6
chr5	119677800	119687800	6
chr16	10972000	10982000	6
chr1	85081400	85091400	14
chr10	80114400	80124400	4
chr5	74193400	74203400	5
chr3	86542600	86552600	9
chr3	95898000	95908000	2
chr15	76005200	76015200	3
chr13	48697800	48707800	6
chr3	88482000	88492000	6
chr15	76113600	76123600	2
chr4	58662600	58672600	7
chr17	83120200	83130200	8
chr1	30865400	30875400	2
chr18	37655600	37665600	14
chr5	109466200	109476200	14
chr1	163305600	163315600	6
chr11	54130800	54140800	6
chr7	29215800	29225800	12
chr8	90490800	90500800	4
chr3	86753400	86763400	7
