chr15	25295200	25320200	20
chr19	58700200	58725200	20
chr19	58753200	58778200	20
chr19	58491200	58516200	4
chr19	37028800	37053800	20
chr12	133613000	133638000	22
chr12	133658400	133683400	4
chr4	423800	448800	20
chr19	37302000	37327000	20
chr12	133569800	133594800	20
chr19	58041800	58066800	20
chr7	6722200	6747200	20
chr19	37196400	37221400	20
chr15	25320400	25345400	20
chr12	133710600	133735600	20
chr19	52615200	52640200	20
chr19	56914400	56939400	4
chr19	44978600	45003600	20
chr5	179671600	179696600	20
chr19	23527200	23552200	20
chr19	58630000	58655000	20
chr19	52561600	52586600	20
chr16	68581800	68606800	20
chr19	9670800	9695800	4
chr19	44339000	44364000	20
chr19	57044600	57069600	22
chr19	37231200	37256200	20
chr12	133757400	133782400	4
chr8	146051600	146076600	11
chr16	3335800	3360800	4
chr19	37900600	37925600	20
chr19	37126000	37151000	20
chr4	126600	151600	20
chr11	3375800	3400800	1
chr19	52808400	52833400	20
chr19	52465200	52490200	4
chr4	67800	92800	20
chr19	37718800	37743800	22
chr19	58625600	58650600	20
chr4	49400	74400	4
chr12	133682000	133707000	22
chr17	46645400	46670400	9
chr7	6712400	6737400	20
chr19	57065400	57090400	4
chr4	329800	354800	4
chr19	37374600	37399600	20
chr12	133505800	133530800	20
chr19	9438400	9463400	20
chr19	9439000	9464000	20
chr17	46658400	46683400	1
chr16	68586800	68611800	20
chr4	131400	156400	20
chr19	44343000	44368000	20
chr19	52518800	52543800	4
chr19	57112200	57137200	20
chr12	133624600	133649600	20
chr19	20724000	20749000	20
chr3	44753400	44778400	4
chr12	54380600	54405600	22
chr12	54374000	54399000	22
chr19	52865600	52890600	20
chr19	37119400	37144400	20
chr17	46629000	46654000	1
chr12	54381800	54406800	22
chr17	46660000	46685000	1
chr19	56922600	56947600	20
chr15	96865800	96890800	23
chr16	3436600	3461600	20
chr5	178292600	178317600	20
chr15	96865400	96890400	23
chr7	27201200	27226200	22
chr5	178492200	178517200	20
chr19	38122800	38147800	4
chr9	99516400	99541400	20
chr11	65183200	65208200	9
chr19	53734000	53759000	20
chr19	24298400	24323400	20
chr19	58681400	58706400	4
chr1	247304000	247329000	20
chr8	145007000	145032000	1
chr19	1247400	1272400	1
chr19	23553000	23578000	4
chr19	53730800	53755800	20
chr11	65252400	65277400	1
chr5	178486800	178511800	4
chr19	23400800	23425800	20
chr5	92906000	92931000	12
chr19	38053600	38078600	20
chr10	42377600	42402600	19
chr19	39137800	39162800	22
chr19	37223600	37248600	20
chr19	37955400	37980400	22
chr12	54363400	54388400	22
chr19	57038200	57063200	22
chr19	12627600	12652600	20
chr15	93441600	93466600	9
chr12	54404400	54429400	1
chr22	46460800	46485800	22
chr22	36746600	36771600	9
chr11	118776600	118801600	1
