chr7	79496400	79521400	6
chr7	79500400	79525400	6
chr7	70345800	70370800	6
chr13	83716000	83741000	1
chr6	52156600	52181600	3
chr3	88201200	88226200	6
chr11	96330400	96355400	6
chr3	88206000	88231000	6
chr3	88207200	88232200	6
chr19	44740600	44765600	3
chr2	165865000	165890000	6
chr6	52188200	52213200	3
chr1	42689600	42714600	6
chr2	38334400	38359400	3
chr1	120590600	120615600	3
chr14	122460800	122485800	6
chr7	137299400	137324400	6
chr2	74726000	74751000	1
chr15	98968800	98993800	6
chr19	44732200	44757200	3
chr2	105665800	105690800	3
chr1	89918400	89943400	3
chr13	78179800	78204800	1
chr2	116051400	116076400	1
chr2	9872400	9897400	3
chr9	63131200	63156200	3
chr13	94862800	94887800	3
chr1	78193400	78218400	3
chr7	70331000	70356000	6
chr2	38344400	38369400	3
chr11	120220400	120245400	6
chr6	52202800	52227800	3
chr8	108693800	108718800	6
chr11	96335200	96360200	6
chr1	78187400	78212400	3
chr2	74711800	74736800	3
chr6	52146600	52171600	3
chr11	96292600	96317600	3
chr7	70328000	70353000	6
chr8	12380400	12405400	3
chr15	103009600	103034600	3
chr15	98785000	98810000	3
chr15	103003800	103028800	3
chr18	35828200	35853200	6
chr2	19428000	19453000	3
chr2	71522200	71547200	3
chr3	34641000	34666000	6
chr10	80136400	80161400	6
chr2	74704600	74729600	3
chr2	147173800	147198800	3
chr12	73031000	73056000	3
chr11	119034200	119059200	6
chr13	40720000	40745000	3
chr10	80147800	80172800	6
chr2	31630600	31655600	3
chr5	28153600	28178600	3
chr4	139812200	139837200	3
chr2	33624400	33649400	3
chr7	131537800	131562800	3
chr19	45220000	45245000	3
chr5	67206600	67231600	3
chr13	21995200	22020200	3
chr4	44695000	44720000	3
chr1	155729000	155754000	3
chr1	74783200	74808200	3
chr3	129193000	129218000	3
chr1	19205800	19230800	3
chr13	63549200	63574200	1
chr4	89286400	89311400	3
chr16	91210800	91235800	3
chr11	120216600	120241600	6
chr2	105655400	105680400	3
chr2	74654200	74679200	3
chr19	59446800	59471800	3
chr11	96270200	96295200	3
chr12	57530800	57555800	3
chr8	121068800	121093800	3
chr5	119669600	119694600	3
chr2	26483400	26508400	6
chr5	123131400	123156400	6
chr5	101644600	101669600	3
chr1	120597600	120622600	3
chr6	52303600	52328600	3
chr5	123130800	123155800	6
chr5	41743800	41768800	3
chr12	49379000	49404000	3
chr11	96339000	96364000	6
chr18	76840400	76865400	3
chr2	9876800	9901800	3
chr9	91367800	91392800	6
chr8	57321000	57346000	3
chr5	29465600	29490600	3
chr12	56678000	56703000	3
chr1	184713400	184738400	3
chr2	148024200	148049200	3
chr10	80482200	80507200	3
chr19	43592200	43617200	3
chr6	88186000	88211000	3
chr19	45137000	45162000	3
chr10	50888200	50913200	3
