chr1	2358800	2408800	14
chr1	201251800	201301800	19
chr7	27137000	27187000	18
chr12	54381800	54431800	14
chr2	239752000	239802000	18
chr7	27129000	27179000	18
chr18	74796400	74846400	9
chr2	218759200	218809200	3
chr17	46649800	46699800	9
chr17	48250200	48300200	4
chr14	99691600	99741600	21
chr14	99693400	99743400	21
chr17	46650200	46700200	9
chr12	54390000	54440000	14
chr19	13164600	13214600	22
chr19	13164400	13214400	22
chr9	139218600	139268600	14
chr17	79352600	79402600	16
chr14	93467600	93517600	13
chr10	105470200	105520200	3
chr10	63796000	63846000	18
chr8	22405800	22455800	13
chr7	27191800	27241800	4
chr16	70711200	70761200	18
chr10	81156200	81206200	9
chr1	209784000	209834000	3
chr10	80897400	80947400	3
chr12	57521400	57571400	18
chr17	79023600	79073600	13
chr17	79023200	79073200	13
chr10	126385000	126435000	11
chr17	55944600	55994600	2
chr2	145233000	145283000	13
chr11	119548200	119598200	3
chr1	21603400	21653400	14
chr1	21619600	21669600	14
chr2	145233400	145283400	13
chr1	21614400	21664400	14
chr17	74523000	74573000	22
chr17	38631000	38681000	22
chr9	97820800	97870800	9
chr16	68771400	68821400	19
chr1	201671800	201721800	18
chr17	76856200	76906200	15
chr17	55941400	55991400	2
chr11	114002600	114052600	23
chr3	127462400	127512400	13
chr5	367000	417000	24
chr10	105447600	105497600	22
chr12	54341800	54391800	2
chr15	67010000	67060000	3
chr16	87855600	87905600	2
chr1	1248000	1298000	23
chr15	67009400	67059400	3
chr19	1230400	1280400	11
chr16	70725200	70775200	9
chr12	54762000	54812000	1
chr17	76869600	76919600	15
chr14	75033600	75083600	22
chr14	93479000	93529000	13
chr11	122024600	122074600	1
chr1	201237400	201287400	19
chr15	67012000	67062000	3
chr11	119536000	119586000	3
chr2	127817200	127867200	14
chr15	74674400	74724400	13
chr2	238391400	238441400	20
chr2	173290800	173340800	16
chr12	7031000	7081000	22
chr8	22418200	22468200	13
chr10	105520600	105570600	4
chr1	27844000	27894000	4
chr2	240185200	240235200	13
chr19	13144600	13194600	2
chr13	111028400	111078400	4
chr1	201658600	201708600	14
chr22	45900600	45950600	22
chr10	80988000	81038000	13
chr7	47511200	47561200	2
chr11	12179800	12229800	9
chr22	37866400	37916400	22
chr15	75953200	76003200	13
chr11	8706000	8756000	13
chr2	240184200	240234200	13
chr2	85959600	86009600	9
chr1	183164000	183214000	9
chr1	183155600	183205600	22
chr11	118472200	118522200	14
chr11	818200	868200	15
chr18	20713800	20763800	4
chr2	47256600	47306600	9
chr19	18531600	18581600	18
chr7	2653200	2703200	20
chr10	105431400	105481400	22
chr7	2653000	2703000	20
chr10	105797000	105847000	1
chr15	75950200	76000200	13
chr10	105797200	105847200	1
chr3	50263400	50313400	4
chr11	65373000	65423000	22
