chr16	73063000	73088000	4
chr8	72584600	72609600	10
chr16	73056400	73081400	3
chr16	73056000	73081000	3
chr21	10784800	10809800	20
chr19	1250200	1275200	22
chr20	10628200	10653200	18
chr2	145258200	145283200	9
chr8	145007600	145032600	15
chr10	21794400	21819400	9
chr11	65252200	65277200	18
chr17	17596000	17621000	10
chr4	49635200	49660200	23
chr1	56992800	57017800	18
chr8	30388800	30413800	18
chr3	181424400	181449400	24
chr20	45975000	46000000	13
chr9	127510000	127535000	24
chr2	145254400	145279400	9
chr3	61666800	61691800	3
chr17	17608000	17633000	10
chr8	145004400	145029400	4
chr3	32869000	32894000	3
chr1	26735200	26760200	18
chr16	75267600	75292600	4
chr8	30240400	30265400	13
chr2	133011800	133036800	23
chr11	75039200	75064200	9
chr19	1255200	1280200	22
chr1	64238400	64263400	15
chr19	39137800	39162800	2
chr8	38286200	38311200	13
chr3	66525400	66550400	22
chr9	127508000	127533000	24
chr14	99708600	99733600	9
chr2	60754800	60779800	9
chr1	164552400	164577400	4
chr11	118777000	118802000	9
chr3	32889000	32914000	9
chr10	42373600	42398600	22
chr10	80895200	80920200	13
chr1	164529800	164554800	16
chr7	42254000	42279000	16
chr1	43402200	43427200	9
chr1	164557000	164582000	11
chr1	150528200	150553200	18
chr5	139026600	139051600	10
chr11	830000	855000	13
chr7	131217400	131242400	2
chr13	100617400	100642400	22
chr16	29813800	29838800	13
chr13	100615400	100640400	22
chr5	124062800	124087800	18
chr8	30390800	30415800	18
chr16	75274000	75299000	4
chr1	27880800	27905800	4
chr14	99711200	99736200	9
chr2	85461800	85486800	3
chr15	96864600	96889600	9
chr16	75270600	75295600	4
chr21	10835800	10860800	22
chr11	831000	856000	13
chr10	21789600	21814600	9
chr1	232252800	232277800	10
chr16	73048000	73073000	3
chr14	21987600	22012600	9
chr14	21987400	22012400	9
chr11	831600	856600	13
chr3	32903800	32928800	9
chr6	167636600	167661600	9
chr1	205404200	205429200	11
chr19	39135400	39160400	2
chr18	8607800	8632800	18
chr3	50273800	50298800	18
chr10	126821000	126846000	6
chr20	60921400	60946400	13
chr2	64069800	64094800	7
chr9	74359200	74384200	9
chr6	33378200	33403200	13
chr10	126819800	126844800	9
chr10	38772400	38797400	22
chrX	39940400	39965400	24
chr22	36746600	36771600	9
chr11	62306600	62331600	9
chr4	87865200	87890200	13
chr2	60736600	60761600	11
chr6	167638000	167663000	9
chr3	71094200	71119200	16
chr12	124981000	125006000	9
chr1	21640600	21665600	4
chr20	31348400	31373400	22
chr17	76347400	76372400	22
chr14	57260200	57285200	4
chr2	64071000	64096000	7
chr2	89855000	89880000	23
chr6	15246800	15271800	9
chr22	39903200	39928200	10
chr16	3053600	3078600	16
chr20	10617200	10642200	11
chr17	47077200	47102200	22
