chr7	5567400	5569400	3
chr6	32942000	32943000	3
chr5	172194600	172197000	3
chr17	79476000	79479200	3
chr14	35870200	35873000	3
chr22	39917200	39919600	3
chr1	145439600	145442400	3
chr17	39845800	39847000	3
chr20	47896400	47898000	3
chr11	65270000	65273800	3
chr1	234742200	234744000	3
chr3	186502200	186504200	3
chr10	3821600	3824400	3
chr11	122929400	122932000	3
chr21	9827000	9827600	11
chr12	56553400	56555000	3
chr1	91852600	91853200	11
chr5	71146600	71147000	11
chr8	70602200	70602600	11
chr1	121484200	121485400	11
chr6	58776600	58779400	11
chr19	13050800	13051800	3
chr19	3983800	3984400	3
chr13	45008200	45009000	3
chr19	49376800	49379200	3
chr12	20704200	20704600	11
chr6	36564600	36567000	3
chr14	70235000	70236000	3
chr20	42087800	42088000	3
chr10	98561200	98561600	11
chr14	88237400	88238000	11
chr2	133025200	133025800	11
chrX	136520200	136520600	11
chr19	36066400	36066800	11
chr19	18389000	18390200	3
chr2	133012000	133013000	8
chr11	85194800	85195200	8
chr12	34372400	34372800	11
chr12	127650400	127651000	11
chr14	69256000	69258000	3
chr14	102551400	102552200	3
chr1	35655600	35656800	3
chr5	179047400	179049000	3
chr17	73774400	73775200	3
chr19	14626400	14627600	3
chr13	28033600	28034200	11
chrX	108297400	108298000	11
chr8	146016200	146017000	3
chr2	133023200	133023800	8
chr6	30583800	30584800	3
chr22	50356200	50357200	3
chr9	79186600	79187000	11
chr16	89627800	89628800	3
chr11	62650200	62651000	3
chr1	150549400	150550000	3
chr2	230045400	230045800	11
chr6	32940400	32941600	3
chr2	133016600	133017400	8
chr1	150547200	150548400	3
chr14	103801800	103802600	3
chr10	74034600	74035600	3
chr2	133026600	133027200	11
chr17	41381600	41382400	8
chr16	30078200	30079000	3
chr17	33478000	33478400	11
chr17	48940400	48941000	3
chr9	68412400	68414600	11
chr2	232576400	232577200	3
chr19	2271600	2272000	3
chr11	61732600	61733400	3
chr16	33957000	33957800	8
chr13	80911000	80911600	3
chr16	14580800	14581200	8
chr2	133015000	133015400	11
chr17	7477400	7478400	3
chr20	26189800	26190200	11
chr4	52800	54800	10
chr19	55898400	55899400	3
chr12	53776000	53777400	3
chr17	8064800	8065200	3
chr12	54676200	54677400	3
chr11	65268800	65269800	3
chr12	125398000	125398600	3
chr19	39898400	39899600	3
chr9	140136800	140137200	3
chr11	8705600	8706000	3
chr8	82754600	82754800	11
chr2	133029200	133031400	8
chr19	50000800	50001200	3
chr16	33963000	33964200	8
chr7	61968800	61969600	8
chr19	49469400	49470200	3
chr2	133034400	133035000	8
chr4	70296600	70296800	8
chr17	7144000	7144600	3
chr2	43450600	43452800	3
chr9	128000600	128001800	3
chrX	61717600	61718000	8
chr18	111200	111800	8
chr17	41400200	41401200	11
