chr17	16419200	16466600	8
chr11	75380000	75425000	8
chr19	41840400	41890600	8
chr20	2632800	2680800	8
chr20	49259000	49311600	8
chr9	136700200	136747800	8
chr9	133328800	133376000	8
chr8	47938000	47979800	2
chr11	62822400	62875400	8
chr2	100982800	101028400	8
chr17	8356600	8403000	8
chr17	62403200	62445000	2
chr19	39409800	39455400	8
chr15	30605800	30648400	2
chr17	43103800	43145200	1
chrX	70269800	70312200	1
chr5	40810800	40854800	8
chr2	85519600	85563600	8
chr17	28700000	28746000	8
chr1	173842200	173887800	8
chr8	127718400	127765200	8
chr11	6584600	6631600	8
chr16	89541200	89602800	8
chr8	144767400	144812000	8
chr9	127420800	127471000	8
chr19	17840200	17891000	8
chr17	42978600	43023800	8
chr10	78014200	78061200	8
chr20	62367200	62414800	8
chr9	36552200	36629800	1
chr15	55477600	55519200	2
chr7	44962400	45006600	8
chrX	150962200	151005600	2
chr11	119079800	119121600	4
chr19	55366400	55412200	8
chr7	101120800	101177800	4
chr2	27337200	27378600	2
chrX	72692200	72735200	2
chrX	57101800	57142400	2
chr2	85596600	85637800	2
chr15	32593400	32660000	2
chr17	2314200	2356400	7
chr15	66480000	66524400	8
chr17	81868200	81911000	4
chrX	154743200	154786400	2
chr2	55213000	55256200	8
chr19	45386600	45428200	4
chr9	137567800	137610600	4
chr12	123612200	123653400	2
chr11	790200	834200	8
chr16	2127800	2175200	8
chr6	33252200	33296600	8
chr18	49467800	49512000	8
chr17	38830000	38873400	8
chr2	206140200	206183800	8
chr16	89794600	89836600	2
chr17	79777600	79833000	15
chr5	134389800	134431400	4
chr17	74184000	74233000	8
chr19	34384400	34426000	2
chr7	26166600	26217800	8
chr5	146160800	146202600	1
chr2	241667200	241708400	2
chr10	100965400	101010400	4
chr19	1419000	1470400	4
chr19	49468000	49516200	8
chr16	11827400	11871000	2
chr5	150426200	150469200	8
chr17	3703800	3745800	4
chr5	139275000	139317000	4
chr12	6947400	6990400	8
chr13	113563600	113607400	2
chr20	62283400	62331200	8
chr7	700200	748600	2
chr2	131470800	131512400	2
chr21	44782200	44823400	4
chr19	57563200	57605600	4
chr5	179033800	179083200	4
chr17	57977000	58026400	8
chr16	87368600	87411200	10
chr7	101138600	101222400	15
chr10	100320400	100378200	8
chr1	203841800	203883200	4
chr1	8843400	8898200	1
chr12	120175200	120220200	8
chr17	47630800	47675000	8
chr7	2533200	2575000	4
chr15	60348200	60408600	8
chr22	23874800	23918200	8
chr11	66417600	66458800	4
chr19	54083000	54123800	4
chr8	144458200	144500200	4
chr16	29976200	30017200	4
chr17	48922400	48964400	4
chr15	68207400	68249200	4
chr15	75315200	75357200	2
chr20	50936000	50977000	4
chr19	10086600	10129800	8
chr2	233846600	233890800	2
chr6	26292400	26363200	1
