chr7	27139000	27164000	1
chr17	46627400	46652400	10
chr7	27134600	27159600	10
chr17	46644000	46669000	9
chr19	13112400	13137400	9
chr19	13119200	13144200	23
chr19	13121400	13146400	23
chr10	45453200	45478200	16
chr15	96871000	96896000	10
chr7	27167800	27192800	4
chr19	13153600	13178600	13
chr15	96866400	96891400	23
chr17	43299600	43324600	22
chr17	47071600	47096600	9
chr15	96879600	96904600	10
chr17	48264400	48289400	13
chr10	45457000	45482000	16
chr17	48264200	48289200	13
chr17	43297600	43322600	22
chr10	45457400	45482400	16
chr9	124039800	124064800	9
chr7	27194200	27219200	23
chr1	207977200	208002200	3
chr5	148786000	148811000	4
chr22	46440800	46465800	12
chr16	70714000	70739000	14
chr7	27182800	27207800	4
chr12	6320400	6345400	3
chr11	75039200	75064200	14
chr17	1951200	1976200	9
chr12	57523000	57548000	15
chr1	207979200	208004200	3
chr14	99708600	99733600	9
chr10	134211600	134236600	13
chr16	86526400	86551400	4
chr12	7050600	7075600	4
chr12	54763200	54788200	13
chr12	115101600	115126600	10
chr2	218784200	218809200	2
chr1	207980200	208005200	3
chr3	66522800	66547800	14
chr11	65338400	65363400	13
chr12	54762200	54787200	13
chr12	57521600	57546600	15
chr11	65252400	65277400	1
chr14	105934400	105959400	13
chr10	80895200	80920200	15
chr10	73510200	73535200	14
chr5	151042200	151067200	14
chr11	113929400	113954400	9
chr8	22435200	22460200	10
chr3	134071000	134096000	13
chr16	4418800	4443800	13
chr10	63796000	63821000	16
chr1	27879800	27904800	13
chr20	10627800	10652800	9
chr16	73080000	73105000	14
chr10	73506000	73531000	18
chr18	74796200	74821200	4
chr8	22437400	22462400	23
chr17	59469800	59494800	22
chr19	1244400	1269400	14
chr11	113930200	113955200	9
chr14	99695600	99720600	21
chr12	54375600	54400600	4
chr11	118481600	118506600	4
chr17	38246400	38271400	13
chr11	114026800	114051800	14
chr17	57427600	57452600	13
chr18	74797000	74822000	4
chr11	62305400	62330400	13
chr17	38246200	38271200	13
chr16	75267400	75292400	1
chr14	105931200	105956200	9
chr10	80979400	81004400	18
chr10	126374000	126399000	9
chr11	113927800	113952800	9
chr9	139549600	139574600	9
chr1	12226600	12251600	23
chr19	1064400	1089400	16
chr10	80978800	81003800	18
chr9	116340000	116365000	2
chr4	2792600	2817600	14
chr2	133011800	133036800	22
chr20	10629200	10654200	9
chr9	135987000	136012000	22
chr14	93499000	93524000	14
chr12	113660600	113685600	13
chr3	50284000	50309000	13
chr18	74763600	74788600	11
chr15	40614200	40639200	9
chr9	135988600	136013600	22
chr15	40614600	40639600	9
chr2	127821400	127846400	3
chr12	124864200	124889200	15
chr18	74763000	74788000	11
chr17	79358800	79383800	17
chr1	43995000	44020000	14
chr11	118474400	118499400	22
chr2	127821000	127846000	3
