chr5	141135200	141135400	23	7.5707	1	(21,23)	7.57749	1	21.3388	0
chr16	5098000	5098200	22	9.70384	-1	(1,1)	10.4173	1	20.842	0
chr3	130111800	130112000	1	9.42847	1	(1,1)	10.3976	1	20.7169	0
chr19	8526200	8526400	1	7.49738	-1	(1,1)	6.25527	-1	20.7116	0
chr1	235328200	235328400	1	9.29397	1	(1,1)	10.3836	1	20.6516	0
chr19	12680600	12680800	22	8.80083	-1	(4,4)	7.55202	1	20.6454	0
chr11	65497400	65497600	1	7.32474	1	(1,1)	9.20819	1	20.5707	0
chr5	151252800	151253000	1	9.02506	1	(1,1)	10.3469	1	20.5111	0
chr14	54652600	54652800	22	7.17202	1	(18,22)	4.98153	1	20.2839	0
chr4	88456400	88456600	22	9.70384	-1	(22,22)	8.98303	-1	20.279	0
chr1	145608400	145608600	1	9.00218	1	(1,1)	10.3469	1	20.2417	0
chrX	49191800	49192000	22	8.15779	-1	(22,22)	6.71079	-1	20.2089	0
chr11	311600	311800	4	7.21483	1	(22,22)	4.79486	-1	20.2074	0
chr15	96333800	96334000	9	8.89128	-1	(9,9)	8.48496	-1	20.1054	0
chr12	9868000	9868200	1	7.36841	1	(1,4)	5.30852	1	20.0402	0
chr9	16704800	16705000	22	9.1119	1	(22,22)	7.63557	1	20.0086	0
chr1	85582000	85582200	9	9.23315	-1	(9,9)	9.06621	-1	20.0081	0
chr16	75250200	75250400	4	10.4127	1	(4,4)	10.4891	1	20.0066	0
chr5	141430400	141430600	23	8.14965	1	(23,23)	9.20756	1	20.0065	0
chr1	173825400	173825600	22	8.37264	-1	(4,4)	8.36409	1	19.9092	0
chr19	8526400	8526600	4	8.19934	1	(4,11)	6.30127	1	19.8806	0
chr12	57726400	57726600	2	6.50182	-1	(11,22)	6.89048	1	19.8553	0
chr12	53050600	53050800	9	8.50707	-1	(9,9)	7.92476	-1	19.8541	0
chr1	229341000	229341200	4	8.26217	1	(4,4)	9.33796	1	19.845	0
chr2	9208400	9208600	4	8.24293	-1	(4,4)	7.42463	-1	19.8397	0
chr16	57300400	57300600	1	7.66298	1	(1,1)	9.04036	1	19.8237	0
chr15	63044400	63044600	9	7.91022	-1	(9,9)	6.86699	-1	19.7884	0
chr19	8525600	8525800	11	9.5949	1	(11,11)	10.1368	1	19.7638	0
chr10	15089000	15089200	22	9.37067	-1	(16,16)	9.03244	1	19.7496	0
chr16	75264600	75264800	9	9.05736	-1	(9,9)	8.77295	-1	19.7453	0
chr1	1691400	1691600	4	7.85909	1	(22,22)	9.69489	-1	19.7093	0
chr2	6918400	6918600	4	7.4331	1	(4,4)	5.90406	1	19.6966	0
chr1	25267200	25267400	22	8.12112	-1	(22,22)	10.0217	-1	19.6915	0
chr5	141420800	141421000	23	7.72485	1	(23,23)	9.15546	1	19.6894	0
chr5	18698600	18698800	1	5.65047	1	(19,22)	5.41111	-1	19.683	0
chr3	50269400	50269600	22	7.87022	1	(18,22)	5.32813	1	19.6717	0
chr6	27791200	27791400	22	8.14858	-1	(22,22)	6.71079	-1	19.6573	0
chr1	225746600	225746800	22	10.5805	1	(22,22)	10.5805	1	19.6371	0
chr5	141245400	141245600	23	5.64085	1	(21,23)	8.15981	1	19.6349	0
chr2	121531400	121531600	1	6.7459	-1	(13,13)	6.56813	1	19.6311	0
chr7	44018400	44018600	22	7.54758	-1	(4,4)	7.16875	1	19.6287	0
chr1	94925200	94925400	9	8.88608	-1	(9,9)	8.48496	-1	19.6173	0
chr1	158019800	158020000	22	6.39019	1	(18,22)	5.09683	1	19.5954	0
chr6	35318400	35318600	11	8.76365	1	(11,11)	7.30326	1	19.5906	0
chr6	116669000	116669200	22	9.01513	-1	(22,22)	9.28231	-1	19.5694	0
chr9	6024200	6024400	16	8.69976	1	(16,16)	9.91608	1	19.5417	0
chr12	57726000	57726200	11	7.30162	1	(11,22)	5.53468	1	19.5286	0
chr1	56645000	56645200	1	8.37885	-1	(1,1)	9.19603	-1	19.527	0
chr15	84717200	84717400	4	8.48181	1	(4,4)	10.2727	1	19.4966	0
chr19	48260200	48260400	19	6.08671	-1	(1,13)	5.37461	1	19.4947	0
chr22	39076800	39077000	22	7.3007	-1	(22,22)	8.74906	-1	19.4924	0
chrX	48003200	48003400	22	9.48965	-1	(22,22)	8.67919	-1	19.4793	0
chr5	150946800	150947000	1	6.66951	-1	(1,1)	3.91735	-1	19.4784	0
chr9	136267000	136267200	22	9.19011	-1	(22,22)	8.38105	-1	19.4734	0
chr16	68549000	68549200	11	6.14161	1	(20,20)	8.81733	-1	19.471	0
chr5	150946000	150946200	22	4.48261	1	(21,22)	3.2219	1	19.4625	0
chr19	1057200	1057400	11	6.94488	1	(20,20)	8.27739	-1	19.4502	0
chr6	17393800	17394000	1	8.61577	-1	(1,1)	9.49543	-1	19.4274	0
chr9	40992200	40992400	1	7.85251	1	(1,1)	10.0159	1	19.4263	0
chr15	40039600	40039800	4	6.83968	1	(4,4)	8.13636	1	19.4197	0
chr5	178729400	178729600	22	9.55616	-1	(22,22)	10.5386	-1	19.419	0
chr17	18780600	18780800	1	8.53475	1	(1,1)	10.2349	1	19.4085	0
chr3	134373000	134373200	4	9.76791	1	(4,4)	9.45714	1	19.3975	0
chr16	3024400	3024600	22	6.87333	-1	(22,22)	5.0152	-1	19.3838	0
chr2	109612600	109612800	4	7.13201	-1	(4,4)	7.6475	-1	19.356	0
chr2	65130200	65130400	1	7.57399	1	(1,1)	9.90191	1	19.3526	0
chr9	13279600	13279800	1	6.92807	-1	(1,1)	8.79224	-1	19.3519	0
chr1	27575600	27575800	1	5.80695	-1	(1,13)	6.42558	-1	19.3326	0
chr1	146939600	146939800	4	6.96965	1	(4,4)	9.69797	1	19.3208	0
chr17	42388400	42388600	22	7.42372	-1	(1,1)	8.98915	1	19.3192	0
chr11	63974200	63974400	22	7.42372	-1	(22,22)	5.24098	-1	19.3092	0
chr6	34224000	34224200	13	5.69682	1	(1,1)	8.4214	-1	19.3082	0
chr16	2215400	2215600	2	5.00216	1	(2,4)	5.08146	1	19.2939	0
chr1	92486400	92486600	1	9.28932	1	(1,1)	10.3836	1	19.2911	0
chr19	21835000	21835200	22	7.17264	-1	(4,4)	8.22719	1	19.2858	0
chr17	18697400	18697600	22	9.65587	-1	(22,22)	10.2454	-1	19.2821	0
chr2	149330200	149330400	1	7.19875	-1	(1,1)	9.27711	-1	19.2799	0
chr9	14314000	14314200	22	9.96916	1	(22,22)	9.54063	1	19.2775	0
chr9	6024000	6024200	22	8.02777	-1	(16,16)	8.92449	1	19.2649	0
chr7	42237800	42238000	1	7.20218	-1	(1,1)	9.27711	-1	19.2549	0
chr19	35166000	35166200	20	7.43731	-1	(20,20)	9.38382	-1	19.2419	0
chr6	99349200	99349400	1	8.03947	-1	(1,1)	6.99818	-1	19.2405	0
chr10	43435800	43436000	13	5.56491	1	(4,13)	5.52773	1	19.2367	0
chr1	27504200	27504400	13	7.46867	-1	(13,13)	5.70118	-1	19.2298	0
chr15	37101800	37102000	1	8.87662	-1	(1,1)	9.2057	-1	19.2235	0
chr12	54188400	54188600	22	6.56474	-1	(2,4)	5.44809	1	19.2217	0
chr2	235493600	235493800	1	9.06195	-1	(1,1)	9.5051	-1	19.2197	0
chr11	12674800	12675000	22	8.50188	1	(22,22)	8.51256	1	19.2106	0
chr12	25958400	25958600	22	7.63909	1	(1,1)	9.12844	-1	19.2005	0
chr6	32195600	32195800	22	7.27276	-1	(1,1)	8.93412	1	19.188	0
chr22	40950000	40950200	22	7.64255	-1	(22,22)	6.19878	-1	19.1842	0
chrX	103357400	103357600	22	7.61981	1	(4,4)	8.75328	-1	19.1811	0
chr11	118622000	118622200	9	9.03732	-1	(9,9)	8.77295	-1	19.1803	0
chr14	29927200	29927400	1	7.43906	-1	(1,1)	9.08639	-1	19.1621	0
chr14	96796800	96797000	22	9.15871	-1	(22,22)	9.59758	-1	19.1618	0
chr18	58223600	58223800	22	8.33002	1	(22,22)	6.76928	1	19.151	0
chr8	23402200	23402400	4	5.50219	-1	(12,23)	7.79421	1	19.1504	0
chr5	88141400	88141600	22	7.95891	-1	(22,22)	10.2025	-1	19.1465	0
chrX	135033400	135033600	4	6.50024	-1	(12,22)	6.01367	1	19.1394	0
chr1	153608400	153608600	22	7.86396	1	(22,22)	5.20615	1	19.1387	0
