chr15	25293200	25343200	8
chr10	42355000	42405000	8
chr19	58677600	58727600	1
chr12	133655400	133705400	2
chr7	27191400	27241400	11
chr19	52462200	52512200	8
chr12	54344400	54394400	11
chr4	418200	468200	8
chr2	176952000	177002000	11
chr19	37196800	37246800	8
chr19	58739000	58789000	8
chr19	52358600	52408600	8
chr2	89830200	89880200	8
chr21	10774000	10824000	8
chr19	37004600	37054600	8
chr19	52354800	52404800	8
chr19	58041000	58091000	8
chr10	39104800	39154800	8
chr19	37903200	37953200	8
chr19	23518400	23568400	8
chr16	46386000	46436000	8
chr12	133608600	133658600	8
chr4	331400	381400	8
chr17	46655400	46705400	11
chr19	44955200	45005200	8
chr4	403600	453600	8
chr19	37349400	37399400	8
chr19	38027200	38077200	8
chr19	44953800	45003800	8
chr13	100605000	100655000	12
chr19	52784600	52834600	8
chr5	92900400	92950400	11
chr10	11205400	11255400	3
chr19	37209600	37259600	8
chr19	58668000	58718000	1
chr2	132995800	133045800	11
chr19	37877400	37927400	8
chr12	54398000	54448000	11
chr19	38020600	38070600	8
chr19	52535200	52585200	8
chr4	49104600	49154600	8
chr16	33932600	33982600	11
chr16	46398800	46448800	8
chr19	58473400	58523400	8
chr19	37106000	37156000	8
chr10	38771800	38821800	8
chr14	99691200	99741200	3
chr19	52422600	52472600	8
chr17	46785200	46835200	11
chr11	128340800	128390800	3
chr19	56904600	56954600	8
chr19	57046200	57096200	2
chr19	58607800	58657800	8
chr19	52872800	52922800	2
chr19	37614000	37664000	8
chr19	56885600	56935600	8
chr4	341400	391400	8
chr14	22977400	23027400	3
chr19	37613000	37663000	8
chr5	169681000	169731000	3
chr4	123800	173800	3
chr11	128331000	128381000	3
chr19	53700200	53750200	2
chr12	133723400	133773400	8
chr9	117111000	117161000	3
chr19	37280000	37330000	1
chr15	25265800	25315800	8
chr6	30412200	30462200	3
chr19	52585400	52635400	8
chr4	174420600	174470600	10
chr6	28736200	28786200	12
chr5	87948400	87998400	11
chr4	42800	92800	12
chr16	3414600	3464600	8
chr4	126600	176600	8
chr7	27164800	27214800	11
chr6	10380600	10430600	10
chr19	58466800	58516800	8
chr4	49114600	49164600	8
chr3	75753800	75803800	8
chr10	8067800	8117800	11
chr2	177004800	177054800	11
chr16	3329200	3379200	8
chr19	58258000	58308000	8
chr19	36987400	37037400	8
chr19	58189800	58239800	8
chr16	31745000	31795000	8
chr16	3327200	3377200	8
chr16	31739000	31789000	8
chr12	133730200	133780200	8
chr1	227818600	227868600	8
chr15	96864000	96914000	10
chr22	36723600	36773600	3
chr21	10824200	10874200	8
chr5	140762000	140812000	11
chr19	9433800	9483800	8
chr19	52880800	52930800	2
chr10	11188400	11238400	3
chr7	50413000	50463000	2
chr17	77745000	77795000	12
