chr15	25323000	25333000	20
chr15	25312800	25322800	20
chr19	58757000	58767000	20
chr8	146062800	146072800	20
chr12	133616200	133626200	20
chr19	58641400	58651400	20
chr19	58696800	58706800	20
chr19	9672200	9682200	20
chr19	52467800	52477800	20
chr19	58490200	58500200	20
chr16	68586000	68596000	20
chr19	52394200	52404200	20
chr7	6726400	6736400	20
chr19	58767400	58777400	20
chr19	7075400	7085400	20
chr12	133582400	133592400	20
chr19	52816800	52826800	20
chr19	37201400	37211400	20
chr5	178139800	178149800	20
chr12	133673400	133683400	20
chr12	133759800	133769800	20
chr19	58715600	58725600	20
chr19	9637200	9647200	20
chr19	12052600	12062600	20
chr5	179681400	179691400	20
chr19	37725600	37735600	20
chr19	44982000	44992000	20
chr19	37037800	37047800	20
chr12	133518000	133528000	20
chr19	44994400	45004400	20
chr19	9404400	9414400	20
chr19	37240600	37250600	20
chr19	58042200	58052200	20
chr12	133657200	133667200	20
chr19	58126400	58136400	20
chr19	52619800	52629800	20
chr19	52495800	52505800	20
chr19	20726400	20736400	20
chr19	8917200	8927200	20
chr19	52518800	52528800	20
chr5	178301000	178311000	20
chr19	52566800	52576800	20
chr19	52536400	52546400	20
chr19	58054000	58064000	20
chr9	99519800	99529800	20
chr19	12633000	12643000	20
chr19	37309600	37319600	20
chr16	3357200	3367200	20
chr19	21991400	22001400	20
chr15	25333200	25343200	20
chr19	23526200	23536200	20
chr19	37004400	37014400	20
chr19	52877800	52887800	20
chr12	133720400	133730400	20
chr19	58502200	58512200	20
chr4	457200	467200	20
chr19	9486800	9496800	20
chr19	44339200	44349200	20
chr16	3333800	3343800	20
chr19	53051400	53061400	20
chr19	9521000	9531000	20
chr19	52439000	52449000	20
chr19	58080800	58090800	20
chr11	65265600	65275600	9
chr2	95811400	95821400	20
chr4	344000	354000	20
chr11	65187000	65197000	9
chr19	53453400	53463400	20
chr19	37870600	37880600	20
chr19	56918200	56928200	20
chr19	9445800	9455800	20
chr4	444000	454000	20
chr19	58192800	58202800	4
chr6	27415600	27425600	20
chr11	118786800	118796800	9
chr19	19819200	19829200	20
chr19	53846600	53856600	20
chr19	53301400	53311400	20
chr7	5097000	5107000	20
chr19	58942400	58952400	20
chr19	12292800	12302800	20
chr2	95876400	95886400	20
chr16	3450000	3460000	20
chr19	14823400	14833400	20
chr19	37380400	37390400	20
chr19	53643600	53653600	20
chr19	12380200	12390200	20
chr2	43445600	43455600	1
chr19	58436800	58446800	1
chr19	37915200	37925200	20
chr19	37130000	37140000	20
chr12	133626400	133636400	20
chr12	133694800	133704800	20
chr19	37643800	37653800	20
chr19	57080200	57090200	20
chr12	122235200	122245200	9
chr4	422000	432000	20
chr19	38068600	38078600	20
chr1	247316600	247326600	20
chr19	52372000	52382000	20
