chr1	26411709	26421709	18
chrX	15846677	15856677	9
chr9	128380921	128390921	11
chr7	5523169	5533169	18
chr4	87918848	87928848	20
chr1	205444272	205454272	11
chr9	124756721	124766721	24
chr8	30539683	30549683	10
chr4	112645844	112655844	18
chr2	144507433	144517433	9
chr8	71678565	71688565	9
chr20	47351656	47361656	10
chr9	128380121	128390121	11
chr10	41856608	41866608	22
chr4	87918248	87928248	20
chr5	124732907	124742907	18
chr15	41559802	41569802	9
chr1	232124854	232134854	9
chr11	65417529	65427529	13
chr21	10699856	10709856	20
chr9	124759321	124769321	24
chr8	71675565	71685565	9
chr13	55574065	55584065	9
chr16	73031301	73041301	12
chrX	15845677	15855677	9
chr1	232125254	232135254	9
chr6	73514277	73524277	18
chr2	89828190	89838190	20
chr20	10646952	10656952	9
chr16	73031901	73041901	12
chr17	59836239	59846239	18
chr22	39309395	39319395	11
chr6	167229312	167239312	9
chr7	2519566	2529566	13
chr13	55575065	55585065	9
chr1	28505088	28515088	11
chr20	49278863	49288863	9
chr10	78034242	78044242	11
chr11	118916091	118926091	9
chr8	30388684	30398684	4
chr22	36327155	36337155	9
chr13	55572865	55582865	9
chr21	10717456	10727456	22
chr6	167226712	167236712	9
chr20	10647752	10657752	9
chr11	65498929	65508929	10
chr2	144506633	144516633	9
chr11	27626653	27636653	9
chr4	92268449	92278449	7
chr10	41874808	41884808	22
chr17	17707286	17717286	9
chr15	63043601	63053601	9
chr3	66490176	66500176	22
chrX	137567641	137577641	9
chr1	26997509	27007509	4
chr20	47314056	47324056	9
chr19	1250801	1260801	9
chr12	6531834	6541834	11
chr8	30540683	30550683	10
chr1	223020658	223030658	18
chr1	38993728	39003728	9
chr5	25436691	25446691	18
chr1	223019858	223029858	18
chr14	38189795	38199795	9
chr14	38189595	38199595	9
chr16	73027501	73037501	12
chr1	205447472	205457472	11
chr10	125148431	125158431	9
chr1	27566689	27576689	22
chr7	24395181	24405181	18
chr4	61761082	61771082	4
chr3	32834508	32844508	10
chr12	122867653	122877653	22
chr16	2149399	2159399	9
chr7	20117777	20127777	1
chr1	112697978	112707978	14
chr5	147559837	147569837	9
chr12	120225597	120235597	13
chr1	204075472	204085472	9
chr5	139272511	139282511	9
chr9	115472121	115482121	9
chr1	212905458	212915458	18
chr6	29621823	29631823	11
chrX	125386751	125396751	13
chrX	48910723	48920723	7
chr15	26764453	26774453	18
chr2	39357459	39367459	18
chr5	106976899	106986899	9
chr1	212905858	212915858	18
chr7	70694814	70704814	22
chr13	55652865	55662865	18
chr10	52031040	52041040	9
chr14	68785683	68795683	18
chr16	75244702	75254702	9
chr20	47353856	47363856	13
chr12	6532634	6542634	9
chr3	32863908	32873908	9
chr2	37197857	37207857	18
chr21	10728256	10738256	22
chr19	51898947	51908947	18
