chr7	61959000	61979600	14
chr6	58766600	58787000	14
chr6	119548400	119568800	14
chr13	28023600	28044000	14
chr14	97197600	97217800	14
chr14	88227600	88247800	14
chr3	71763600	71784000	14
chr10	42524600	42545000	14
chr10	22601200	22621600	14
chrX	58551200	58571600	14
chrX	136510200	136530600	14
chr2	133016800	133037200	14
chr16	33943000	33963400	14
chr2	92286600	92307000	14
chr10	98551200	98571600	14
chr13	20724200	20744400	14
chr12	56091200	56111400	14
chr2	133019200	133039400	14
chr12	26265800	26286000	14
chr3	183937600	183957800	14
chr3	122736800	122757200	14
chr1	245306800	245327000	14
chr4	80263600	80283800	14
chr6	167031600	167052000	14
chr1	212770600	212791400	14
chr7	130409400	130429800	14
chr4	80264400	80284800	14
chr17	33468000	33488400	14
chr15	76342400	76362600	14
chr2	60771600	60792400	14
chr10	72962800	72983400	14
chr12	70749800	70771000	14
chr10	92607000	92627200	14
chr1	145029400	145050400	14
chr8	57112400	57132600	14
chr1	121474200	121495400	14
chr19	6415000	6435200	10
chr16	69352200	69373000	8
chr14	102540800	102561000	8
chr15	66785200	66805600	8
chr16	31183600	31205000	8
chr16	89618600	89639600	8
chr14	23492600	23513000	8
chr16	87876000	87897200	8
chr16	30960400	30980600	8
chr16	30701400	30721600	8
chr16	30069800	30090400	8
chr16	30068600	30089200	8
chr16	23681800	23702800	8
chr16	29810200	29830400	8
chr17	46119200	46140200	8
chr17	41141400	41162400	8
chr14	21722600	21744000	8
chr14	23782200	23802600	8
chr12	7067800	7088400	8
chr14	39635800	39656200	8
chr10	43880800	43901000	8
chr11	200400	220600	8
chr11	62640400	62661800	8
chr11	64000800	64021000	8
chr11	64878200	64898600	8
chr11	66375800	66397000	8
chr11	73576200	73596600	8
chr11	75102600	75124800	8
chr11	93460800	93481000	8
chr11	118877200	118897800	8
chr11	801200	822400	8
chr11	8696200	8717000	8
chr11	9588600	9609200	8
chr11	17087200	17107400	8
chr14	35861600	35882000	8
chr11	61186200	61206400	8
chr12	56543600	56564800	8
chr12	56427200	56447400	8
chr12	131348000	131368600	8
chr12	98979200	99000000	8
chr12	104316000	104336600	8
chr12	120626200	120647200	8
chr12	54666200	54688000	8
chr12	6968200	6989200	8
chr17	40708200	40728600	8
chr12	49513400	49534000	8
chr12	53765400	53786000	8
chr12	53565800	53586000	8
chr12	53767000	53787200	8
chr14	21722000	21742400	8
chr11	62610600	62631800	8
chr17	40705800	40726200	8
chr17	62490400	62510800	8
chr17	39836600	39857000	8
chr20	60869800	60890400	8
chr20	60953200	60974200	8
chr20	61836000	61856400	8
chr20	62327800	62348000	8
chr20	47891800	47914000	8
chr20	30296600	30317800	8
chr20	60706600	60726800	8
chr20	34317200	34338600	8
chr20	42078000	42098200	8
chr20	47888200	47911000	8
