chr21	10774800	10799800	12
chr15	25295200	25320200	12
chr21	10800000	10825000	12
chr19	1250200	1275200	8
chr19	1248200	1273200	8
chr2	89855000	89880000	14
chr10	42373800	42398800	14
chr21	11114600	11139600	12
chr4	49635000	49660000	14
chr21	10833200	10858200	12
chr19	58701600	58726600	12
chr11	31819800	31844800	14
chr1	91171400	91196400	14
chr4	49098200	49123200	12
chr10	38793800	38818800	12
chr10	124890200	124915200	1
chr19	58754000	58779000	12
chr2	172946800	172971800	14
chr10	39129800	39154800	12
chr10	102487200	102512200	15
chr7	155240200	155265200	14
chr2	176944000	176969000	14
chr10	42792000	42817000	12
chr17	77764000	77789000	1
chr3	75766600	75791600	12
chr10	8074800	8099800	14
chr11	44323800	44348800	14
chr20	29804200	29829200	12
chr9	126759400	126784400	14
chr10	102973600	102998600	14
chr11	65252600	65277600	8
chr2	119592600	119617600	14
chr15	68109000	68134000	14
chr11	118776600	118801600	1
chr22	36715800	36740800	8
chr19	58627600	58652600	12
chr2	45158200	45183200	14
chr10	102880600	102905600	14
chr7	156791800	156816800	14
chr14	36971800	36996800	14
chr17	35283000	35308000	1
chr15	53075200	53100200	14
chr17	77768400	77793400	1
chr12	133619600	133644600	12
chr12	122230800	122255800	1
chr4	10094400	10119400	1
chr12	54322000	54347000	15
chr12	122231400	122256400	1
chr21	38060600	38085600	14
chr19	58479400	58504400	12
chr17	46687400	46712400	14
chr2	219844400	219869400	14
chr17	46808200	46833200	15
chr4	13524600	13549600	14
chr16	33942400	33967400	14
chr9	37018800	37043800	14
chr4	4852800	4877800	14
chr11	65254600	65279600	8
chr6	100042600	100067600	14
chr2	176969200	176994200	14
chr19	1744800	1769800	15
chr13	79159800	79184800	14
chr6	108474800	108499800	14
chr8	11546000	11571000	14
chr14	37113200	37138200	14
chr1	18955000	18980000	15
chr7	1263800	1288800	15
chr7	96632200	96657200	14
chr2	223153400	223178400	14
chr9	129370800	129395800	14
chr2	133012000	133037000	14
chr17	7122000	7147000	1
chr5	87966600	87991600	14
chr5	76919800	76944800	14
chr19	44976600	45001600	12
chr10	119290400	119315400	14
chr3	134069800	134094800	1
chr10	101279000	101304000	14
chr2	71109800	71134800	14
chr4	85400800	85425800	14
chr13	112705800	112730800	14
chr8	145003200	145028200	1
chr9	96700400	96725400	14
chr15	89899800	89924800	14
chr2	73132800	73157800	14
chr8	145004000	145029000	1
chr16	86526200	86551200	14
chr22	36705600	36730600	8
chr7	27270200	27295200	14
chr17	7131800	7156800	1
chr2	105465200	105490200	14
chr12	133674800	133699800	12
chr19	39137800	39162800	1
chr3	138654600	138679600	14
chr4	49143000	49168000	12
chr13	100620000	100645000	15
chr17	7737200	7762200	1
chr7	61778200	61803200	12
chr8	145002200	145027200	1
chr19	39880400	39905400	1
