chr12	15043000	15139200	8
chr17	56373800	56447400	8
chr6	128792000	128870200	14
chr5	38355200	38633800	14
chr15	81519200	81637600	8
chr6	159423400	159524400	8
chr11	62470600	62514200	2
chr1	40486600	40553800	8
chr9	135203800	135249800	8
chr9	114311800	114400200	14
chr12	6541400	6596200	8
chr11	10921400	10978600	14
chr16	18960400	19018200	4
chr14	31476000	31525600	1
chr6	76428000	76493400	14
chr19	35578000	35686800	8
chr12	64216800	64264200	1
chr14	91710000	91906200	8
chr3	149662000	149714800	14
chr17	42265600	42315800	8
chr2	110337200	110412600	1
chr16	30173400	30220400	8
chr16	75226000	75348800	1
chr1	155891400	155938200	8
chr19	10641000	10690000	8
chr4	169712600	169792000	14
chr12	7034400	7091200	8
chr19	12702000	12747400	1
chr14	70214600	70255400	8
chr11	73649200	73753400	8
chr1	161068200	161108600	1
chr16	67941000	67990000	8
chr5	134041600	134093800	1
chr1	225811400	225868800	14
chr11	66386400	66431200	8
chr6	84916200	84957200	2
chr7	99072400	99117400	2
chr11	67014600	67075600	8
chr1	178039600	178089600	1
chr9	117089200	117180200	8
chr11	12656000	12995000	14
chr19	41781400	41836000	8
chr6	121731800	121788600	14
chr3	61520400	61575400	1
chr8	144980600	145035800	8
chr14	53390000	53443600	14
chr6	37118600	37182800	8
chr7	42238200	42303800	14
chr1	227478800	227532800	1
chr22	37576000	37680000	8
chr17	4823600	4870600	8
chr5	176834000	176910800	8
chr2	242200400	242274600	3
chr2	153167200	153221800	14
chr16	15706000	15756600	8
chr1	222805600	222853200	8
chr3	49488000	49536600	1
chr16	69764600	69808600	2
chr10	18920600	18968000	3
chr11	8860200	8929600	14
chr5	131726800	131846000	8
chr1	99096600	99152000	14
chr19	13029600	13076600	8
chr10	88455200	88544400	14
chr19	55553000	55597000	2
chr3	160263600	160308000	1
chr17	45708000	45759000	8
chr7	149298600	149341400	2
chr7	50390600	50506200	8
chr11	120147400	120258600	14
chr6	30428000	30471400	15
chr19	8529400	8598200	8
chr10	33226800	33269400	1
chr12	77227200	77306600	14
chr6	168161800	168264200	14
chr3	3188600	3242000	8
chr12	122212800	122258400	8
chrX	10559400	10612200	1
chr12	26087800	26143200	1
chr6	30397400	30442800	15
chr1	27133400	27183200	8
chr16	71805000	71862400	3
chr14	88980400	89049400	1
chr17	37586400	37627400	3
chr5	141328800	141370800	1
chr6	161391800	161432600	1
chr9	131016600	131058000	3
chr3	179302800	179354000	2
chr15	101795200	101837400	1
chr12	42391000	42438400	2
chr7	120471200	120533200	14
chr5	137527400	137568800	2
chr1	230936800	231049200	14
chr4	41185000	41251000	14
chr22	39106800	39170600	8
chr8	97470400	97557800	14
chr4	147843400	147888800	4
chr14	20910000	20982400	8
chr14	61426200	61467800	1
chr9	90317200	90377800	1
