chr2	121511000	121551200	13
chr15	65284600	65324800	13
chr11	62602800	62643000	18
chr22	49491400	49531800	18
chr6	149430400	149470600	23
chr6	34204000	34244200	1
chr19	57663400	57704200	4
chr16	3286400	3327000	4
chr19	34940800	34981600	4
chr19	44478200	44518800	4
chr19	58164400	58204800	4
chr5	172094200	172134400	18
chr19	57984000	58024400	4
chr19	13809800	13851400	11
chr5	134903200	134943600	11
chr19	51882800	51923200	20
chr17	8099400	8139800	1
chr7	1941600	1982200	18
chr19	9653600	9693800	20
chr19	34715400	34756000	4
chr16	34130400	34170800	23
chr10	45952600	45993000	1
chr5	141299000	141339600	20
chr19	57728200	57769000	4
chr19	20639600	20680200	4
chr1	151887000	151928200	4
chr19	51868400	51908600	20
chr19	45450800	45492200	23
chr1	11888000	11928200	1
chr19	57565000	57605200	4
chr6	149431400	149471800	11
chr19	57926000	57966200	4
chr19	57557400	57597800	4
chr19	57480200	57520400	1
chr17	30712000	30752400	1
chr3	42991600	43032800	18
chr7	100316400	100356600	1
chr12	57706000	57746600	11
chr19	57687400	57727800	4
chr6	31808000	31848200	1
chr16	21498800	21539000	1
chr12	112138000	112179800	11
chrX	24460000	24500200	1
chr4	38782000	38822600	4
chr19	57595400	57636200	20
chr12	133062000	133102200	20
chr19	1037000	1079000	20
chr14	49579600	49619800	1
chr10	133241800	133282000	1
chr12	93379000	93419400	22
chr20	63875400	63915600	4
chr1	19669600	19710600	20
chr5	251800	292400	1
chr11	298800	339000	4
chr17	42759800	42800000	11
chrX	53061400	53101800	22
chr8	609000	650600	18
chr3	114204400	114245600	21
chr1	12366000	12407200	11
chr1	160787200	160828000	11
chr7	64978600	65019400	20
chr11	60903400	60943600	11
chr16	68529600	68570000	20
chr6	30050400	30090800	11
chr3	123131600	123172000	18
chr12	9848000	9888200	1
chr2	233182400	233223000	11
chrX	10078200	10118400	1
chr5	42933000	42973800	20
chr7	632000	672400	18
chr19	58076800	58117200	20
chr5	141115200	141155600	23
chr1	3296600	3336800	18
chr3	17132800	17173200	20
chr10	17218400	17259000	11
chr3	42997000	43037200	18
chr19	23359400	23399800	20
chrX	137418000	137458200	21
chr16	68528800	68569400	11
chr9	127717200	127757400	18
chr1	227915000	227955400	18
chr2	230505400	230545800	20
chr12	133109200	133149600	4
chr7	5504000	5545000	11
chr7	101794000	101834200	1
chr19	53178000	53218200	4
chr15	57571800	57612000	23
chr7	150670000	150710600	20
chr4	9512000	9552200	16
chr6	31795800	31836000	1
chr1	201992000	202034200	22
chr7	138544400	138586000	20
chr19	19711200	19751400	4
chr5	141225400	141265800	23
chr7	150551800	150592600	20
chr5	59107400	59147600	1
chr19	52376600	52416800	4
chr1	160786200	160826800	11
chr10	7175600	7215800	20
