chr20	47895600	47905600	8
chr1	27327400	27337400	8
chr5	2743400	2753400	7
chr7	131229600	131239600	3
chr2	133024400	133034400	14
chrX	82756800	82766800	15
chr1	228715000	228725000	12
chr1	26739200	26749200	8
chr12	130641000	130651000	2
chr1	27321200	27331200	8
chr5	2737400	2747400	7
chr3	109049400	109059400	8
chr16	3057200	3067200	9
chr5	3592400	3602400	15
chr5	3115600	3125600	15
chr12	130638800	130648800	2
chr20	31359800	31369800	8
chr10	79792800	79802800	8
chr8	38293000	38303000	8
chr5	42989400	42999400	14
chr7	157477400	157487400	12
chr10	92562000	92572000	10
chr8	26491800	26501800	9
chr19	51219600	51229600	12
chr18	56526600	56536600	8
chr8	72591000	72601000	8
chr9	68417000	68427000	12
chr1	17754400	17764400	3
chr2	207119600	207129600	15
chr2	64072000	64082000	1
chr20	45981400	45991400	8
chr1	149166000	149176000	16
chr1	228727200	228737200	16
chr16	29818600	29828600	8
chr11	65264200	65274200	8
chr20	45980600	45990600	8
chr20	45980200	45990200	8
chr10	126835400	126845400	8
chr3	109046800	109056800	8
chr11	65263800	65273800	7
chr22	36723200	36733200	10
chr20	47899400	47909400	8
chr20	45942800	45952800	8
chr1	223193000	223203000	3
chr2	133029600	133039600	8
chr1	223194400	223204400	8
chr7	5562800	5572800	8
chr3	109046600	109056600	8
chr15	41852000	41862000	15
chr17	46125000	46135000	8
chr16	3058200	3068200	9
chr8	72590000	72600000	8
chr14	21988600	21998600	8
chr7	131234200	131244200	3
chr2	232570200	232580200	8
chr7	157472600	157482600	12
chr1	213080800	213090800	8
chr10	126816000	126826000	8
chr19	51050800	51060800	4
chr1	17758400	17768400	3
chr17	76347600	76357600	7
chr19	51218200	51228200	15
chr1	204675200	204685200	10
chr14	21990000	22000000	8
chr10	79795000	79805000	8
chr13	51744600	51754600	8
chr16	29815000	29825000	7
chr5	3099000	3109000	1
chr2	43443600	43453600	8
chr17	46125800	46135800	8
chr12	130701200	130711200	15
chr8	30253200	30263200	8
chr17	79475800	79485800	10
chr11	64526400	64536400	8
chr3	134081600	134091600	9
chr5	177546400	177556400	8
chr20	60933600	60943600	7
chr17	27045000	27055000	8
chr15	63335800	63345800	3
chr7	70162800	70172800	8
chr6	33238800	33248800	8
chr19	28251200	28261200	16
chr19	51053800	51063800	4
chr20	45938800	45948800	5
chr5	3587200	3597200	15
chr19	51223200	51233200	8
chr1	28831600	28841600	8
chr20	45939400	45949400	1
chr19	51065800	51075800	2
chr6	34203800	34213800	8
chr1	4710200	4720200	15
chr20	60934200	60944200	7
chr19	51189400	51199400	12
chr1	27318600	27328600	7
chr8	30394400	30404400	8
chr3	32876000	32886000	1
chr6	29589600	29599600	7
chr5	2753600	2763600	15
chr1	8929200	8939200	8
chr6	167642800	167652800	4
