chr17	41371600	41392400	8
chr17	45211000	45231400	14
chr17	45206000	45226400	7
chrX	114994600	115015200	8
chr17	41390200	41411200	8
chr1	223186200	223207800	8
chr17	45248800	45269200	14
chr3	46611200	46632800	8
chr15	85137200	85158800	8
chr20	38893400	38914000	3
chr16	89621000	89641600	3
chr1	26729200	26750200	8
chr7	131226800	131248000	8
chr7	105268200	105288800	8
chr11	57397800	57418800	8
chr1	27325600	27346600	8
chr17	27062800	27084800	8
chrX	153617600	153638400	8
chr12	4375400	4396200	8
chr13	100608000	100628400	7
chr1	62654400	62674800	8
chr7	50099400	50119600	8
chr18	56522000	56542400	8
chr1	17753000	17773800	8
chr17	45239200	45259600	14
chr14	23437200	23457800	8
chr19	52396200	52416400	8
chr9	130200800	130222400	8
chr3	183787600	183808000	14
chr1	62653800	62674000	8
chr19	49366600	49387000	3
chr17	47082000	47102200	8
chr13	51739200	51760200	8
chr5	171819800	171840200	8
chr14	75737400	75758200	8
chr19	20183800	20204400	8
chr5	81560400	81580600	8
chr17	79466000	79486600	8
chr10	102098400	102120600	8
chr11	62467600	62488000	8
chr19	52381600	52402200	8
chr1	86037600	86059000	8
chr12	7063400	7084000	8
chr5	2737600	2758200	7
chr15	63326400	63347200	8
chr12	6635000	6655600	8
chr1	213116000	213136400	8
chr4	53569600	53590400	8
chr11	14351400	14371800	10
chr12	120789000	120809200	8
chr11	61591000	61611600	8
chr19	49108400	49128600	8
chr19	1429600	1450000	8
chr9	102894200	102915200	8
chr19	52395600	52415800	12
chr20	47888800	47910800	8
chr2	91835200	91855800	15
chr1	62653200	62673600	8
chr2	232566000	232587400	8
chr1	144984400	145005000	4
chr11	8695400	8716000	8
chr11	65826800	65847000	8
chr18	32927800	32948000	14
chr6	160174200	160194400	7
chr5	12652800	12673200	8
chr11	119280600	119302000	8
chr16	19863000	19883200	3
chr20	31343800	31364200	8
chr17	79661600	79681800	7
chr11	62610400	62631600	8
chr9	95508000	95528200	9
chr16	19860600	19881800	8
chr19	9682600	9703000	8
chr20	61556800	61577600	8
chr12	53334200	53354600	8
chr17	16333200	16354000	8
chr6	144112000	144132200	12
chr11	65613800	65634000	8
chr19	18673600	18694200	8
chr1	173824600	173845600	8
chr6	10579000	10599600	8
chr5	147238800	147259400	8
chr21	24747200	24767400	3
chr15	63329200	63350200	8
chr8	127557800	127578000	8
chr7	5557800	5579000	8
chr17	8274800	8295400	8
chr1	113232000	113253200	15
chr6	132260400	132281600	8
chr11	121339200	121359600	8
chr16	2292200	2312400	8
chr7	70156000	70176400	8
chr20	48749600	48770200	8
chr19	47278600	47299000	1
chr17	45202800	45223200	12
chr5	177623200	177643600	8
chr3	186492800	186514400	8
chr1	155156400	155176800	8
chr22	31728400	31749200	8
chrX	185600	206000	3
