chr17	47075200	47085200	1
chr22	46463200	46473200	3
chr17	47080800	47090800	6
chr17	47103600	47113600	8
chr22	46465400	46475400	3
chr17	47076600	47086600	6
chr10	98933200	98943200	3
chr17	47124200	47134200	8
chr17	47113800	47123800	4
chr22	46458800	46468800	4
chr7	23506800	23516800	1
chr3	75712000	75722000	8
chr7	23509200	23519200	1
chr13	87408400	87418400	2
chr20	61637800	61647800	6
chr20	61637600	61647600	6
chr15	22541400	22551400	12
chr10	98938400	98948400	3
chr20	61640000	61650000	6
chr15	22541800	22551800	12
chr22	46500000	46510000	4
chr22	38203800	38213800	6
chr10	98939000	98949000	3
chr1	87792800	87802800	3
chr22	38203400	38213400	6
chr22	46469000	46479000	3
chr17	3585200	3595200	3
chr17	47091200	47101200	2
chr1	154981600	154991600	2
chr8	75222400	75232400	6
chrX	39958200	39968200	5
chrX	39945000	39955000	2
chr5	140766000	140776000	9
chr17	3591600	3601600	8
chr1	154982000	154992000	2
chrX	39957400	39967400	5
chrX	40003400	40013400	5
chr8	75223400	75233400	6
chr22	38198000	38208000	6
chr9	117258200	117268200	7
chr17	47071000	47081000	1
chr3	50641400	50651400	3
chr1	210418000	210428000	7
chr14	99725800	99735800	3
chr20	61629200	61639200	8
chr6	114174000	114184000	2
chr9	34366800	34376800	8
chr3	35696200	35706200	1
chr9	112911800	112921800	3
chr15	40390400	40400400	2
chr19	10394000	10404000	6
chr12	133004200	133014200	9
chrX	73639400	73649400	2
chrX	40025200	40035200	5
chr22	38843000	38853000	1
chr19	11465800	11475800	1
chr1	154978600	154988600	2
chr1	10694400	10704400	8
chr15	22486400	22496400	12
chr17	76347200	76357200	3
chr22	46453000	46463000	4
chr19	44943200	44953200	2
chrX	123517800	123527800	3
chr1	10694200	10704200	8
chr2	87011800	87021800	3
chr14	22964600	22974600	1
chr15	74831400	74841400	4
chr14	22967800	22977800	1
chr15	22487000	22497000	12
chr12	123624800	123634800	1
chr6	35644400	35654400	3
chr1	92940800	92950800	2
chr5	150592000	150602000	1
chr9	115816000	115826000	8
chr22	40325400	40335400	1
chr5	140737000	140747000	8
chr4	109076200	109086200	1
chr8	75208200	75218200	6
chr14	100063200	100073200	1
chr8	134074600	134084600	2
chr12	32110800	32120800	3
chrX	40008000	40018000	7
chr10	98829400	98839400	8
chr1	40841200	40851200	3
chr6	35646000	35656000	3
chr10	102790400	102800400	4
chr17	76346600	76356600	3
chr1	92940600	92950600	2
chr10	98828600	98838600	8
chr1	36172800	36182800	4
chr10	102790000	102800000	4
chr17	79367000	79377000	7
chr1	210402600	210412600	7
chr1	11715200	11725200	4
chr3	45926600	45936600	1
chr22	40328400	40338400	1
chr11	65351200	65361200	4
chr9	112910400	112920400	3
chr14	99723800	99733800	3
chrX	6986400	6996400	3
