chr4	82498200	82498400	10	6.0965	1	(1,10)	8.58084	1	14.4033
chr2	180888600	180888800	5	8.11168	1	(2,5)	11.2904	1	14.3937
chr12	109539600	109539800	14	6.41992	1	(1,14)	8.55124	1	14.3856
chr11	3158400	3158600	14	5.37122	1	(12,14)	5.86116	1	14.0308
chr12	20816000	20816200	14	7.38386	1	(2,14)	11.3998	1	13.7206
chr9	41590200	41590400	6	8.16283	1	(6,10)	10.7434	1	13.7085
chr11	24086600	24086800	6	8.16283	1	(6,10)	10.7434	1	13.7085
chr3	8245800	8246000	3	7.85604	1	(3,14)	10.8453	1	13.6815
chr9	4260600	4260800	2	5.52529	1	(2,14)	7.36585	1	13.5472
chr1	85084800	85085000	6	7.94018	1	(6,14)	10.2981	1	13.4921
chr14	19417600	19417800	6	7.94018	1	(6,14)	10.2981	1	13.4921
chr14	19416600	19416800	6	7.94018	1	(6,14)	10.2981	1	13.4921
chr11	3183800	3184000	6	7.94018	1	(6,14)	10.2981	1	13.4921
chr11	3152600	3152800	6	7.94018	1	(6,14)	10.2981	1	13.4921
chr11	3137200	3137400	6	7.94018	1	(6,14)	10.2981	1	13.4921
chr11	3135600	3135800	6	7.94018	1	(6,14)	10.2981	1	13.4921
chr13	119617200	119617400	14	5.4588	1	(3,14)	6.99623	1	13.4349
chr7	62366800	62367000	1	7.32911	1	(1,7)	10.5445	1	13.4188
chr11	3182600	3182800	14	5.36759	1	(6,14)	6.6314	1	13.3717
chr13	65258400	65258600	4	4.69302	1	(1,4)	4.17447	1	13.3401
chr9	3015200	3015400	14	4.98637	1	(2,14)	3.48293	1	13.289
chr8	3754400	3754600	14	7.10665	1	(3,14)	10.8453	1	13.1819
chr7	61939200	61939400	7	7.83363	1	(7,14)	9.81167	1	13.1423
chr7	61837400	61837600	7	7.83363	1	(7,14)	9.81167	1	13.1423
chr12	79729800	79730000	7	7.83363	1	(7,14)	9.81167	1	13.1423
chr7	61939800	61940000	14	5.58765	1	(5,14)	7.41606	1	13.0922
chr9	91385600	91385800	3	5.62329	1	(3,7)	6.98657	1	13.0674
chr13	65258600	65258800	12	4.76203	1	(1,12)	2.99992	1	13.0228
chr8	84745400	84745600	5	7.37407	1	(3,5)	9.81522	1	12.9343
chr8	84743600	84743800	5	7.37407	1	(3,5)	9.81522	1	12.9343
chr4	140108800	140109000	5	7.37407	1	(3,5)	9.81522	1	12.9343
chr8	46208400	46208600	4	7.58892	1	(4,10)	10.3346	1	12.9302
chr5	139585800	139586000	3	7.34098	1	(3,5)	9.81522	1	12.9123
chr7	62367000	62367200	7	5.88642	1	(1,7)	6.79569	1	12.904
chr18	37674600	37674800	14	6.80844	1	(2,14)	5.39988	1	12.8679
chr13	65258200	65258400	2	6.98196	1	(2,14)	5.39988	1	12.8432
chr9	3019200	3019400	6	9.49798	1	(6,14)	6.6314	1	12.8137
chr1	85277800	85278000	6	9.49798	1	(6,14)	6.6314	1	12.8137
chr11	3169600	3169800	6	9.49798	1	(6,14)	6.6314	1	12.8137
chr6	52199000	52199200	10	3.12007	1	(1,10)	1.94521	1	12.8028
chr3	8246400	8246600	6	4.79722	1	(3,6)	4.93496	1	12.7733
chr11	54140400	54140600	6	4.79722	1	(3,6)	4.93496	1	12.7733
chr18	68692000	68692200	6	7.00402	1	(6,14)	4.84904	1	12.7659
chrX	36762800	36763000	7	9.60916	1	(7,7)	6.45559	1	12.7627
chr7	61877800	61878000	7	9.60916	1	(7,7)	6.45559	1	12.7627
chr9	3019400	3019600	14	6.83302	1	(6,14)	10.2981	1	12.7539
chr4	3090600	3090800	14	6.83302	1	(6,14)	10.2981	1	12.7539
chr11	3139600	3139800	14	6.83302	1	(6,14)	10.2981	1	12.7539
chr7	61940600	61940800	14	5.31041	1	(7,14)	6.30713	1	12.6915
chr7	61939400	61939600	14	5.31041	1	(7,14)	6.30713	1	12.6915
chr1	85085000	85085200	14	6.66983	1	(3,14)	5.12266	1	12.6894
chr11	3167800	3168000	14	6.66983	1	(3,14)	5.12266	1	12.6894
chr11	54140600	54140800	14	5.06744	1	(2,14)	3.48293	1	12.6699
chr7	142082000	142082200	3	5.65344	1	(3,10)	7.65818	1	12.6471
chr11	113972600	113972800	14	5.50867	1	(5,14)	7.41606	1	12.6421
chr4	147449400	147449600	9	7.36359	1	(9,14)	9.74354	1	12.6382
chr18	37668800	37669000	9	7.36359	1	(9,14)	9.74354	1	12.6382
chr3	8246000	8246200	14	5.05351	1	(13,14)	5.79331	1	12.635
chr12	61525800	61526000	1	7.12984	1	(1,13)	10.146	1	12.6243
chr12	20815000	20815200	14	5.25878	1	(2,14)	3.48293	1	12.6199
chr9	3018200	3018400	14	4.98247	1	(12,14)	5.86116	1	12.5968
chr18	37742800	37743000	14	4.98247	1	(12,14)	5.86116	1	12.5968
chr11	3164000	3164200	14	4.98247	1	(12,14)	5.86116	1	12.5968
chr11	3143800	3144000	14	4.98247	1	(12,14)	5.86116	1	12.5968
chr8	84744800	84745000	3	5.45402	1	(3,5)	6.30949	1	12.5751
chr5	139681800	139682000	3	5.45402	1	(3,5)	6.30949	1	12.5751
chr8	84909600	84909800	3	5.34297	1	(3,10)	7.65818	1	12.556
chr6	71493200	71493400	7	5.35952	1	(1,7)	6.79569	1	12.5557
chr14	19418800	19419000	14	4.97503	1	(3,14)	3.29812	1	12.5501
chr9	57506200	57506400	6	7.45801	1	(6,13)	9.33373	1	12.5463
chr8	84775600	84775800	6	7.45801	1	(6,13)	9.33373	1	12.5463
chr5	120409000	120409200	6	7.45801	1	(6,13)	9.33373	1	12.5463
chr3	55781600	55781800	6	7.45801	1	(6,13)	9.33373	1	12.5463
chr2	33615600	33615800	6	7.45801	1	(6,13)	9.33373	1	12.5463
chr16	7038000	7038200	6	7.45801	1	(6,13)	9.33373	1	12.5463
chr15	85666800	85667000	6	7.45801	1	(6,13)	9.33373	1	12.5463
chr1	88278200	88278400	4	6.84485	1	(4,14)	6.04671	1	12.5334
chr1	85591200	85591400	6	5.08496	1	(6,14)	6.6314	1	12.5314
chr12	74804400	74804600	6	5.08496	1	(6,14)	6.6314	1	12.5314
chr11	3171400	3171600	6	5.08496	1	(6,14)	6.6314	1	12.5314
chr11	3161600	3161800	6	5.08496	1	(6,14)	6.6314	1	12.5314
chr11	3148600	3148800	6	5.08496	1	(6,14)	6.6314	1	12.5314
chr11	3145800	3146000	6	5.08496	1	(6,14)	6.6314	1	12.5314
chr17	91087400	91087600	4	7.18422	1	(4,14)	6.04671	1	12.5248
chr13	99443600	99443800	8	5.28166	1	(1,8)	7.33	1	12.5248
chr10	79858800	79859000	10	6.36922	1	(6,10)	10.7434	1	12.5128
chr6	52199600	52199800	6	4.41657	1	(6,10)	3.26413	1	12.4882
chr6	3183400	3183600	3	8.96486	1	(3,14)	6.99623	1	12.463
chr9	4260400	4260600	14	6.5196	1	(2,14)	5.39988	1	12.4607
chr18	37766600	37766800	3	4.84513	1	(3,12)	5.08689	1	12.4595
chr18	37766200	37766400	3	4.84513	1	(3,12)	5.08689	1	12.4595
chr5	30915400	30915600	2	8.91424	1	(2,7)	7.08454	1	12.4565
chr5	30914600	30914800	2	8.91424	1	(2,7)	7.08454	1	12.4565
chr15	85575800	85576000	3	8.96003	1	(3,7)	6.98657	1	12.4533
chr11	101658000	101658200	7	5.43359	1	(1,7)	6.79569	1	12.434
chr14	52343600	52343800	7	4.78269	1	(7,9)	4.97694	1	12.3509
chr16	77596600	77596800	1	6.72861	1	(1,12)	4.67537	1	12.3485
chr16	3632600	3632800	1	6.35519	1	(1,14)	6.28892	1	12.295
chr5	139558000	139558200	3	6.83641	1	(3,7)	5.11541	1	12.2819
chr18	28077600	28077800	7	5.12519	1	(6,7)	5.27324	1	12.2747
