chr5	149408237	149418237	3
chr22	31087814	31097814	3
chr11	65497129	65507129	3
chr1	207810655	207820655	3
chr19	44472983	44483182	8
chr15	25059453	25069453	8
chr21	10720856	10730856	8
chr4	49640583	49650583	8
chr19	57977832	57987832	8
chr21	10700456	10710456	8
chr15	25069653	25079653	8
chr15	25049253	25059253	8
chr19	36543498	36553498	8
chr21	10710656	10720656	8
chr19	58253434	58263434	8
chr2	89827790	89837790	8
chr19	58189233	58199233	8
chr12	133099614	133109614	8
chr8	98939372	98949372	11
chr15	25079853	25089853	8
chr10	3775408	3785408	3
chr16	68555097	68565097	8
chr19	9335524	9345524	8
chr19	58125233	58135233	8
chr19	51964347	51974347	8
chr12	133043214	133053214	8
chr10	41850608	41860608	8
chr7	57486294	57496294	8
chr19	58241634	58251634	8
chr19	58199433	58209634	8
chr7	6686969	6696969	8
chr4	10106976	10116976	3
chr19	58428433	58438433	8
chr1	207806855	207816855	3
chr22	36322555	36332555	3
chr19	7075589	7085589	8
chr19	43962448	43972448	8
chr10	41877208	42103552	8
chr19	36812898	36822898	8
chr19	36824498	36834498	8
chr19	57614632	57624632	8
chr19	9292124	9302124	8
chr19	9374524	9384524	8
chr19	8807124	8817124	8
chr19	57543232	57553232	8
chr19	52314147	52324147	8
chr19	9525924	9535924	8
chr22	36334955	36344955	3
chr6	36596223	36606223	3
chr2	170814090	170824090	11
chr19	36711098	36721098	8
chr19	43911448	43921448	8
chr19	57530432	57540432	8
chr19	36889298	36899298	8
chr3	75735049	75745049	8
chr19	9559324	9569324	8
chr19	43835648	43845648	8
chr4	54225033	54235033	10
chr9	113042920	113052920	8
chr12	133115814	133125814	8
chr19	37379898	37389898	8
chr11	31808452	31818452	11
chr19	11941785	11951785	8
chr5	154473040	154483040	10
chr1	201489472	201499472	3
chr5	178712599	178722599	8
chr1	201488872	201498872	3
chr19	37106498	37116498	8
chr19	44490349	44500948	8
chr9	101403118	101413118	8
chr4	10093576	10103576	3
chr6	36594423	36604423	3
chr12	133080614	133090614	8
chr19	57747432	57757432	3
chr17	8117482	8127482	11
chr12	133006014	133016014	8
chr19	37577098	37587299	8
chr3	134361958	134371958	3
chr19	37235298	37245298	8
chr5	180257000	180267000	8
chr2	172094272	172104272	11
chr14	68786883	68796883	3
chr20	57394544	57404544	6
chr2	73892873	73902873	3
chr19	56546831	56556831	8
chr8	94253572	94263572	3
chr8	26040484	26050484	11
chr12	46364017	46374017	3
chr4	49111183	49121183	8
chr4	49144383	49154383	8
chr17	40091547	40101547	3
chr5	178927399	178937399	8
chr17	15249883	15259883	3
chr6	5999567	6009567	12
chr19	14712788	14722788	8
chr8	26039684	26049684	11
chr19	37149498	37159498	8
chr19	37561498	37571498	8
chr19	44428025	44438217	8
chr19	52033147	52043147	8
