chr11	3132800	3182800	6
chr6	52159600	52209600	10
chr11	96301400	96351400	6
chr15	102985000	103035000	6
chr2	74691200	74741200	6
chr11	96292600	96342600	6
chr2	74678400	74728400	6
chr6	52191200	52241200	10
chr7	79496200	79546200	6
chr15	102964800	103014800	12
chr15	102946800	102996800	12
chr3	88194800	88244800	6
chr9	91349000	91399000	7
chr2	74659200	74709200	6
chr8	84701200	84751200	6
chr15	102914600	102964600	1
chr15	85642600	85692600	7
chr2	33597200	33647200	6
chr18	37722400	37772400	3
chr6	52218600	52268600	3
chr8	84764400	84814400	6
chr7	70321800	70371800	6
chr10	80131400	80181400	3
chr19	44717000	44767000	6
chr15	85651600	85701600	7
chr8	120490800	120540800	6
chr10	80123800	80173800	6
chr3	88187200	88237200	6
chr5	125130400	125180400	6
chr11	98922600	98972600	6
chr15	85654000	85704000	7
chr5	139518600	139568600	6
chr8	108689200	108739200	3
chr14	122444800	122494800	6
chr11	98311800	98361800	6
chr15	85656600	85706600	7
chr18	35827200	35877200	6
chr2	165839400	165889400	6
chr8	84685000	84735000	6
chr13	40699600	40749600	9
chr11	3173600	3223600	6
chr11	120215800	120265800	6
chr1	78168800	78218800	6
chr5	125121600	125171600	6
chr15	98760800	98810800	3
chr14	122447600	122497600	6
chr4	148855400	148905400	6
chr2	30676400	30726400	6
chr8	84682200	84732200	6
chr4	115930600	115980600	3
chr4	117366800	117416800	12
chr11	77848600	77898600	6
chr7	137276000	137326000	6
chr3	88181600	88231600	6
chr7	79518600	79568600	6
chr7	79481800	79531800	6
chr8	71653200	71703200	6
chr4	89265800	89315800	3
chr11	98917200	98967200	6
chr5	119649200	119699200	3
chr2	31623400	31673400	3
chr13	78162400	78212400	6
chr7	49621000	49671000	3
chr18	37805000	37855000	6
chr8	120530400	120580400	6
chr2	165193800	165243800	3
chr2	165834000	165884000	6
chr11	77839600	77889600	3
chr10	127507000	127557000	6
chr14	25455600	25505600	6
chr2	38331000	38381000	3
chr15	82920000	82970000	6
chr15	82947000	82997000	6
chr8	57307200	57357200	3
chr5	120392600	120442600	6
chr1	85230600	85280600	6
chr18	84048600	84098600	2
chr19	44729800	44779800	6
chr4	139805000	139855000	12
chr11	69981000	70031000	6
chr4	13741800	13791800	6
chr10	80147200	80197200	6
chr10	82191800	82241800	9
chr9	61360400	61410400	6
chr7	73374400	73424400	6
chr13	63524800	63574800	6
chr7	137285400	137335400	6
chr11	119035000	119085000	12
chr1	88210600	88260600	12
chr8	12384000	12434000	3
chr11	24073400	24123400	6
chr4	13742200	13792200	6
chr16	91198200	91248200	3
chr7	49671200	49721200	13
chr5	125093200	125143200	6
chr18	37285200	37335200	14
chr18	36931200	36981200	14
chr7	139511600	139561600	5
chr4	106907600	106957600	6
chr2	30673400	30723400	6
