chr20	47886200	47910800	3
chr6	36554600	36577200	3
chr17	79466000	79489200	3
chr6	32930200	32953200	3
chr11	65257800	65283800	3
chr3	186492000	186514200	3
chr14	70224800	70245800	3
chr16	89617800	89638800	3
chr17	39835800	39856800	3
chr17	7467400	7488400	3
chr1	121474200	121495400	11
chr20	42077800	42098200	3
chr5	179037200	179059200	3
chr22	39907200	39929600	3
chr12	56543200	56565000	3
chr8	146006200	146027000	3
chr2	217354400	217375200	3
chr14	102541400	102562200	3
chr9	130201600	130222800	3
chr19	3973600	3994600	3
chr7	5557400	5579400	3
chr1	35645600	35667400	3
chr11	122919800	122942000	3
chr1	91842600	91863200	11
chr17	36997800	37019000	3
chr10	98551200	98571600	11
chr12	20694200	20714600	11
chr14	69245800	69268400	3
chr22	39702200	39724400	3
chr17	56072400	56093400	3
chr12	125388000	125408600	3
chrX	136510200	136530600	11
chr14	103791800	103812600	3
chrX	153617400	153638400	3
chr19	13040200	13061400	3
chr6	31497400	31518400	3
chr2	133015200	133035800	11
chr1	150537200	150561400	3
chr2	232566200	232587200	3
chr1	145429800	145451600	3
chr6	35427400	35448400	3
chr19	42355200	42375800	3
chr14	35861600	35883000	3
chr2	133016600	133037200	8
chr6	58766600	58789400	8
chr2	133006600	133027400	8
chr16	14570800	14591200	8
chr17	74720400	74742400	3
chr13	28023600	28044000	11
chr3	52018600	52039200	3
chr11	8695600	8716000	3
chr20	34317800	34338800	3
chr11	61722600	61743400	3
chr1	234731800	234754000	3
chr12	54665200	54687800	3
chr19	49990800	50011400	3
chr21	9817000	9837600	8
chr8	70592200	70612600	8
chr2	133002600	133023000	8
chr14	88227400	88248000	11
chr17	4839600	4860200	3
chr19	55888400	55909600	3
chr17	73763600	73785200	3
chr2	43440000	43461600	3
chr6	30573800	30594800	3
chr11	10818200	10838800	3
chr19	54695400	54717200	3
chr5	180658600	180679600	3
chr9	140126600	140147400	3
chr5	71136600	71157000	11
chr16	33947000	33967800	11
chr11	62611000	62632400	3
chr19	36056600	36076800	11
chr17	76343600	76364800	3
chr19	1429600	1450000	3
chr19	49459400	49480200	3
chr11	64534200	64554800	3
chr11	62640200	62661400	3
chr19	18379400	18400200	3
chr17	62490400	62511400	3
chr9	127612600	127633600	3
chr12	6634800	6655800	3
chr6	31794600	31815800	3
chr1	40029800	40051000	3
chr19	2261600	2282000	3
chr11	66397400	66419600	3
chr2	133019200	133039800	8
chr6	133126800	133147800	3
chr1	24009400	24030000	3
chr17	27038000	27059000	3
chr2	70305200	70326000	3
chr9	136206000	136226400	3
chr12	120925600	120945800	3
chr13	45903400	45924400	3
chr5	40823600	40844400	3
chr12	92526200	92548000	3
chr6	74218400	74240000	3
chr10	74024600	74045800	3
chr1	110873400	110895000	3
chr6	30680200	30700600	3
