chr17	43304200	43305000	14
chr17	47171800	47172200	14
chr17	43322800	43323800	14
chr3	196898400	196898800	14
chr20	49279800	49282000	8
chr17	47181400	47181800	14
chr17	47143600	47144000	12
chrX	115888200	115888800	14
chr19	58229600	58230200	12
chr12	2255800	2256000	12
chr20	35740200	35740800	8
chr17	78357000	78358400	8
chr1	150574600	150577000	8
chr6	132815800	132816400	8
chr2	207767000	207768000	8
chr14	75279800	75281600	8
chr5	141319800	141320200	12
chr17	58005200	58006000	8
chr16	89561200	89562200	8
chr3	186784600	186786000	8
chr20	49282400	49283800	7
chr6	32974200	32975200	8
chr14	68788600	68790400	8
chr1	153991600	153992000	8
chr7	158595000	158595400	12
chr1	145993400	145994600	8
chr20	49286400	49287400	8
chr6	30490400	30490800	8
chr17	81508800	81511600	8
chr1	35190200	35191200	8
chr11	123059600	123061000	8
chr20	43459000	43459400	8
chr11	65503200	65506800	8
chr22	39521200	39523400	8
chr17	47137200	47137400	14
chr5	179619200	179622000	8
chr11	8684000	8684400	8
chr13	45339000	45340000	8
chr19	54201400	54202400	8
chr1	85582400	85583000	8
chr3	157158000	157159000	8
chr6	31540000	31540600	8
chr4	173332000	173332200	8
chr19	48873400	48874000	8
chr13	80336800	80337600	8
chr14	102085200	102085800	8
chr17	41689600	41690200	8
chr5	172768800	172769800	8
chr7	5527600	5529200	8
chr6	31355000	31356000	8
chr19	41861000	41861400	8
chr12	56043000	56043200	8
chr19	55387000	55387800	8
chr12	10000	10200	14
chr12	132767200	132767600	12
chr5	40833400	40834200	8
chr12	46368200	46370800	8
chr2	216499600	216500200	8
chr9	19378600	19379200	8
chr15	24772600	24772800	2
chr6	37172400	37172800	8
chr14	103335400	103336000	8
chr17	2059600	2060800	8
chr7	26197000	26197600	8
chr3	51994400	51995000	8
chr12	89348800	89349400	8
chr6	36596800	36599000	8
chr17	75777000	75778400	8
chr3	133575200	133576400	8
chr6	73518200	73519800	8
chr11	62853600	62854800	8
chr10	17231200	17231800	8
chr2	101003400	101003600	8
chr12	54281800	54282400	8
chr1	203306600	203308800	8
chr9	125239000	125239600	4
chr9	127449200	127450200	8
chr14	35402200	35403600	8
chr5	141094600	141095000	12
chr11	64776800	64777200	8
chr11	65426400	65427400	8
chrX	154399200	154400000	8
chr12	6536000	6536400	8
chr6	35469600	35470400	8
chr1	32334200	32334600	8
chr22	36328400	36329400	8
chr1	234607200	234607800	8
chr17	16440000	16440600	8
chr22	39316800	39318200	8
chr15	39582000	39583000	8
chr20	30376400	30376800	14
chr19	17861000	17861600	8
chr11	61965000	61965600	8
chr22	49962600	49963200	8
chr19	57476600	57477000	12
chr2	96867000	96867800	8
chr11	9577000	9577800	8
chr1	173866400	173866800	8
chr11	57648400	57648600	15
chr5	141326200	141326600	2
