chr11	128462305	128487305	8
chr14	22520222	22553461	8
chr5	134115709	134140709	1
chr10	41839408	41864408	14
chr9	114360720	114385720	8
chr5	170268796	170293796	8
chr2	172081872	172106872	14
chr2	89816190	89841190	14
chr7	27150381	27175381	14
chr4	49632983	51794034	14
chr7	27148981	27173981	14
chr14	99237463	99262463	8
chr10	38508272	38579269	14
chr14	100084063	100109063	8
chr21	10683056	10708056	12
chr7	50328004	50365102	10
chr10	8034037	8059037	14
chr10	38783469	38808469	12
chr10	38829269	38854269	14
chr10	42297752	42322752	12
chr21	10708256	10733256	12
chr10	101213843	101238843	14
chr20	30418524	31241597	12
chr10	123132284	123157284	14
chr10	101213243	101238243	14
chr21	10651656	10676656	12
chr12	53985016	54010016	14
chr14	99247463	99272463	8
chr4	49096183	49121183	14
chr1	206558672	206584268	8
chr15	25055053	25080053	12
chr19	58190033	58215234	12
chr2	157412888	157437888	8
chr11	31797652	31822853	14
chr22	37219560	37244560	8
chr14	100086463	100111463	8
chr14	22542257	22572900	8
chr12	133040014	133065014	12
chr4	13524376	13549376	14
chr1	24907909	24932909	8
chr10	41864608	42105952	14
chr7	27182581	27207581	14
chr11	128488305	128513305	8
chr11	67266329	67291329	2
chr13	99968546	99993546	15
chr17	79790201	79815201	2
chr2	157415888	157440888	8
chr21	10789256	10814256	12
chr4	10092176	10117176	8
chr7	62333949	62358949	12
chr19	44472383	44499948	4
chr7	50311404	50348502	10
chr10	71746443	71771443	8
chr11	128489305	128514305	8
chr5	35852698	35877698	8
chr6	24855372	24880372	8
chr8	133043355	133068355	8
chr7	50370102	50395102	8
chr8	133046755	133071755	8
chr16	46397288	46422288	14
chr6	98823924	98848924	2
chr5	157208589	157233790	8
chr12	133100214	133125214	12
chr17	48609238	48634238	14
chr10	8045037	8070037	14
chr2	174322072	174347072	14
chr2	132261427	132286427	14
chr9	114346520	114371520	8
chr2	176082472	176107472	14
chr14	100062863	100087863	8
chr2	176116872	176141872	14
chr19	51962347	51987347	2
chr16	34147533	34172533	14
chr14	99219663	99244663	8
chr1	116745978	116770978	8
chr16	34074933	34099933	12
chr17	36927706	36953900	14
chr4	430811	455811	12
chr19	36540898	36565898	12
chr6	30442823	30467823	14
chr1	90706043	90731043	14
chr5	157202989	157228190	8
chr19	36705698	36730698	12
chr19	52306947	52331947	12
chr11	31793452	31818452	14
chr22	36327555	36352555	8
chr2	157419488	157444488	8
chr19	57528032	57553032	12
chr21	10376656	10401656	12
chr19	58242034	58267034	12
chr15	52782603	52807603	14
chr11	117985285	118010285	8
chr15	81291059	81316059	8
chr6	24908972	24933972	8
chr17	48717438	48742438	14
chr3	75720249	75745249	12
chr11	64851528	64876528	8
chr14	22495415	22526832	10
chr2	172074872	172099872	14
chr19	51880347	51905347	2
