chr15	25046453	25096453	8
chr19	58165033	58215234	8
chr10	41839408	42105752	8
chr19	58229634	58279634	1
chr21	10688456	10738456	8
chr12	133040614	133090614	1
chr21	10662656	10712656	8
chr19	58155433	58205433	8
chr2	176067072	176117072	11
chr12	133097414	133147414	1
chr19	57960432	58010432	1
chr10	38811469	38861469	8
chr10	38485472	38581469	8
chr19	57529432	57579432	1
chr2	89787797	89844190	8
chr12	133029614	133079614	8
chr19	36710498	36760498	8
chr21	10371256	10421256	8
chr4	424211	474211	1
chr17	48597838	48647838	11
chr10	100708043	100758043	11
chr19	58096433	58146433	8
chr16	34127333	34177333	8
chr19	36513498	36563498	1
chr12	53925616	53975616	11
chr10	38497472	38593469	8
chr19	44447412	44501348	8
chr12	133181214	133231214	8
chr3	75704049	75754049	8
chr12	133147614	133197614	8
chr19	44445216	44499548	8
chr7	27164181	27214181	10
chr4	407411	457411	8
chr19	57946432	57996432	8
chr19	1237001	1287001	3
chr12	132907014	132957014	8
chr19	1237601	1287601	3
chr19	51992547	52042547	1
chr12	132907614	132957614	8
chr17	48708438	48758438	11
chr20	30398924	31246997	8
chr16	34135933	34185933	8
chr19	52287347	52337347	1
chr19	51855147	51905147	1
chr17	79795801	79845801	11
chr19	1225401	1275401	3
chr2	176117272	176167272	11
chr17	7213881	7263881	1
chr8	11675491	11725491	11
chr4	49706	103114	8
chr19	51852547	51902547	8
chr15	89358769	89408769	10
chr5	180243600	180293600	1
chr9	123992721	124042721	11
chr19	1244401	1294401	3
chr19	36617698	36667698	1
chr22	36294354	36344555	6
chr2	218956478	219006478	11
chr4	49105183	49155183	8
chr11	795400	845400	1
chr3	147371813	147421813	11
chr12	53975816	54025816	10
chr10	101114643	101164643	11
chr19	37123098	37173098	1
chr11	794600	844600	1
chr10	117126089	117176089	2
chr6	31619823	31669823	1
chr2	89322242	89835990	8
chr22	36321555	36371555	6
chr9	35700403	35750403	1
chr16	3279000	3329000	1
chr7	155442305	155492305	11
chr13	99949546	99999546	11
chr10	38831269	41713208	8
chr21	10421456	10471456	9
chr4	10068576	10118576	3
chr19	37531498	37581699	8
chr4	336411	386411	1
chr19	41261695	41311695	1
chr20	49241463	49291463	3
chr19	1733401	1783401	11
chr19	1221201	1271201	3
chr19	36728298	36778298	2
chr19	52076347	52126347	1
chr15	96320771	96370771	3
chr16	3370200	3420200	1
chr19	37383698	37433698	8
chr19	56536831	56587032	1
chr10	101204443	101254443	11
chr17	28679182	28729182	1
chr7	6657569	6707569	8
chr12	121790294	121840294	1
chr10	123117284	123167284	11
chr2	118814824	118864824	11
chr19	36789298	36839298	1
chr9	36996003	37046003	11
chr4	49112783	49162783	8
chr9	126605721	126655721	11
chr6	99583124	99633124	11
chr2	132238627	132288627	11
