chr16	15936600	15946600	4
chr7	27224800	27234800	9
chr7	27225600	27235600	9
chr1	201976400	201986400	9
chr1	201977200	201987200	9
chr16	1205400	1215400	2
chr6	118867800	118877800	4
chr4	151503200	151513200	18
chr7	80266200	80276200	22
chr19	44977200	44987200	20
chr16	1203600	1213600	4
chr19	37615800	37625800	20
chr15	25295600	25305600	20
chr16	15940800	15950800	4
chr19	58713200	58723200	20
chr1	10845600	10855600	13
chr17	59477200	59487200	23
chr19	56932200	56942200	20
chr19	56932000	56942000	21
chr5	140798200	140808200	24
chr18	19750600	19760600	23
chr1	144986400	144996400	22
chr11	1884400	1894400	4
chr9	96714200	96724200	23
chr20	61339400	61349400	2
chr12	133623800	133633800	20
chr2	66913800	66923800	9
chr22	37630600	37640600	4
chr16	15926200	15936200	15
chr19	58126200	58136200	20
chr12	133692600	133702600	20
chr9	139549400	139559400	18
chr1	144989000	144999000	22
chr17	56405200	56415200	14
chr5	140764000	140774000	20
chr5	140798800	140808800	24
chr19	58765200	58775200	20
chr15	96894800	96904800	23
chr7	63803600	63813600	20
chr22	39625600	39635600	24
chr2	45230000	45240000	1
chr19	13203000	13213000	23
chr19	58486400	58496400	20
chr19	13202800	13212800	23
chr5	50677000	50687000	24
chr16	1209400	1219400	2
chr11	133814600	133824600	9
chr17	59480800	59490800	23
chr19	13200400	13210400	23
chr7	150939800	150949800	4
chr20	61147200	61157200	13
chr9	75558400	75568400	13
chr17	29636800	29646800	18
chr1	111738200	111748200	23
chr17	29638000	29648000	14
chr19	13204200	13214200	23
chr19	58194000	58204000	20
chr17	29636400	29646400	18
chr19	13199800	13209800	23
chr21	10791400	10801400	22
chr1	178832000	178842000	11
chr19	9486000	9496000	20
chr10	42375400	42385400	22
chr11	133817000	133827000	9
chr5	92905800	92915800	12
chr2	220308600	220318600	23
chr19	37379200	37389200	21
chr13	48975400	48985400	3
chr12	5539000	5549000	12
chr19	37966600	37976600	20
chr1	111736200	111746200	23
chr19	57977200	57987200	4
chr16	86517200	86527200	6
chr5	92907600	92917600	12
chr22	28186400	28196400	12
chr13	67799400	67809400	18
chr16	31920200	31930200	20
chr2	128400400	128410400	4
chr17	5081400	5091400	20
chr19	52588000	52598000	20
chr2	128400600	128410600	4
chr19	58636000	58646000	20
chr12	133500600	133510600	20
chr19	58940800	58950800	20
chr16	86517800	86527800	6
chr19	37201600	37211600	20
chr19	57029400	57039400	21
chr19	2845000	2855000	6
chr4	49800	59800	20
chr12	54410000	54420000	4
chr4	435000	445000	20
chr19	37942200	37952200	21
chr3	75781000	75791000	20
chr19	57082400	57092400	20
chr19	9446200	9456200	20
chr19	53707000	53717000	20
chr5	92904600	92914600	12
chr4	185735800	185745800	18
chr4	88441600	88451600	15
chr19	44466200	44476200	20
