chr19	58184633	58209834	8
chr19	58237234	58262234	8
chr2	172079472	172104472	11
chr19	52298947	52323947	8
chr12	133082414	133107414	8
chr11	67266729	67291729	3
chr19	51962347	51987347	8
chr19	44473783	44501348	1
chr14	92652455	92677455	3
chr11	67268129	67293129	3
chr19	57531632	57556632	8
chr6	1601365	1626365	10
chr5	180244800	180269800	8
chr19	52067947	52092947	8
chr7	27178981	27203981	11
chr19	51874947	51899947	8
chr10	11160637	11185637	3
chr9	114363520	114388520	6
chr12	133036614	133061614	1
chr9	123996521	124021521	11
chr19	36745298	36770298	8
chr4	336211	361211	1
chr17	79790401	79815401	1
chr10	11165637	11190637	3
chr10	41840408	41865408	8
chr4	13525176	13550176	11
chr19	52015747	52040747	8
chr11	31798252	31823453	11
chr19	57978632	58003632	1
chr4	449611	474611	1
chr2	172074672	172099672	11
chr1	197902070	197927070	11
chr19	20540994	20565994	1
chr2	174321872	174346872	11
chr19	51926347	51951347	8
chr12	132992814	133017814	8
chr6	108154196	108179196	11
chr2	63044865	63069865	11
chr22	37220960	37245960	3
chr10	8032437	8057437	11
chr19	37227698	37252698	8
chr15	67816662	67841662	11
chr6	5990967	6015967	11
chr4	173500249	173525249	11
chr1	90706043	90731043	11
chr6	98824524	98849524	11
chr19	36705898	36730898	8
chr5	178865399	178890399	8
chr16	68544297	68569297	8
chr12	133181214	133206214	8
chr14	60634882	60659882	11
chr15	25058253	25083253	8
chr10	123130484	123155484	1
chr10	123130684	123155684	1
chr6	10402167	10427167	10
chr19	23361998	23386998	8
chr2	104842342	104867342	11
chr19	1249201	1274201	3
chr6	108111396	108136396	11
chr19	52541547	52566547	8
chr2	222287681	222312681	11
chr5	93570294	93595294	11
chr19	49419343	49444343	11
chr15	52782203	52807203	11
chr5	88666582	88691783	11
chr19	52110547	52135547	8
chr17	48609038	48634038	11
chr2	63042465	63067465	11
chr16	3386800	3411800	1
chr12	53982216	54007216	11
chr17	61393239	61418239	10
chr13	78585865	78610865	11
chr7	20774980	20800181	10
chr2	44931261	44956261	11
chr7	6682569	6707569	1
chr10	8030237	8055237	11
chr12	31959266	31984266	3
chr19	37420098	37445098	8
chr2	176116072	176141072	11
chr1	247136498	247161498	8
chr4	134257	161810	8
chr19	36540898	36565898	8
chr8	98936172	98961172	11
chr10	101213643	101238643	11
chr4	4850873	4875873	11
chr17	36927706	36953900	1
chr8	144825415	144850415	1
chr17	36927106	36953300	1
chr8	133052955	133077955	3
chr8	96139172	96164172	11
chr19	23221198	23246198	8
chr16	3285200	3310200	8
chr12	54277816	54302816	10
chr17	58328239	58353239	3
chr12	121788894	121813894	3
chr15	74776059	74801059	3
chr5	77623175	77648175	11
chr4	110611044	110636044	11
chr19	58118433	58143433	8
chr19	56403031	56428031	1
