chr12	114392795	114402795	24
chr7	27102381	27112381	9
chr12	114395195	114405195	24
chr9	136660348	136670348	9
chr9	136659548	136669548	9
chr17	48997638	49007638	12
chr9	136657348	136667348	9
chr17	48996438	49006438	12
chr17	48571838	48581838	24
chr16	86503994	86513994	23
chr17	48582838	48592838	23
chr2	219628278	219638278	13
chr6	118548237	118558237	1
chr7	27108981	27118981	23
chr12	114405395	114415395	24
chr7	27163181	27173181	4
chr12	114405595	114415595	24
chr2	219629278	219639278	3
chr11	114059678	114069678	9
chr14	23402391	23412391	3
chr16	86500994	86510994	23
chr8	11704891	11714891	3
chr12	53981416	53991416	23
chr17	48555238	48565238	10
chr17	48572838	48582838	24
chr1	207804855	207814855	13
chr2	219625878	219635878	4
chr16	86569794	86579794	23
chr14	23423391	23433391	11
chr6	17282569	17292569	22
chr17	48568238	48578238	23
chr17	48595038	48605038	1
chr14	23427391	23437391	4
chr1	39630728	39640728	14
chr17	61401239	61411239	23
chr17	61401439	61411439	23
chr10	95396643	95406643	11
chr4	87522248	87532248	20
chr14	23428791	23438791	4
chr20	62549193	62559193	1
chr1	201368472	201378472	9
chr12	53982216	53992216	23
chr16	54928688	54938688	9
chr10	86665843	86675843	13
chr1	207808055	207818055	9
chr14	23404591	23414591	3
chr17	61403639	61413639	23
chr3	119651153	119661153	1
chr7	27137381	27147381	12
chr5	149421637	149431637	14
chr11	114157078	114167078	9
chr16	34149133	34159133	23
chr10	86665043	86675043	13
chr11	86945758	86955758	4
chr17	39662147	39672147	23
chr6	118550037	118560037	1
chr17	48550038	48560038	10
chr17	39661547	39671547	23
chr8	11675091	11685091	1
chr1	3068836	3078836	23
chr20	44176560	44186560	13
chr17	39660347	39670347	23
chr17	48566638	48576638	23
chr9	136654548	136664548	22
chr9	35681203	35691203	11
chr19	13005586	13015586	10
chr22	30968814	30978814	20
chr4	173527849	173537849	23
chr1	148886883	148897891	9
chr16	3284200	3294200	20
chr19	51893347	51903347	4
chr20	62548393	62558393	1
chr8	11701491	11711491	22
chr18	3211002	3221002	1
chr19	9560324	9570324	20
chr9	34988203	34998203	11
chr19	56408431	56418431	21
chr16	3306400	3316400	4
chr1	220878058	220888058	11
chr19	23344798	23354798	20
chr19	37234098	37244098	21
chr14	64212282	64222282	11
chr3	46856310	46866310	1
chr1	220876258	220886258	11
chr16	86572994	86582994	23
chr17	2056306	2066306	9
chr22	30968614	30978614	20
chr4	119025445	119035445	4
chr19	57530232	57540232	20
chr8	144838015	144848015	20
chr19	57615032	57625032	4
chr7	6692569	6702569	6
chr19	52063547	52073547	20
chr9	121296322	121306322	13
chr19	36752898	36762898	20
chr20	44177360	44187360	13
chr19	58236434	58246434	20
chr12	133099614	133109614	20
chr12	133002214	133012214	20
chr12	132943414	132953414	20
