chr5	170283396	170293396	8
chr9	114362320	114372320	8
chr15	81297459	81307459	8
chr18	20931039	20941039	14
chr2	172094272	172104272	14
chr14	99248663	99258663	8
chr19	27240892	27250892	14
chr9	114373520	114383520	8
chr11	65496729	65506729	8
chr20	49277863	49287863	8
chr11	65496929	65506929	8
chr11	128473905	128483905	8
chr11	73973955	73983955	8
chr22	37232160	37242160	8
chr5	132483308	132493308	8
chr6	5994767	6004767	14
chr14	22540857	22553057	8
chr6	159035568	159045568	8
chr2	132267427	132277427	14
chr6	24855572	24865572	8
chr11	67277729	67287729	8
chr10	41839408	41849408	14
chr1	150570324	150580324	8
chr11	117987685	117997685	8
chr7	5420169	5430169	14
chr7	5419769	5429769	14
chr8	98939372	98949372	14
chr14	99253263	99263263	8
chr1	197910870	197920870	14
chr17	36932500	36943301	14
chr10	41850408	41860408	14
chr7	142784190	142804716	8
chr2	174333872	174343872	15
chr17	79796401	79806401	2
chr10	3775608	3785608	2
chr1	111189578	111199578	8
chr15	44710002	44720002	8
chr2	170813690	170823690	14
chr11	31808652	31818652	14
chr2	170813490	170823490	14
chr8	125941156	125951156	8
chr19	10286524	10296524	14
chr5	134113909	134123909	8
chr15	76335259	76345259	14
chr9	37028403	37038403	14
chr10	8043437	8053437	14
chr7	142783190	142803716	8
chr6	36593623	36603623	8
chr3	128483357	128493357	14
chr7	50353302	50363302	8
chr11	64769928	64779928	10
chr15	81293059	81303059	8
chr3	128482757	128492757	14
chr10	123141684	123151684	14
chr7	101164719	101174719	15
chr12	6952237	6962237	8
chr22	36327955	36337955	8
chr6	32841623	32851623	8
chr9	37029203	37039203	14
chr2	157412688	157422688	8
chr1	206559672	206569672	3
chr8	143928032	143938032	8
chr2	92126974	92136974	14
chr3	138935958	138945958	14
chr12	14944866	14954866	8
chr2	89823990	89833990	12
chr10	71748643	71758643	8
chr17	81392200	81402200	2
chr8	125939556	125949556	8
chr9	114378520	114388520	8
chr22	31282014	31292014	8
chr17	61402839	61412839	2
chr6	1604165	1614165	14
chr7	27151381	27161381	14
chr1	30740753	30750753	8
chr16	34147133	34157133	14
chr6	137488463	137498463	15
chr17	61403239	61413239	2
chr7	129777360	129787360	14
chr17	48609238	48619238	14
chr11	123054692	123064692	8
chr10	71760643	71770643	8
chr6	5992167	6002167	14
chr5	55224772	55234772	14
chr5	170266196	170276196	8
chr7	27164581	27174581	14
chr2	172083072	172093072	14
chr1	206907455	206917455	8
chr7	26192380	26202380	8
chr7	27183581	27193581	14
chr2	60547865	60557865	14
chr8	125938956	125948956	8
chr14	99262263	99272263	1
chr19	31347494	31357494	2
chr2	174324872	174334872	14
chr5	154473040	154483040	15
chr14	99243063	99253063	8
chr8	133052355	133062355	8
chr6	170288312	170298312	2
chr1	206907055	206917055	8
