chr7	131218200	131243200	8
chr8	72583600	72608600	8
chr1	232251400	232276400	8
chr8	30240600	30265600	8
chr16	73065400	73090400	15
chr1	18956400	18981400	15
chr2	45152200	45177200	14
chr15	53074400	53099400	15
chr11	31824800	31849800	14
chr3	147106800	147131800	15
chr10	8081800	8106800	14
chr3	147101800	147126800	14
chr1	26735200	26760200	8
chr5	50671400	50696400	14
chr14	57260800	57285800	3
chr5	87967000	87992000	14
chr1	18952600	18977600	15
chr1	91171600	91196600	14
chr20	22536800	22561800	15
chr4	111539200	111564200	14
chr10	77152200	77177200	14
chrX	39943200	39968200	15
chr6	10402400	10427400	14
chrX	39944200	39969200	15
chr17	77762000	77787000	15
chr1	91169400	91194400	14
chr17	77761600	77786600	15
chr14	38658200	38683200	8
chr15	96864000	96889000	14
chr20	31348400	31373400	3
chr17	77761400	77786400	2
chr14	38657800	38682800	8
chr20	47886200	47911200	8
chr20	47886600	47911600	8
chr9	131143600	131168600	14
chr2	105459400	105484400	14
chr9	126759600	126784600	14
chr9	126758400	126783400	14
chr15	53077800	53102800	15
chr14	61102200	61127200	14
chr1	232246800	232271800	8
chr12	115102200	115127200	14
chr10	77157000	77182000	14
chr10	124890600	124915600	14
chr6	99271600	99296600	14
chr9	129370000	129395000	14
chr11	124608200	124633200	14
chr2	237064600	237089600	15
chr1	232246600	232271600	8
chr14	38657000	38682000	8
chr2	105460200	105485200	14
chr1	119521800	119546800	14
chr16	73055200	73080200	15
chr2	64068000	64093000	3
chr1	119519400	119544400	14
chr1	43397600	43422600	4
chr10	101276200	101301200	15
chr6	10384000	10409000	15
chr2	64067400	64092400	1
chr2	172947200	172972200	14
chr2	119589200	119614200	14
chr7	96630200	96655200	14
chr6	144273200	144298200	15
chr8	38287400	38312400	8
chr6	50789800	50814800	14
chr6	100894400	100919400	14
chr4	85400200	85425200	14
chr16	67184800	67209800	14
chr15	68109200	68134200	14
chr13	100625400	100650400	14
chr14	38048600	38073600	14
chrX	25017800	25042800	14
chr6	1604400	1629400	14
chr2	74722600	74747600	14
chr17	35282600	35307600	14
chr4	13526600	13551600	14
chr12	113898600	113923600	14
chr15	96884400	96909400	14
chr12	115099200	115124200	15
chr1	47893800	47918800	14
chr5	92905200	92930200	14
chr13	112706000	112731000	14
chr1	853600	878600	14
chr8	23551400	23576400	14
chr1	221047600	221072600	14
chr2	64478000	64503000	8
chr3	27751400	27776400	14
chr12	115118400	115143400	15
chr12	48393000	48418000	14
chr3	128191800	128216800	14
chr6	28731800	28756800	14
chr1	39450800	39475800	8
chr2	175186800	175211800	14
chr7	69062000	69087000	14
chr4	54953200	54978200	14
chr4	81103600	81128600	14
chr15	37383000	37408000	14
chr14	36971800	36996800	14
chr10	118910600	118935600	14
chr2	177032800	177057800	14
