chr11	65496729	65506729	3
chr20	49277463	49287463	3
chr19	58253634	58263634	8
chr2	132267427	132277427	11
chr8	144836015	144846015	8
chr7	6687169	6697169	8
chr12	133044414	133054414	8
chr19	7075789	7085789	8
chr19	58190633	58200633	8
chr19	57614632	57624632	8
chr6	32968023	32978023	3
chr19	44476783	44487590	8
chr10	41852008	41862008	8
chr19	9562724	9572724	8
chr6	32968623	32978623	3
chr19	9525924	9535924	8
chr15	25066253	25076253	8
chr19	57979232	57989232	8
chr2	89826390	89836390	8
chr16	34147333	34157333	11
chr5	180254400	180264400	8
chr19	58203833	58214034	8
chr12	133186814	133196814	8
chr19	11941985	11951985	8
chr6	36593423	36603423	3
chr19	36710698	36720698	8
chr1	150570524	150580524	3
chr18	15410201	20940439	8
chr19	36546898	36556898	8
chr4	49647983	51794034	8
chr10	41874808	41884808	8
chr16	3283400	3293400	8
chr17	81508774	81518774	3
chr19	12522186	12532186	8
chr19	52313947	52323947	8
chr17	81509174	81519174	3
chr21	10702656	10712656	8
chr9	96756118	96766118	8
chr12	133097414	133107414	8
chr19	51964947	51974947	8
chr20	49273863	49283863	3
chr21	10725856	10735856	8
chr19	51890547	51900547	8
chr4	49145783	49155783	8
chr12	133005814	133015814	8
chr19	58127233	58137233	8
chr2	43218661	43228661	3
chr2	43218261	43228261	3
chr7	5057569	5067569	8
chr14	68786883	68796883	3
chr10	3776008	3786008	3
chr12	54277816	54287816	3
chr16	68556697	68566697	8
chr1	234603654	234613654	3
chr4	49111183	49121183	8
chr19	44490349	44500948	8
chr1	234603454	234613454	3
chr19	52111747	52121747	8
chr19	36745298	36755298	8
chr12	46364017	46374017	3
chr19	19707991	19717991	8
chr19	57569232	57579232	8
chr19	8806524	8816524	8
chr5	179615199	179625199	3
chr19	52062147	52072147	8
chr9	63816666	63826666	11
chr15	96329771	96339771	3
chr19	27240892	27250892	8
chr3	75732049	75742049	8
chr19	57681632	57691632	8
chr12	133116014	133126014	8
chr1	150568324	150578324	3
chr16	3308400	3318400	8
chr5	179614599	179624599	3
chr19	40798095	40808095	3
chr19	51992347	52002347	8
chr4	449611	459611	8
chr15	25076453	25086453	8
chr7	26194580	26204580	3
chr19	57534632	57544632	8
chr7	57486894	57496894	8
chr11	65493329	65503329	3
chr19	52031547	52041547	8
chr19	51936347	51946347	8
chr11	66637529	66647529	3
chr1	180227665	180237665	10
chr12	92137624	92147624	3
chr17	36930500	36941103	11
chr16	3380400	3390400	8
chr14	68785683	68795683	3
chr19	58430633	58440633	2
chr1	23359507	23369507	2
chr5	178712399	178722399	8
chr19	1266001	1276001	3
chr16	3400400	3410400	8
chr19	37235298	37245298	8
chr2	95143855	95153855	8
chr6	32972623	32982623	3
chr20	31235397	31245397	8
chr19	9410524	9420524	8
