chr1	155166400	155167200	8
chr1	27332600	27333400	8
chr1	203274600	203275800	14
chr4	106067600	106069000	14
chr20	50416600	50418800	1
chr4	113627400	113628200	1
chr4	113206400	113207600	14
chr1	223197000	223197400	8
chr9	100747400	100747800	14
chr18	72922600	72923400	14
chr19	4409400	4410000	8
chr11	65657600	65657800	14
chr3	32858000	32859200	1
chr22	45406000	45406400	1
chr17	17585200	17586600	14
chr1	53791200	53791400	8
chr14	22004400	22005400	1
chr1	14026200	14026400	14
chr10	3821800	3823400	8
chr15	63797800	63798000	14
chr2	231276400	231276800	14
chr6	108445200	108445800	15
chr1	11751000	11751600	1
chr10	71328800	71329600	14
chr1	27331600	27332200	8
chr2	170335800	170336400	14
chr9	124048200	124048400	15
chr11	3877400	3877800	14
chr17	7744600	7745000	14
chr8	22297800	22298000	3
chr5	89854200	89854800	1
chr6	50682400	50683800	14
chr18	56941600	56941800	14
chr11	65222200	65222600	14
chr12	123379600	123380200	14
chr6	31701800	31702000	8
chr2	237070600	237071200	15
chr11	31844400	31845000	15
chr9	20621600	20621800	14
chr10	63657000	63657600	14
chr12	12939600	12940400	14
chr12	95941800	95942400	1
chr5	113697200	113697400	1
chr22	25678000	25678200	14
chr17	32904600	32905000	15
chr12	1714600	1715200	14
chr1	21767200	21767400	14
chr9	126767600	126768200	15
chr7	149156400	149156600	14
chr21	34448000	34448400	15
chr1	156643000	156643200	8
chr1	210501800	210502000	14
chr17	47075000	47075400	1
chr1	203482400	203483000	15
chr4	147568800	147569800	14
chr12	1701600	1702800	14
chr2	207140000	207140400	14
chr15	63797600	63797800	1
chr17	47072600	47074400	1
chr8	104513400	104514000	14
chr17	46103000	46103200	14
chr6	105389600	105389800	1
chr7	152131800	152132200	2
chr7	121513000	121513800	1
chr1	33814600	33814800	14
chr9	131146400	131147400	15
chr12	113916200	113916800	14
chr3	190232000	190232600	1
chr10	111968600	111970000	14
chr1	51434400	51434600	1
chr20	3452600	3452800	14
chr7	156807000	156807800	15
chr7	72300600	72300800	2
chr7	128049800	128050200	14
chr11	22365400	22365600	14
chr2	61403600	61403800	14
chr1	231556600	231557200	14
chr6	33747600	33748600	8
chr20	21694400	21695400	14
chr10	50605600	50606200	14
chr15	91073600	91073800	14
chr7	156806400	156806600	15
chr6	160184000	160184200	8
chr17	35286600	35287200	15
chr1	23695800	23696000	14
chr10	50602800	50603400	14
chr1	18976800	18977800	15
chr7	8480800	8481400	14
chr3	52009200	52009800	14
chr9	132244200	132244400	14
chr10	50817000	50817400	14
chr13	28371000	28371800	14
chr1	210502200	210502600	1
chr7	8474800	8475400	14
chr6	100066600	100067000	14
chr11	22364600	22365000	14
chr7	32468200	32468400	14
chr7	8484000	8484200	14
chr1	208418000	208418600	14
chr9	108457200	108457400	14
