chr15	25291800	25341800	8
chr19	58677800	58727800	8
chr19	58738800	58788800	1
chr10	42354800	42404800	8
chr21	10774200	10824200	8
chr19	58471800	58521800	8
chr21	10808200	10858200	8
chr12	133655800	133705800	1
chr2	89830400	89880400	8
chr19	58040600	58090600	8
chr10	39076600	39126600	8
chr10	39081800	39131800	8
chr19	52496200	52546200	1
chr16	46386000	46436000	8
chr19	37004400	37054400	1
chr3	75745200	75795200	8
chr19	37201000	37251000	8
chr4	414800	464800	8
chr3	75758800	75808800	8
chr19	37108400	37158400	2
chr21	11091200	11141200	8
chr19	52865200	52915200	1
chr19	58662600	58712600	8
chr4	49108600	49158600	8
chr19	44955200	45005200	8
chr2	176931600	176981600	11
chr10	38772000	38822000	8
chr19	9486800	9536800	8
chr12	133483600	133533600	2
chr19	58604800	58654800	8
chr5	179660600	179710600	8
chr7	27182200	27232200	1
chr19	44954000	45004000	8
chr19	58451200	58501200	8
chr5	178348200	178398200	1
chr16	33930200	33980200	8
chr16	3414600	3464600	1
chr19	38025000	38075000	8
chr19	57029600	57079600	2
chr4	49116000	49166000	8
chr16	3330600	3380600	8
chr19	37911000	37961000	1
chr4	40600	90600	8
chr17	46662600	46712600	2
chr19	37350000	37400000	8
chr5	140762200	140812200	8
chr19	37613800	37663800	1
chr19	52549200	52599200	1
chr19	52358400	52408400	1
chr12	133757800	133807800	2
chr12	54340200	54390200	11
chr19	52790600	52840600	1
chr19	56914600	56964600	1
chr5	140763600	140813600	8
chr4	404800	454800	8
chr12	133478600	133528600	8
chr12	133722400	133772400	2
chr19	37287400	37337400	1
chr17	7117200	7167200	3
chr9	35702600	35752600	1
chr19	23518000	23568000	8
chr10	102468000	102518000	12
chr4	330000	380000	1
chr19	9633800	9683800	8
chr16	33938000	33988000	8
chr13	100603600	100653600	12
chr22	36690600	36740600	6
chr5	178369000	178419000	8
chr19	57054800	57104800	1
chr19	58258000	58308000	1
chr19	9637800	9687800	8
chr19	37592000	37642000	8
chr19	9456600	9506600	8
chr14	102458000	102508000	4
chr20	47858000	47908000	3
chr19	41767800	41817800	1
chr3	147093000	147143000	11
chr19	53700200	53750200	1
chr6	31587800	31637800	1
chr10	42377400	42427400	8
chr2	132995800	133045800	11
chr4	190555200	190605200	8
chr2	119569200	119619200	11
chr19	56932200	56982200	8
chr19	52400200	52450200	2
chr1	19405800	19455800	6
chr17	27006000	27056000	3
chr19	5585200	5635200	1
chr7	6697200	6747200	2
chr19	58560200	58610200	1
chr19	9515200	9565200	8
chr19	58095400	58145400	2
chr19	52887600	52937600	1
chr12	133566000	133616000	1
chr22	36699600	36749600	6
chr6	33238800	33288800	1
chr19	58190800	58240800	2
chr19	52350000	52400000	1
chr19	38001600	38051600	8
chr2	96922400	96972400	1
