chr7	96607200	96657200	10
chr1	156357800	156407800	3
chr12	4368000	4418000	3
chr19	58748400	58798400	8
chr12	4367200	4417200	3
chr15	25287800	25337800	8
chr12	133655400	133705400	8
chr15	89905400	89955400	3
chr19	37004200	37054200	8
chr2	176943600	176993600	10
chr10	42354600	42404600	8
chr19	37107000	37157000	8
chr19	58474800	58524800	8
chr5	140854800	140904800	3
chr7	27195400	27245400	10
chr4	418200	468200	3
chr5	178355000	178405000	8
chr5	140762200	140812200	8
chr15	96861800	96911800	3
chr6	10380600	10430600	10
chr21	10771000	10821000	8
chr22	46459600	46509600	3
chr3	66448800	66498800	3
chr4	174420200	174470200	10
chr19	37281600	37331600	8
chr2	176993800	177043800	10
chr12	54365600	54415600	10
chr12	133494600	133544600	8
chr19	23517800	23567800	8
chr4	330000	380000	3
chr4	40800	90800	8
chr19	37349600	37399600	8
chr19	9445400	9495400	8
chr19	57044200	57094200	3
chr19	37903200	37953200	8
chr19	57106000	57156000	3
chr2	105440600	105490600	3
chr10	102468000	102518000	10
chr19	56914600	56964600	8
chr2	171668400	171718400	3
chr10	80902000	80952000	6
chr10	102964400	103014400	10
chr19	37200600	37250600	8
chr9	129368600	129418600	10
chr22	46448600	46498600	3
chr2	219715800	219765800	10
chr19	37614000	37664000	8
chr2	171664000	171714000	3
chr19	58594200	58644200	8
chr19	21985400	22035400	3
chr16	68566600	68616600	8
chr7	155220600	155270600	11
chr10	102856800	102906800	10
chr19	38025600	38075600	8
chr19	1227400	1277400	3
chr2	223135800	223185800	10
chr8	11530400	11580400	10
chr15	86286800	86336800	3
chr19	19977800	20027800	1
chr19	52592600	52642600	8
chr17	46654400	46704400	11
chr16	33926200	33976200	8
chr20	61600000	61650000	10
chr16	33938800	33988800	8
chr19	1232000	1282000	3
chr19	58591400	58641400	8
chr7	6697400	6747400	3
chr7	1256400	1306400	11
chr15	93583600	93633600	3
chr21	10789200	10839200	8
chr5	42991800	43041800	10
chr4	13502000	13552000	11
chr10	8068200	8118200	10
chr5	72707800	72757800	10
chr12	56075000	56125000	3
chr1	40915200	40965200	8
chr9	36996400	37046400	10
chr2	132995600	133045600	10
chr17	55333600	55383600	3
chr12	49347800	49397800	10
chr1	156342600	156392600	3
chr4	4845000	4895000	10
chr21	38047000	38097000	10
chr17	48024800	48074800	10
chr7	27245600	27295600	11
chr10	42377600	42427600	8
chr19	52529000	52579000	8
chr2	105427600	105477600	3
chr2	89830200	89880200	8
chr19	58038600	58088600	1
chr19	58663000	58713000	8
chr19	1731600	1781600	11
chr2	171652600	171702600	3
chr16	3324400	3374400	6
chr19	52465400	52515400	8
chr5	36605000	36655000	3
chr12	133720400	133770400	8
chr4	113294600	113344600	11
chr19	37879000	37929000	8
chr15	53056400	53106400	10
