chr8	26484200	26509200	8
chr1	207976800	208001800	8
chr2	172948200	172973200	14
chr3	134071400	134096400	8
chr10	102974000	102999000	14
chr19	39195000	39220000	8
chr12	54387600	54412600	15
chr4	111532600	111557600	15
chr22	39123600	39148600	8
chr4	174436000	174461000	14
chr14	36971800	36996800	14
chr4	49635200	49660200	14
chr7	96632200	96657200	14
chr2	223151000	223176000	14
chr8	26433800	26458800	8
chr10	38772400	38797400	12
chr21	10773000	10798000	12
chr19	58697000	58722000	12
chr15	25294200	25319200	12
chr10	39102800	39127800	12
chr21	10798200	10823200	12
chr21	10830200	10855200	12
chr20	29803800	29828800	12
chr1	91169800	91194800	14
chr10	42790600	42815600	12
chr10	39076600	39101600	12
chr4	13526200	13551200	14
chr12	115110200	115135200	14
chr1	119526400	119551400	15
chr2	176946600	176971600	15
chr2	89854800	89879800	14
chr7	27170800	27195800	14
chr12	54428600	54453600	14
chr10	102484200	102509200	14
chr2	119590800	119615800	14
chr17	46678600	46703600	15
chr12	114831400	114856400	14
chr17	46638400	46663400	14
chr10	39129000	39154000	12
chr14	61102400	61127400	14
chr10	42373800	42398800	14
chr7	27206600	27231600	14
chr7	155241400	155266400	14
chr16	86525600	86550600	15
chr8	11547600	11572600	15
chr17	46801200	46826200	15
chr7	27133600	27158600	14
chr6	100893400	100918400	15
chr10	102880200	102905200	14
chr2	176980800	177005800	15
chr2	177016000	177041000	15
chr14	37114400	37139400	14
chr7	61778200	61803200	12
chr15	53075200	53100200	14
chr10	8075600	8100600	14
chr11	44323800	44348800	14
chr10	124890200	124915200	14
chr6	10402200	10427200	14
chr7	156793000	156818000	15
chr10	101279000	101304000	15
chr1	44411400	44436400	8
chr16	33876600	33901600	12
chr19	49922000	49947000	14
chr1	18954800	18979800	15
chr13	28529600	28554600	14
chr22	46484400	46509400	8
chr12	133615800	133640800	12
chr21	38061400	38086400	14
chr8	23550200	23575200	15
chr17	20899800	20924800	8
chr21	10698000	10723000	12
chr17	35282800	35307800	15
chr19	37028800	37053800	12
chr7	27231800	27256800	15
chr19	1744800	1769800	15
chr22	41904200	41929200	8
chr19	44975400	45000400	12
chr5	50671400	50696400	15
chr4	49098200	49123200	14
chr22	46481400	46506400	8
chr7	20815000	20840000	14
chr1	156444000	156469000	8
chr19	39199400	39224400	8
chr9	37019200	37044200	14
chr19	9440400	9465400	12
chr12	133674800	133699800	12
chr7	1265600	1290600	15
chr6	28731800	28756800	16
chr19	58626800	58651800	12
chr2	219844400	219869400	14
chr6	27240800	27265800	16
chr20	22540000	22565000	14
chr16	32529600	32554600	12
chr16	46431200	46456200	14
chr19	38038400	38063400	12
chr3	183515600	183540600	8
chr1	201452600	201477600	8
chr16	19870200	19895200	8
chr12	133711600	133736600	12
chr3	75771200	75796200	12
