chr1	873800	914000	4
chr14	50079400	50119800	4
chr14	53598000	53638200	4
chr14	57716800	57757000	4
chr14	58873000	58913200	4
chr14	70805200	70845400	4
chr14	71046200	71086800	4
chr14	75158800	75199000	4
chr14	78153200	78193400	4
chr14	81979200	82019400	4
chr14	92569400	92609600	4
chr14	23919600	23959800	4
chr13	115028400	115068600	4
chr13	53208200	53248400	4
chr13	52567200	52607400	4
chr13	49665400	49705600	4
chr13	46605600	46645800	4
chr13	45544600	45584800	4
chr13	45542600	45582800	4
chr13	37552200	37592400	4
chr13	30860400	30900600	4
chr12	133595000	133635200	4
chr12	133544000	133584200	4
chr12	6581600	6621800	4
chr12	51423200	51463400	4
chr12	66503400	66543600	4
chr14	45582600	45622800	4
chr12	69960200	70000400	4
chr14	45416800	45457000	4
chr14	45414800	45455000	4
chr16	381600	421800	4
chr16	2003000	2043200	4
chr16	2254600	2294800	4
chr16	23633800	23674000	4
chr16	22000800	22041000	4
chr16	89264800	89305000	4
chr16	30740400	30780600	4
chr16	53718800	53759000	4
chr16	56744800	56785000	4
chr16	69767600	69808000	4
chr16	70264200	70304400	4
chr16	72108800	72149000	4
chr16	167600	207800	4
chr15	83635800	83676000	4
chr15	75209200	75249400	4
chr15	74967400	75007600	4
chr15	59928600	59968800	4
chr15	49151200	49191400	4
chr15	44562600	44602800	4
chr15	42819800	42860000	4
chr15	35240800	35281000	4
chr14	104366800	104407000	4
chr14	104010400	104050600	4
chr14	39618400	39658600	4
chr14	45414000	45454200	4
chr14	45416000	45456200	4
chr16	15725200	15765400	4
chr12	82731000	82771200	4
chr12	108060400	108100600	4
chr10	13610000	13650200	4
chrX	153972200	154012400	4
chr10	127490800	127531000	4
chr10	69626200	69666400	4
chr10	70729600	70769800	4
chr10	99184800	99225000	4
chr10	114185600	114225800	4
chr10	114187800	114228000	4
chr10	127389000	127429400	4
chr10	12063400	12103600	4
chr9	123321200	123361400	4
chr9	15404000	15444200	4
chr9	19081800	19122000	4
chr9	32551800	32592000	4
chr9	35058600	35098800	4
chr9	74507400	74547800	4
chr9	94856600	94897000	4
chr9	116018800	116059000	4
chr9	104139800	104180000	4
chr9	7778600	7818800	4
chr8	120824200	120864400	4
chr8	95713200	95753400	4
chr8	86111800	86152000	4
chr8	74869400	74909800	4
chr8	66525200	66565600	4
chr10	18929600	18970000	4
chr12	95446000	95486200	4
chr10	35358000	35398200	4
chr11	71620800	71661200	4
chr12	109896200	109936400	4
chr12	110820200	110860400	4
chr12	110884800	110925000	4
chr12	112258200	112298600	4
chr12	117329600	117369800	4
chr12	120865000	120905400	4
chr12	121768800	121809200	4
chr12	125452600	125492800	4
chr12	133242800	133283200	4
chr12	133443200	133483400	4
chr12	4739200	4779400	4
chr11	113623200	113663400	4
