chr15	25046253	25096253	20
chr19	58229634	58279634	20
chr12	133078814	133128814	20
chr19	58164233	58214434	20
chr19	36513298	36563298	20
chr4	424611	474611	4
chr19	36710498	36760498	20
chr19	57963632	58013632	20
chr19	57529632	57579632	20
chr19	56537631	56587832	1
chr19	38647160	38697160	22
chr19	51959547	52009547	20
chr19	38648760	38698760	9
chr19	58094433	58144433	20
chr19	23335398	23385398	20
chr19	36618098	36668098	22
chr22	36323955	36373955	9
chr19	56541431	56591632	1
chr22	36325555	36375555	9
chr19	58155833	58205833	20
chr12	133029214	133079214	20
chr4	405811	455811	20
chr12	133181014	133231014	20
chr19	51855347	51905347	20
chr19	36858698	36908698	20
chr19	37123498	37173498	1
chr19	36794898	36844898	20
chr19	37412498	37462498	20
chr12	133143814	133193814	20
chr22	36291754	36341955	9
chr4	336011	386011	4
chr12	132907414	132957414	20
chr5	180243800	180293800	20
chr8	143911432	143961432	1
chr19	51850747	51900747	20
chr19	37532298	37582499	20
chr19	52033147	52083147	20
chr10	119031688	119081688	3
chr19	57947832	57997832	20
chr19	52287547	52337547	1
chr19	44447612	44501548	20
chr19	52089347	52139347	1
chr19	9336724	9386724	20
chr8	143914832	143964832	1
chr19	52364947	52414947	1
chr19	36728498	36778498	20
chr19	56403031	56453031	1
chr19	56403631	56453631	1
chr4	344011	394011	20
chr19	37382698	37432698	20
chr12	132910414	132960414	20
chr19	15249789	15299789	9
chr20	35694278	35744278	1
chr14	21220441	21270441	1
chr15	92881370	92931370	1
chr19	53203147	53253147	20
chr19	15255389	15305389	9
chr17	77424118	77474118	3
chr16	3370400	3420400	1
chr17	77426118	77476118	3
chr1	2227161	2277161	1
chr10	79066843	79116843	1
chr19	9375924	9425924	20
chr20	62904848	62954848	1
chr16	3276800	3326800	20
chr2	176066872	176116872	23
chr20	47311656	47361656	9
chr9	131393013	131443013	9
chr15	92878970	92928970	1
chr17	7213881	7263881	1
chr12	120216197	120266197	22
chr14	73738297	73788297	3
chr11	62525728	62575728	1
chr10	100710043	100760043	23
chr19	55634234	55684234	1
chr19	1237001	1287001	1
chr17	20994687	21044687	22
chr1	26692109	26742109	1
chr14	68930683	68980683	1
chr4	50506	104113	4
chr1	27554889	27604889	3
chr17	38867347	38917347	1
chr17	82225324	82275324	3
chr1	26693309	26743309	1
chr12	110279995	110329995	3
chr16	70521497	70571497	3
chr7	157335906	157385906	1
chr15	96320771	96370771	1
chr10	80453844	80503844	22
chr10	125112631	125162631	1
chr19	37111298	37161298	20
chr7	27163581	27213581	2
chr22	49778352	49828352	22
chr12	53452016	53502016	22
chr6	31619623	31669623	1
chr17	48705438	48755438	23
chr7	27166181	27216181	2
chr4	10068776	10118776	1
chr2	176118072	176168072	2
chr17	48577038	48627038	2
