chr17	41378000	41388000	14
chr17	45247200	45257200	14
chr17	41392000	41402000	14
chr3	196625200	196635200	14
chr20	47895600	47905600	8
chr17	45257400	45267400	1
chr17	45212600	45222600	12
chrX	115003200	115013200	14
chr12	2355600	2365600	12
chr19	58740600	58750600	2
chr20	34322400	34332400	1
chr17	76347600	76357600	3
chr1	150540200	150550200	8
chr6	133133000	133143000	1
chr2	208626400	208636400	1
chr5	140691400	140701400	12
chr14	75740000	75750000	8
chr17	56075800	56085800	8
chr16	89623200	89633200	8
chr3	186499600	186509600	8
chr7	158378200	158388200	14
chr6	32936200	32946200	7
chr14	69251800	69261800	8
chr1	153956800	153966800	1
chr1	145434800	145444800	8
chr6	30455800	30465800	8
chr17	79475800	79485800	8
chr1	35649600	35659600	7
chr11	122927000	122937000	1
chr20	42085200	42095200	1
chr11	65266600	65276600	8
chr22	39917400	39927400	8
chr5	179042200	179052200	8
chr11	8703000	8713000	8
chr13	45907000	45917000	1
chr19	54704400	54714400	7
chr1	86040800	86050800	8
chr3	156869800	156879800	8
chr6	31506600	31516600	8
chr4	174248000	174258000	1
chr12	85800	95800	14
chr19	49370200	49380200	8
chr13	80908200	80918200	1
chr14	102545800	102555800	8
chr17	39844000	39854000	8
chr5	172191600	172201600	8
chr7	5563800	5573800	8
chr6	31318400	31328400	1
chr19	42363200	42373200	8
chr12	56431000	56441000	1
chr19	55893400	55903400	3
chr12	133343600	133353600	5
chr5	40826800	40836800	1
chr12	46758200	46768200	1
chr2	217362200	217372200	8
chr9	19371400	19381400	1
chr15	25016600	25026600	2
chr6	37135800	37145800	2
chr14	103798000	103808000	1
chr17	1959600	1969600	8
chr7	26234400	26244400	7
chr3	52022400	52032400	8
chr12	89739600	89749600	1
chr6	36560800	36570800	8
chr17	73772400	73782400	3
chr3	133288600	133298600	2
chr6	74224400	74234400	8
chr11	62618800	62628800	1
chr10	17268400	17278400	1
chr2	101618000	101628000	8
chr12	54671600	54681600	8
chr1	203271400	203281400	8
chr9	127995200	128005200	7
chr5	140473600	140483600	12
chr9	130206000	130216000	8
chr14	35866600	35876600	8
chr11	64537600	64547600	1
chr11	65188400	65198400	3
chr20	29610600	29620600	12
chrX	153625200	153635200	8
chr12	6641200	6651200	8
chr6	35435200	35445200	8
chr1	32797800	32807800	2
chr22	36723200	36733200	8
chr1	234734400	234744400	8
chr17	16340400	16350400	3
chr22	39704600	39714600	8
chr15	39870800	39880800	1
chr19	17970000	17980000	2
chr19	57979600	57989600	12
chr11	61730000	61740000	3
chr22	50355000	50365000	8
chr2	97530400	97540400	1
chr11	9589800	9599800	1
chr5	140705600	140715600	12
chr1	173831000	173841000	1
chr11	57407200	57417200	14
chr19	52390200	52400200	12
chr13	45004600	45014600	1
chr1	113240600	113250600	8
