chr7	61969400	61969600	14	12.2886	1	(14,14)	10.4348	1	14.1425
chr6	58779000	58779200	14	12.2886	1	(14,14)	10.4348	1	14.1425
chr3	196625600	196625800	14	12.2886	1	(14,14)	10.4348	1	14.1425
chr10	98561400	98561600	14	12.2886	1	(14,14)	10.4348	1	14.1425
chrX	61717800	61718000	14	13.7787	1	(14,14)	13.7787	1	13.7787
chr8	43831600	43831800	14	13.7787	1	(14,14)	13.7787	1	13.7787
chr21	9827200	9827400	14	13.7787	1	(14,14)	13.7787	1	13.7787
chr20	26190000	26190200	14	13.7787	1	(14,14)	13.7787	1	13.7787
chr1	91853000	91853200	14	13.7787	1	(14,14)	13.7787	1	13.7787
chr12	127650400	127650600	14	13.7787	1	(14,14)	13.7787	1	13.7787
chr1	145075800	145076000	14	13.7787	1	(14,14)	13.7787	1	13.7787
chr1	121485200	121485400	14	13.7787	1	(14,14)	13.7787	1	13.7787
chr17	41382000	41382200	8	6.22747	1	(8,14)	5.75653	1	13.5727
chr2	92305800	92306000	14	10.3836	1	(14,14)	7.58397	1	13.5302
chr10	3822600	3822800	8	10.4526	1	(8,8)	7.53741	1	13.5191
chr22	50356800	50357000	8	11.9169	1	(8,8)	10.3727	1	13.4611
chr17	79478200	79478400	8	9.02032	1	(2,8)	7.67743	1	13.4453
chr20	47896600	47896800	8	11.8922	1	(8,8)	10.3727	1	13.4116
chr19	1275000	1275200	8	10.3967	1	(8,8)	7.53741	1	13.3564
chr14	35871800	35872000	8	10.3967	1	(8,8)	7.53741	1	13.3564
chrX	136520400	136520600	14	11.8233	1	(14,14)	10.4348	1	13.2118
chr6	119558600	119558800	14	11.8233	1	(14,14)	10.4348	1	13.2118
chr5	71146800	71147000	14	11.8233	1	(14,14)	10.4348	1	13.2118
chr4	190943800	190944000	14	11.8233	1	(14,14)	10.4348	1	13.2118
chr2	230045400	230045600	14	11.8233	1	(14,14)	10.4348	1	13.2118
chr21	9696200	9696400	14	11.8233	1	(14,14)	10.4348	1	13.2118
chr2	133012800	133013000	14	11.8233	1	(14,14)	10.4348	1	13.2118
chr19	36066600	36066800	14	11.8233	1	(14,14)	10.4348	1	13.2118
chr19	27732000	27732200	14	11.8233	1	(14,14)	10.4348	1	13.2118
chr18	18520200	18520400	14	11.8233	1	(14,14)	10.4348	1	13.2118
chr17	45234400	45234600	14	11.8233	1	(14,14)	10.4348	1	13.2118
chr17	33478200	33478400	14	11.8233	1	(14,14)	10.4348	1	13.2118
chr16	46395400	46395600	14	11.8233	1	(14,14)	10.4348	1	13.2118
chr16	33963200	33963400	14	11.8233	1	(14,14)	10.4348	1	13.2118
chr14	88237800	88238000	14	11.8233	1	(14,14)	10.4348	1	13.2118
chr13	28033800	28034000	14	11.8233	1	(14,14)	10.4348	1	13.2118
chr12	20704400	20704600	14	11.8233	1	(14,14)	10.4348	1	13.2118
chr1	156186200	156186400	14	11.8233	1	(14,14)	10.4348	1	13.2118
chr19	49378000	49378200	8	8.94854	1	(1,8)	7.53386	1	13.1486
chrX	58561200	58561400	14	8.75095	1	(14,14)	5.21486	1	13.1419
chr9	72653200	72653400	14	8.75095	1	(14,14)	5.21486	1	13.1419
chr2	133034600	133034800	14	11.7454	1	(14,14)	10.4348	1	13.056
chr2	133025600	133025800	14	11.7454	1	(14,14)	10.4348	1	13.056
chr2	133017200	133017400	14	11.7454	1	(14,14)	10.4348	1	13.056
chr2	133015200	133015400	14	11.7454	1	(14,14)	10.4348	1	13.056
chr16	33955800	33956000	14	11.7454	1	(14,14)	10.4348	1	13.056
chr16	33953200	33953400	14	11.7454	1	(14,14)	10.4348	1	13.056
chr7	5568400	5568600	8	10.2086	1	(8,8)	7.53741	1	13.048
chr17	39846400	39846600	8	10.2086	1	(8,8)	7.53741	1	13.048
chr16	30078600	30078800	8	10.2086	1	(8,8)	7.53741	1	13.048
chr19	3984000	3984200	8	10.1807	1	(8,8)	7.53741	1	13.0129
chr9	110249400	110249600	8	6.16782	1	(2,8)	4.9233	1	12.9675
chr12	34372600	34372800	14	10.2191	1	(14,14)	7.58397	1	12.9271
chr9	68413800	68414000	14	10.1709	1	(14,14)	7.58397	1	12.8631
chr9	44993200	44993400	14	10.1709	1	(14,14)	7.58397	1	12.8631
chr8	70602400	70602600	14	10.1709	1	(14,14)	7.58397	1	12.8631
chr8	46852400	46852600	14	10.1709	1	(14,14)	7.58397	1	12.8631
chr8	43838600	43838800	14	10.1709	1	(14,14)	7.58397	1	12.8631
chr6	58773800	58774000	14	10.1709	1	(14,14)	7.58397	1	12.8631
chr5	49405800	49406000	14	10.1709	1	(14,14)	7.58397	1	12.8631
chr4	70296600	70296800	14	10.1709	1	(14,14)	7.58397	1	12.8631
chr2	92296800	92297000	14	10.1709	1	(14,14)	7.58397	1	12.8631
chr2	92281400	92281600	14	10.1709	1	(14,14)	7.58397	1	12.8631
chr18	108200	108400	14	10.1709	1	(14,14)	7.58397	1	12.8631
chr17	22261600	22261800	14	10.1709	1	(14,14)	7.58397	1	12.8631
chr16	46407600	46407800	14	10.1709	1	(14,14)	7.58397	1	12.8631
chr16	46405000	46405200	14	10.1709	1	(14,14)	7.58397	1	12.8631
chr16	46403600	46403800	14	10.1709	1	(14,14)	7.58397	1	12.8631
chr16	46394400	46394600	14	10.1709	1	(14,14)	7.58397	1	12.8631
chr11	85195000	85195200	14	10.1709	1	(14,14)	7.58397	1	12.8631
chr10	42534600	42534800	14	10.1709	1	(14,14)	7.58397	1	12.8631
chr9	79186800	79187000	14	11.6335	1	(14,14)	10.4348	1	12.8321
chr8	82754600	82754800	14	11.6334	1	(14,14)	10.4348	1	12.8321
chr2	133026800	133027000	14	11.6335	1	(14,14)	10.4348	1	12.8321
chr17	31149800	31150000	14	11.6335	1	(14,14)	10.4348	1	12.8321
chr16	33957200	33957400	14	11.6335	1	(14,14)	10.4348	1	12.8321
chr22	39919000	39919200	8	8.7058	1	(8,8)	5.18161	1	12.8133
chr3	75708000	75708200	14	11.6177	1	(14,14)	10.4348	1	12.8006
chr5	172195800	172196000	8	7.51962	1	(1,8)	8.45541	1	12.7802
chr8	146016800	146017000	8	8.70042	1	(8,8)	5.18161	1	12.7531
chr9	68455800	68456000	14	7.21808	1	(12,14)	5.58485	1	12.7431
chr9	66455400	66455600	14	8.52584	1	(14,14)	5.21486	1	12.6839
chr1	145441200	145441400	8	7.26784	1	(4,8)	6.0759	1	12.5866
chr9	66458400	66458600	14	9.89501	1	(14,14)	7.58397	1	12.5495
chr20	42087800	42088000	8	7.21693	1	(4,8)	6.0759	1	12.5395
chr17	7477600	7477800	8	7.35408	1	(2,8)	6.28826	1	12.5037
chr8	43825600	43825800	14	8.63153	1	(12,14)	6.83334	1	12.4962
chr4	68265400	68265600	14	8.63153	1	(12,14)	6.83334	1	12.4962
chr4	49659600	49659800	14	8.63153	1	(12,14)	6.83334	1	12.4962
chr2	92320200	92320400	14	8.63153	1	(12,14)	6.83334	1	12.4962
chr2	92276000	92276200	14	8.63153	1	(12,14)	6.83334	1	12.4962
chr2	89879200	89879400	14	8.63153	1	(12,14)	6.83334	1	12.4962
chr19	24184000	24184200	14	8.63153	1	(12,14)	6.83334	1	12.4962
chr16	46432800	46433000	14	8.63153	1	(12,14)	6.83334	1	12.4962
chr16	46417200	46417400	14	8.63153	1	(12,14)	6.83334	1	12.4962
chr16	46406400	46406600	14	8.63153	1	(12,14)	6.83334	1	12.4962
chr16	46386600	46386800	14	8.63153	1	(12,14)	6.83334	1	12.4962
chr1	121478600	121478800	14	8.63153	1	(12,14)	6.83334	1	12.4962
chr1	121356000	121356200	14	8.63153	1	(12,14)	6.83334	1	12.4962
chr3	134090000	134090200	8	11.3993	1	(8,8)	10.3727	1	12.4258
