chr4	182885000	182885200	8	8.99095	1	(8,12)	14.5034	1	17.9357
chr13	109784400	109784600	8	5.80527	1	(2,8)	3.95824	1	17.7879
chr7	27100800	27101000	8	9.31256	1	(8,15)	7.28191	1	17.7873
chr19	36775400	36775600	4	4.59971	1	(4,13)	3.49034	1	17.7342
chr19	56942800	56943000	1	4.85303	1	(1,12)	3.95824	1	17.6984
chr2	215433000	215433200	14	4.6441	1	(5,14)	3.79157	1	17.6791
chr5	141319800	141320000	12	4.9159	1	(3,12)	3.52741	1	17.5194
chrX	134544400	134544600	15	4.73941	1	(8,15)	3.22618	1	17.2401
chr11	114298400	114298600	13	5.07719	1	(8,13)	3.57125	1	17.0657
chr4	182885200	182885400	12	8.52443	1	(8,12)	6.85108	1	17.0201
chr19	2850400	2850600	12	8.52443	1	(8,12)	6.85108	1	17.0201
chr17	63826000	63826200	7	4.65911	1	(2,7)	3.69407	1	16.9883
chr19	9362800	9363000	12	4.67847	1	(4,12)	3.45824	1	16.9667
chr19	36775600	36775800	12	4.75405	1	(1,12)	3.45824	1	16.9545
chr4	176237600	176237800	8	5.35032	1	(3,8)	3.69407	1	16.8449
chr2	66574400	66574600	15	4.61164	1	(2,15)	3.69407	1	16.8415
chr22	44701800	44702000	9	4.79493	1	(9,14)	3.42991	1	16.8317
chr5	179619000	179619200	4	4.9645	1	(4,8)	3.79157	1	16.7791
chr20	49280800	49281000	8	11.9101	1	(8,12)	9.70898	1	16.7646
chr3	64561400	64561600	8	7.43021	1	(2,8)	6.21653	1	16.7461
chr11	114063600	114063800	8	9.02204	1	(8,16)	13.0854	1	16.6814
chr4	138241600	138241800	15	4.81154	1	(1,15)	3.45824	1	16.6794
chr6	58451600	58451800	14	7.38493	1	(8,14)	6.35983	1	16.6392
chr17	47137200	47137400	14	7.38493	1	(8,14)	6.35983	1	16.6392
chr17	43304800	43305000	14	7.24525	1	(8,14)	7.26532	1	16.6299
chr10	41839800	41840000	12	7.14433	1	(8,12)	6.79066	1	16.6163
chr11	1310400	1310600	12	4.55504	1	(4,12)	3.19407	1	16.597
chr19	57057800	57058000	13	7.93993	1	(3,13)	6.91647	1	16.577
chr2	184599600	184599800	15	8.1688	1	(10,15)	6.06202	1	16.5756
chr10	73466000	73466200	1	7.99277	1	(1,5)	7.41647	1	16.5702
chr4	7986000	7986200	7	4.92847	1	(7,14)	3.95824	1	16.5539
chr9	134645200	134645400	8	4.54481	1	(8,15)	3.42991	1	16.5336
chr5	150947200	150947400	12	7.93796	1	(4,12)	6.98564	1	16.4952
chr22	18890800	18891000	14	7.61973	1	(8,14)	6.45511	1	16.4791
chr3	184604800	184605000	15	8.02588	1	(4,15)	5.93943	1	16.476
chr2	102764200	102764400	2	7.5416	1	(2,7)	7.38815	1	16.4085
chr20	45408600	45408800	8	8.39586	1	(8,16)	6.60474	1	16.4012
chr7	130273200	130273400	14	4.62509	1	(10,14)	3.69407	1	16.3654
chr2	237291400	237291600	13	4.87075	1	(3,13)	3.45824	1	16.3214
chr10	125896600	125896800	12	8.03673	1	(1,12)	6.62399	1	16.3172
chr15	48412800	48413000	15	4.89826	1	(5,15)	3.42991	1	16.2599
chr4	5712000	5712200	14	7.20519	1	(13,14)	6.52208	1	16.2486
chr6	111759000	111759200	8	7.40483	1	(8,15)	6.6561	1	16.2108
chr19	11100200	11100400	8	7.40483	1	(8,15)	6.6561	1	16.2108
chr8	38788600	38788800	15	8.03419	1	(8,15)	5.84369	1	16.2032
chr19	49497600	49497800	8	7.94901	1	(4,8)	5.74869	1	16.1998
chr15	53978000	53978200	13	4.81979	1	(1,13)	3.38166	1	16.1951
chr5	141100400	141100600	12	7.42913	1	(1,12)	6.21776	1	16.1756
chr7	27100600	27100800	15	4.43329	1	(8,15)	3.49034	1	16.1639
chr19	46408600	46408800	15	7.97801	1	(8,15)	5.84369	1	16.1597
chr6	111870800	111871000	15	8.4721	1	(1,15)	12.5257	1	16.1403
chr2	158656600	158656800	15	4.74362	1	(8,15)	3.42991	1	16.1402
chr6	111427600	111427800	3	5.08861	1	(3,13)	3.79157	1	16.113
chr17	68879800	68880000	8	4.87197	1	(8,12)	3.6249	1	16.1126
chr15	81003000	81003200	14	7.65468	1	(7,14)	6.5937	1	16.1111
chr9	62802800	62803000	14	8.40134	1	(13,14)	13.4925	1	16.1036
chr7	108000400	108000600	8	7.29582	1	(8,14)	6.43808	1	16.0903
chr3	196898600	196898800	14	7.50186	1	(7,14)	6.5937	1	16.0828
chr10	79828000	79828200	9	4.48899	1	(2,9)	3.69407	1	16.08
chr20	49281200	49281400	12	7.24284	1	(8,12)	6.79066	1	16.0657
chr2	215433200	215433400	15	8.37971	1	(5,15)	6.35651	1	16.0529
chr17	48546600	48546800	3	4.12923	1	(3,16)	3.57125	1	16.0398
chr17	22747600	22747800	13	6.66267	1	(13,14)	6.21388	1	16.0392
chr6	26225400	26225600	8	4.26225	1	(8,16)	3.23791	1	16.0255
chr8	1897000	1897200	15	8.24663	1	(8,15)	12.0747	1	16.0233
chr13	110298800	110299000	15	8.24663	1	(8,15)	12.0747	1	16.0233
chr17	1031600	1031800	15	4.74019	1	(4,15)	3.27699	1	16.022
chr19	44411000	44411200	14	4.31741	1	(13,14)	3.49034	1	16.0192
chr19	58054800	58055000	15	4.85544	1	(1,15)	3.45824	1	16.0076
chr19	9363000	9363200	2	7.55308	1	(2,12)	6.64858	1	16.0006
chr8	46917800	46918000	3	5.68735	1	(3,13)	3.95824	1	15.9989
chr8	16755200	16755400	15	4.72895	1	(1,15)	3.45824	1	15.9983
chr19	57053400	57053600	13	7.41745	1	(3,13)	6.91647	1	15.9694
chr12	65823200	65823400	15	8.1075	1	(4,15)	5.93943	1	15.9679
chr1	8041000	8041200	13	6.83759	1	(13,15)	7.15231	1	15.9582
chr5	123655000	123655200	12	7.55495	1	(12,15)	6.25264	1	15.9572
chr2	161281600	161281800	12	7.55495	1	(12,15)	6.25264	1	15.9572
chr17	68880000	68880200	12	7.40477	1	(8,12)	7.31898	1	15.9556
chr4	184783200	184783400	5	7.48225	1	(4,5)	7.13306	1	15.9494
chr19	12867400	12867600	4	7.71949	1	(4,15)	6.44275	1	15.9442
chr3	49356800	49357000	7	4.73835	1	(4,7)	3.40458	1	15.9422
chr19	37550800	37551000	3	7.16715	1	(3,12)	7.07574	1	15.9348
chr11	73875400	73875600	7	4.73719	1	(3,7)	3.79157	1	15.9322
chr1	1406200	1406400	4	10.6651	1	(4,8)	10.5198	1	15.925
chr3	184605000	184605200	3	4.45915	1	(3,11)	3.10335	1	15.9146
chr19	46411600	46411800	14	7.95973	1	(8,14)	12.4083	1	15.9031
chr6	31728600	31728800	15	4.8868	1	(3,15)	3.38166	1	15.8942
chr8	48923400	48923600	15	4.12519	1	(9,15)	3.06531	1	15.8916
chr5	141423400	141423600	12	6.95763	1	(12,15)	6.12566	1	15.8759
chr11	114301400	114301600	13	7.11686	1	(8,13)	7.09866	1	15.8737
chr22	30970200	30970400	3	7.21586	1	(3,12)	6.64491	1	15.8649
chr2	46347600	46347800	9	4.24494	1	(5,9)	3.52741	1	15.8642
chr19	58182400	58182600	3	7.19145	1	(3,12)	6.64491	1	15.8599
chr5	141172600	141172800	2	8.06055	1	(2,12)	12.554	1	15.8584
chr5	150671600	150671800	14	7.52799	1	(7,14)	6.737	1	15.8582
chr7	107993600	107993800	8	7.00882	1	(8,15)	5.41865	1	15.8496
chr5	178940000	178940200	12	7.79979	1	(3,12)	7.17323	1	15.8493
chr5	891400	891600	4	7.51428	1	(4,8)	6.72826	1	15.8393
chr1	78490400	78490600	14	7.18828	1	(13,14)	6.61417	1	15.8248
chr4	213400	213600	13	4.77575	1	(4,13)	3.49034	1	15.8174
