chr15	25051053	25076053	8
chr19	58189033	58214234	8
chr19	58242034	58267034	8
chr10	41841408	41866408	8
chr12	133039214	133064214	8
chr4	49632983	51794034	8
chr2	89816190	89841190	8
chr19	44473383	44500948	1
chr21	10704656	10729656	8
chr4	49096183	49121183	8
chr7	6682569	6707569	8
chr19	57969832	57994832	8
chr12	133082414	133107414	8
chr12	133181414	133206414	8
chr19	36537698	36562698	8
chr10	38834869	38859869	8
chr4	430611	455611	8
chr7	6673569	6698569	8
chr19	58118433	58143433	8
chr10	38510872	38581869	8
chr20	30417124	31240197	8
chr19	57531432	57556432	8
chr10	42297552	42322552	8
chr10	41866608	42107952	8
chr10	38783469	38808469	8
chr19	36705898	36730898	8
chr21	10651856	10676856	8
chr19	52305147	52330147	8
chr16	68550497	68575497	8
chr2	176078472	176103472	11
chr3	75717849	75742849	8
chr12	133133214	133158214	8
chr11	31798252	31823453	10
chr5	180244600	180269600	8
chr10	123131084	123156084	11
chr1	90705843	90730843	11
chr3	75716649	75741649	8
chr2	172082072	172107072	11
chr10	8032637	8057637	11
chr10	100727643	100752643	11
chr15	25076253	25101253	8
chr10	101213843	101238843	11
chr2	172080872	172105872	11
chr19	58113033	58138033	8
chr17	79790201	79815201	1
chr19	58168433	58193433	8
chr16	34139933	34164933	11
chr19	52015947	52040947	8
chr17	48610038	48635038	11
chr15	52782603	52807603	11
chr19	36809698	36834698	8
chr8	144826015	144851015	1
chr9	123996321	124021321	11
chr12	132993014	133018014	8
chr7	155447505	155472505	11
chr17	48730438	48755438	12
chr15	67816662	67841662	11
chr10	101120843	101145843	11
chr2	132254227	132279227	11
chr19	1250201	1275201	3
chr16	46382888	46407888	8
chr19	9559924	9584924	1
chr17	36928100	36954100	11
chr11	44302050	44327050	10
chr19	1248001	1273001	3
chr16	46383088	46408088	8
chr4	49140983	49165983	8
chr4	13522976	13547976	11
chr2	218979678	219004678	11
chr17	79795601	79820601	12
chr17	36929900	36955900	11
chr16	68554697	68579697	8
chr19	7068989	7093989	8
chr6	99595324	99620324	11
chr7	156999106	157024106	11
chr9	37018803	37043803	11
chr19	44460181	44486590	8
chr19	52106947	52131947	8
chr2	222288881	222313881	11
chr12	133051814	133076814	8
chr12	133192614	133217614	8
chr19	9514124	9539124	8
chr1	18628506	18653506	12
chr13	78585665	78610665	10
chr12	132925414	132950414	8
chr14	36502595	36527595	11
chr2	176106072	176131072	11
chr2	44931061	44956061	11
chr7	97002888	97027888	11
chr12	121793094	121818094	1
chr4	418411	443411	8
chr8	11680691	11705691	11
chr5	77623975	77648975	11
chr4	4851073	4876073	11
chr4	10092776	10117776	3
chr19	57960432	57985432	8
chr19	51872547	51897547	8
chr7	27181981	27206981	11
chr19	1744801	1769801	12
chr19	51962147	51987147	1
