chr7	5563000	5573000	11
chr6	74224000	74234000	11
chr1	113240800	113250800	11
chr15	44084000	44094000	11
chr19	50181400	50191400	11
chr20	33863800	33873800	11
chr5	140892200	140902200	11
chr16	57504400	57514400	11
chrX	47073200	47083200	11
chr12	118490200	118500200	11
chr1	153714600	153724600	11
chr5	140993600	141003600	11
chr9	130697600	130707600	11
chr11	61204200	61214200	11
chr2	38964600	38974600	11
chr1	155034600	155044600	11
chr12	109191400	109201400	11
chr19	10745800	10755800	11
chr16	90053200	90063200	11
chr16	66762000	66772000	11
chr10	71142600	71152600	11
chr17	76408800	76418800	11
chr19	46023200	46033200	11
chr1	117635000	117645000	11
chr22	28245600	28255600	11
chr20	31377800	31387800	11
chr6	35046400	35056400	11
chr17	44103600	44113600	11
chrX	13774800	13784800	11
chr1	223957200	223967200	11
chr21	44833600	44843600	11
chr2	27656000	27666000	11
chr2	65296600	65306600	11
chr11	130007000	130017000	11
chr2	54888000	54898000	11
chr17	4084200	4094200	11
chr22	40720600	40730600	11
chr7	128593600	128603600	11
chr11	68657200	68667200	11
chr12	120110400	120120400	11
chr20	55940600	55950600	11
chr16	75330600	75340600	11
chr22	31661800	31671800	11
chr7	137583400	137593400	11
chr1	16254600	16264600	11
chr7	98628600	98638600	11
chr8	37982200	37992200	11
chr3	185400400	185410400	11
chr3	186787400	186797400	11
chrX	153761200	153771200	11
chr1	206619400	206629400	11
chr16	70512400	70522400	11
chr4	146759400	146769400	11
chr17	417800	427800	11
chr16	31137600	31147600	11
chr5	131003600	131013600	11
chr20	30152200	30162200	11
chr2	27594800	27604800	11
chr12	132530600	132540600	11
chr1	180950400	180960400	11
chr22	50876000	50886000	11
chr9	37423200	37433200	11
chr1	47141000	47151000	11
chr7	148762000	148772000	11
chr19	47704800	47714800	11
chr20	30142200	30152200	11
chr3	129015400	129025400	11
chr12	57668400	57678400	11
chr12	53607000	53617000	11
chr15	66788800	66798800	11
chr7	100270600	100280600	11
chr11	63669200	63679200	11
chr20	35212400	35222400	11
chr12	124901400	124911400	11
chr1	151277600	151287600	11
chr7	148463200	148473200	11
chr17	80732800	80742800	11
chr17	4133000	4143000	11
chr22	38328000	38338000	11
chr11	65265000	65275000	9
chr11	65185200	65195200	9
chr11	118786400	118796400	9
chr10	126839800	126849800	9
chr20	47893000	47903000	9
chr2	43445400	43455400	9
chr16	2199400	2209400	9
chr22	36723200	36733200	9
chr12	122235200	122245200	9
chr20	17943400	17953400	9
chr22	36756800	36766800	9
chr7	26235400	26245400	9
chr17	79475600	79485600	9
chr20	45976400	45986400	9
chr14	69253800	69263800	9
chr1	234738200	234748200	9
chr19	39152600	39162600	9
chr8	145013200	145023200	9
chr1	28831600	28841600	9
chr12	92530400	92540400	9
chr10	114708800	114718800	9
