chr17	45249400	45249600	14	7.18811	1	(7,14)	2.92737	1	17.9034
chr11	65272800	65273000	8	7.80549	1	(1,8)	8.07701	1	17.3019
chr17	41466400	41466600	3	9.42541	1	(3,14)	7.38443	1	17.0479
chr19	56158800	56159000	3	9.18745	1	(3,4)	5.58089	1	16.8908
chr17	45259000	45259200	14	8.86108	1	(7,14)	3.91241	1	16.8119
chr1	28836400	28836600	8	11.7088	1	(8,8)	7.39907	1	16.7252
chr15	82335600	82335800	8	5.18347	1	(8,14)	3.9476	1	16.6625
chr20	47896400	47896600	8	5.28864	1	(8,12)	3.6859	1	16.6301
chr15	64995800	64996000	3	6.64523	1	(3,8)	3.31273	1	16.6001
chr15	63339200	63339400	8	9.54615	1	(8,8)	4.56529	1	16.5347
chr17	7138000	7138200	8	7.30541	1	(3,8)	7.65603	1	16.5211
chr7	99697400	99697600	8	9.34054	1	(4,8)	6.74047	1	16.4463
chr17	41400400	41400600	8	6.7294	1	(8,14)	5.55591	1	16.438
chr17	45221200	45221400	7	7.16288	1	(7,14)	6.10718	1	16.3291
chr19	50000800	50001000	4	6.58604	1	(4,8)	5.0446	1	16.3125
chr1	32800000	32800200	8	11.6086	1	(8,8)	7.44646	1	16.2835
chr17	41382200	41382400	14	4.64212	1	(7,14)	3.64523	1	16.2292
chr3	51429800	51430000	8	7.21802	1	(8,12)	5.13468	1	16.2259
chr19	54932600	54932800	8	5.55107	1	(8,16)	3.92603	1	16.213
chr1	203889600	203889800	16	4.43487	1	(8,16)	2.22436	1	16.1928
chr1	9471200	9471400	10	6.23145	1	(7,10)	2.84715	1	16.1784
chr5	176899200	176899400	8	6.88874	1	(3,8)	5.10502	1	16.1612
chr7	5567400	5567600	8	13.5711	1	(8,8)	10.9835	1	16.1587
chr22	39919200	39919400	8	13.5711	1	(8,8)	10.9835	1	16.1587
chr12	6645400	6645600	8	13.5711	1	(8,8)	10.9835	1	16.1587
chr17	45214400	45214600	12	6.10316	1	(12,15)	4.81428	1	16.1389
chr12	133343800	133344000	12	2.55519	1	(3,12)	1.06052	1	16.1319
chr19	59066800	59067000	8	7.27738	1	(3,8)	7.87118	1	16.1242
chr11	62474600	62474800	3	9.25565	1	(3,8)	6.52999	1	16.1106
chr1	45098600	45098800	3	6.65076	1	(3,8)	2.8191	1	16.0637
chr13	80911000	80911200	8	5.02254	1	(2,8)	3.52833	1	16.0574
chr10	102119400	102119600	7	6.43178	1	(7,8)	4.79358	1	16.0437
chr18	3456200	3456400	8	8.87754	1	(8,8)	4.21335	1	16.0158
chr19	49992600	49992800	8	11.1596	1	(3,8)	8.21688	1	16.0028
chr17	7478000	7478200	8	8.95444	1	(4,8)	6.64883	1	15.9852
chr17	41400800	41401000	9	6.2751	1	(9,14)	5.72007	1	15.9673
chr1	166810200	166810400	3	6.93009	1	(3,7)	5.69315	1	15.9578
chr17	45216000	45216200	14	4.66007	1	(7,14)	3.61678	1	15.9523
chr6	74226800	74227000	8	4.70995	1	(7,8)	2.90372	1	15.9453
chr12	6931400	6931600	3	4.82917	1	(3,15)	3.51562	1	15.942
chr5	177633400	177633600	4	6.54379	1	(4,8)	5.26518	1	15.919
chr20	47896600	47896800	1	4.58547	1	(1,12)	3.54187	1	15.9092
chr1	26739800	26740000	8	4.61331	1	(3,8)	3.15054	1	15.9011
chr6	132271200	132271400	8	7.35588	1	(1,8)	7.56978	1	15.883
chr14	23446400	23446600	8	4.9223	1	(8,9)	3.13337	1	15.874
chr19	54928400	54928600	16	3.87612	1	(8,16)	1.91447	1	15.8673
chr6	30582400	30582600	4	4.28793	1	(4,9)	2.63634	1	15.8597
chr17	1617400	1617600	3	9.14567	1	(3,8)	9.77233	1	15.828
chr22	31739000	31739200	8	6.70392	1	(3,8)	5.06598	1	15.8247
chr2	133017000	133017200	14	8.25712	1	(9,14)	3.62371	1	15.8114
chr17	7744600	7744800	3	10.8943	1	(3,3)	6.84238	1	15.8095
chr6	33244400	33244600	4	6.29664	1	(4,8)	4.99238	1	15.7964
chr10	3824400	3824600	1	6.37636	1	(1,4)	4.34675	1	15.7928
chr13	113547800	113548000	9	6.43497	1	(9,15)	4.80436	1	15.777
chr1	151318600	151318800	3	6.74635	1	(3,7)	4.97488	1	15.7649
chr6	32942800	32943000	7	6.53925	1	(2,7)	4.87802	1	15.7584
chr17	44897200	44897400	3	4.80566	1	(3,15)	3.39161	1	15.7403
chr16	29816000	29816200	8	7.0661	1	(4,8)	4.865	1	15.7363
chr1	157965200	157965400	3	10.9391	1	(3,3)	7.00549	1	15.7298
chr19	4911600	4911800	3	6.80919	1	(3,8)	2.85419	1	15.726
chr9	130211800	130212000	8	6.40821	1	(2,8)	2.55246	1	15.7105
chr7	121512400	121512600	3	4.97517	1	(3,17)	1.7822	1	15.7077
chr1	33807600	33807800	8	6.542	1	(3,8)	4.69766	1	15.7073
chr11	75277200	75277400	8	8.82537	1	(8,8)	4.32182	1	15.6853
chr10	102119800	102120000	8	9.31992	1	(7,8)	6.00987	1	15.68
chr17	7140800	7141000	3	13.0573	1	(3,3)	10.4477	1	15.6669
chr2	232577000	232577200	8	11.1997	1	(8,8)	7.52776	1	15.6446
chr1	33807400	33807600	3	4.49168	1	(3,8)	3.14561	1	15.6402
chrX	111556600	111556800	15	4.78356	1	(4,15)	1.83713	1	15.6341
chr12	115109800	115110000	8	4.75703	1	(8,15)	3.22863	1	15.632
chr14	76605600	76605800	3	4.79577	1	(3,15)	3.531	1	15.6313
chr1	11750400	11750600	3	6.6066	1	(3,4)	4.54038	1	15.6183
chr2	136872600	136872800	7	4.46843	1	(7,14)	2.08151	1	15.6181
chr9	132205400	132205600	4	4.31809	1	(4,15)	2.7533	1	15.6149
chr12	4385400	4385600	7	6.28851	1	(7,14)	2.70717	1	15.609
chr2	133025200	133025400	14	8.02946	1	(3,14)	6.97635	1	15.592
chr12	53492200	53492400	15	6.38344	1	(4,15)	2.63805	1	15.5898
chr5	149535000	149535200	3	6.67608	1	(3,4)	4.39587	1	15.5824
chr8	127567200	127567400	8	4.41813	1	(4,8)	2.96844	1	15.5819
chr2	118380800	118381000	4	6.62298	1	(4,12)	5.38436	1	15.58
chr17	39846400	39846600	8	6.9664	1	(1,8)	7.3066	1	15.5725
chr11	8705800	8706000	8	8.75801	1	(8,8)	4.21335	1	15.557
chr18	74163400	74163600	3	8.62088	1	(3,3)	3.99057	1	15.5519
chr12	53777000	53777200	7	8.58706	1	(7,8)	6.15211	1	15.5515
chr8	37557000	37557200	15	6.48101	1	(8,15)	5.43961	1	15.5497
chr20	47902200	47902400	12	6.19118	1	(7,12)	4.53326	1	15.5497
chr17	56066200	56066400	3	10.9398	1	(3,3)	7.03331	1	15.5443
chr7	157484200	157484400	15	4.1076	1	(3,15)	1.71838	1	15.5317
chr19	1275000	1275200	8	11.0752	1	(1,8)	8.04796	1	15.5251
chr16	30411000	30411200	8	6.96247	1	(3,8)	5.00643	1	15.5215
chr13	113548000	113548200	3	6.56884	1	(3,15)	4.98989	1	15.5148
chr14	50469800	50470000	3	6.8106	1	(3,16)	4.86678	1	15.5142
chr3	181445400	181445600	15	8.4302	1	(3,15)	7.07933	1	15.5127
chr12	133344000	133344200	6	3.53436	1	(6,14)	1.63596	1	15.5
chr17	76353600	76353800	8	6.17596	1	(7,8)	3.87577	1	15.4967
chr9	139621000	139621200	8	8.81825	1	(8,8)	4.21335	1	15.4914
chr5	141737000	141737200	3	6.64029	1	(3,14)	4.61568	1	15.4812
chr11	62310800	62311000	8	4.73374	1	(8,15)	3.68053	1	15.4762
chr9	127622800	127623000	8	8.84952	1	(4,8)	6.4443	1	15.4721
chr10	102109800	102110000	8	8.78241	1	(8,8)	4.32182	1	15.472
