chr15	25054253	25064253	8
chr2	132267427	132277427	11
chr19	58253834	58263834	8
chr12	133044414	133054414	8
chr19	57979432	57989432	8
chr15	25066253	25076253	8
chr19	58203833	58214034	8
chr11	65497129	65507129	3
chr19	57614832	57624832	8
chr10	41854408	41864408	8
chr19	44474583	44485189	8
chr19	58127033	58137033	8
chr10	41839608	41849608	8
chr15	25076453	25086453	8
chr19	51964947	51974947	8
chr12	133185814	133195814	8
chr2	89827790	89837790	8
chr16	34147133	34157133	8
chr19	7075589	7085589	8
chr7	6688569	6698569	8
chr19	9525924	9535924	8
chr20	49277463	49287463	3
chr19	8806524	8816524	8
chr10	41874808	41884808	8
chr19	9376924	9386924	8
chr4	49647983	51794034	8
chr6	32968023	32978023	3
chr3	75735049	75745049	8
chr16	68554497	68564497	8
chr18	15410201	20940439	8
chr19	51890547	51900547	8
chr8	144836215	144846215	8
chr19	36710498	36720498	8
chr21	10723456	10733456	8
chr21	10702456	10712456	8
chr5	180254400	180264400	8
chr12	133005814	133015814	8
chr19	36547498	36557498	8
chr12	133097014	133107014	8
chr4	49146583	49156583	8
chr19	44490349	44500948	8
chr19	52313947	52323947	8
chr19	11941785	11951785	8
chr10	3776008	3786008	3
chr5	178713599	178723599	8
chr19	9561524	9571524	8
chr10	3775808	3785808	3
chr19	58429833	58439833	2
chr6	32969823	32979823	3
chr19	36818698	36828698	8
chr4	49111183	49121183	8
chr19	9410524	9420524	8
chr19	52032547	52042547	8
chr19	19707791	19717791	8
chr2	95144455	95154455	8
chr19	57530832	57540832	8
chr17	81508774	81518774	3
chr19	20543394	20553394	8
chr19	51992347	52002347	8
chr19	14712588	14722588	8
chr19	57569032	57579032	8
chr19	37235298	37245298	8
chr19	36889498	36899498	8
chr19	43960648	43970648	8
chr16	3380400	3390400	8
chr19	57543232	57553232	8
chr16	3283400	3293400	8
chr17	36931900	36942503	12
chr11	31808452	31818452	11
chr17	5085505	5095505	8
chr19	43835048	43845048	8
chr9	63816666	63826666	11
chr22	39519995	39529995	3
chr17	81509174	81519174	3
chr6	32971423	32981423	3
chr19	12522186	12532186	8
chr19	9335124	9345124	8
chr5	179026599	179036599	8
chr9	96755918	96765918	8
chr12	133150614	133160614	8
chr12	132940214	132950214	8
chr7	57486294	57496294	8
chr2	95210652	95220652	8
chr16	3308400	3318400	8
chr16	3403600	3413600	8
chr19	27240892	27250892	8
chr12	133080614	133090614	8
chr19	57746632	57756632	8
chr19	51935747	51945747	8
chr10	38525472	38581469	8
chr5	179074199	179084199	8
chr19	36744098	36754098	8
chr19	12070185	12080185	8
chr2	172093472	172103472	10
chr19	52015547	52025547	8
chr11	31803852	31813852	11
chr9	63813666	63823666	11
chr4	450211	460211	8
chr19	52115147	52125147	8
chr19	57681632	57691632	8
