chr14	99691000	99741000	8
chr10	42355000	42405000	14
chr11	128333200	128383200	8
chr21	10773800	10823800	12
chr10	39102800	39152800	14
chr14	99684200	99734200	8
chr2	89830400	89880400	14
chr7	27190200	27240200	14
chr12	54348800	54398800	14
chr5	169680600	169730600	8
chr9	117110800	117160800	8
chr14	22984800	23034800	8
chr7	50412800	50462800	8
chr16	46388400	46438400	14
chr2	176952000	177002000	14
chr10	38771800	38821800	12
chr15	25293200	25343200	12
chr17	46654800	46704800	14
chr12	133655600	133705600	4
chr19	58677200	58727200	3
chr10	11203200	11253200	8
chr12	54399000	54449000	14
chr22	36723600	36773600	8
chr22	36724200	36774200	8
chr13	100605800	100655800	15
chr10	73485000	73535000	8
chr1	198606800	198656800	8
chr1	198607000	198657000	8
chr19	52462600	52512600	4
chr4	49104600	49154600	14
chr21	10824000	10874000	12
chr5	92900400	92950400	14
chr19	52358600	52408600	2
chr19	37195000	37245000	12
chr4	415400	465400	12
chr21	11098000	11148000	12
chr10	8068400	8118400	14
chr14	100529400	100579400	8
chr11	35160000	35210000	3
chr11	35162800	35212800	3
chr19	58041000	58091000	4
chr6	24897800	24947800	8
chr17	46785200	46835200	14
chr2	132995800	133045800	14
chr14	22954800	23004800	8
chr10	73480400	73530400	8
chr4	331400	381400	4
chr16	33926800	33976800	14
chr19	38025000	38075000	12
chr19	37579800	37629800	12
chr10	11188000	11238000	8
chr19	37004400	37054400	3
chr1	198623800	198673800	1
chr19	44955200	45005200	4
chr19	37898200	37948200	12
chr5	156605800	156655800	1
chr6	24885400	24935400	8
chr3	75754800	75804800	12
chr19	58608000	58658000	10
chr5	133433200	133483200	1
chr19	42363200	42413200	8
chr11	67010200	67060200	2
chr11	67010600	67060600	2
chr2	68988800	69038800	8
chr19	23518400	23568400	12
chr6	30412400	30462400	8
chr17	75430400	75480400	1
chr6	28736400	28786400	15
chr2	196993400	197043400	2
chr3	52264600	52314600	1
chr6	10380400	10430400	2
chr14	91835600	91885600	2
chr5	131787000	131837000	8
chr5	156634400	156684400	8
chr15	31617000	31667000	2
chr7	27165800	27215800	14
chr19	52531200	52581200	1
chr16	33864400	33914400	12
chr5	87948800	87998800	14
chr4	49118400	49168400	14
chr19	52790600	52840600	2
chr19	57047600	57097600	2
chr19	58743400	58793400	1
chr3	30667400	30717400	8
chr19	37349400	37399400	12
chr19	58471800	58521800	4
chr2	92275000	92325000	14
chr3	30675200	30725200	8
chr1	198594600	198644600	8
chr8	134045200	134095200	8
chr10	42379800	42429800	14
chr4	40198000	40248000	1
chr17	77744000	77794000	2
chr19	53699800	53749800	4
chr4	174415200	174465200	14
chr7	138745200	138795200	4
chr19	56904200	56954200	1
chr15	96863800	96913800	14
chr10	11182200	11232200	8
chr2	175433800	175483800	8
