chr19	58188033	58213234	8
chr10	41839608	41864608	8
chr15	25055053	25080053	8
chr2	172082272	172107272	11
chr19	58241834	58266834	8
chr12	133082014	133107014	8
chr19	44473383	44500948	8
chr19	57530432	57555432	8
chr19	51962147	51987147	8
chr12	133039214	133064214	8
chr19	36540498	36565498	8
chr19	51874947	51899947	8
chr19	52299947	52324947	8
chr2	89816190	89841190	8
chr19	36705498	36730498	8
chr11	31797652	31822853	11
chr12	132993214	133018214	8
chr4	49632983	51794034	8
chr7	27182781	27207781	11
chr19	52015947	52040947	8
chr4	443811	468811	8
chr10	101213843	101238843	11
chr10	8032837	8057837	11
chr10	101213243	101238243	11
chr4	49096183	49121183	8
chr4	13524576	13549576	11
chr17	79790201	79815201	12
chr2	174321072	174346072	11
chr12	53972616	53997616	11
chr19	37561898	37587099	8
chr10	123132084	123157084	11
chr12	133132814	133157814	8
chr19	37420498	37445498	8
chr19	52065147	52090147	8
chr19	58118633	58143633	8
chr12	133181214	133206214	8
chr19	56407031	56432031	8
chr6	98823924	98848924	11
chr16	68550497	68575497	8
chr4	349411	374411	8
chr19	36809898	36834898	8
chr19	20538594	20563594	8
chr9	114363120	114388120	6
chr19	37227498	37252498	8
chr2	172074672	172099672	11
chr1	90706043	90731043	11
chr1	197902070	197927070	11
chr15	52782603	52807603	11
chr1	197902270	197927270	11
chr17	48609438	48634438	11
chr19	9327524	9352524	8
chr19	57969432	57994432	8
chr19	36870898	36895898	8
chr17	36928100	36954100	11
chr2	176116072	176141072	11
chr19	9555324	9580324	8
chr7	27149981	27174981	11
chr13	99967546	99992546	12
chr7	6682569	6707569	8
chr5	88666182	88691383	11
chr2	176082472	176107472	11
chr9	123996921	124021921	11
chr10	41864808	42106152	8
chr12	31959266	31984266	1
chr11	67266329	67291329	1
chr13	78585465	78610465	11
chr21	10704656	10729656	8
chr7	6673969	6698969	8
chr5	180244800	180269800	8
chr19	51926547	51951547	1
chr16	68554497	68579497	8
chr6	5992567	6017567	11
chr19	49419343	49444343	11
chr17	48717438	48742438	11
chr6	30443023	30468023	11
chr4	173515049	173540049	11
chr19	23343398	23368398	8
chr5	93578494	93603494	11
chr15	67816862	67841862	11
chr6	108154196	108179196	11
chr19	57964032	57989032	8
chr19	52107147	52132147	8
chr19	36737898	36762898	8
chr12	133005414	133030414	8
chr17	36922716	36949500	11
chr19	44460181	44486590	8
chr12	133067614	133092614	8
chr19	58114233	58139233	8
chr6	5987167	6012167	11
chr10	38834869	38859869	8
chr4	134657	162210	8
chr19	58168633	58193633	8
chr19	37091098	37116098	8
chr9	96747718	96772718	8
chr10	38484872	38509872	8
chr19	44153847	44178847	8
chr10	38510672	38581669	8
chr19	36715098	36740098	8
chr4	110611844	110636844	11
chr19	51949347	51974347	8
