chr7	27178800	27228800	3
chr5	140762200	140812200	10
chr5	140762000	140812000	10
chr7	27191400	27241400	10
chr12	54343200	54393200	4
chr15	25291000	25341000	8
chr12	54347000	54397000	10
chr7	27138600	27188600	3
chr1	2359200	2409200	3
chr17	46627000	46677000	4
chr2	223136000	223186000	3
chr5	140745200	140795200	10
chr22	36721800	36771800	3
chr17	21185800	21235800	10
chr22	46462400	46512400	3
chr1	2372600	2422600	3
chr12	54365600	54415600	10
chr19	58692600	58742600	3
chr1	2387000	2437000	3
chr19	1242200	1292200	10
chr19	58475000	58525000	2
chr16	87856000	87906000	3
chr8	145002600	145052600	11
chr19	58745000	58795000	3
chr11	128341000	128391000	3
chr17	21199600	21249600	10
chr16	726400	776400	10
chr14	69397600	69447600	3
chr12	133673400	133723400	2
chr5	358600	408600	12
chr21	47509200	47559200	11
chr19	39140400	39190400	3
chr8	144983200	145033200	3
chr8	21974200	22024200	10
chr8	21972200	22022200	10
chr15	96863000	96913000	11
chr17	79352600	79402600	10
chr11	818200	868200	12
chr16	2010400	2060400	12
chr4	1756200	1806200	10
chr17	79354400	79404400	10
chr22	46475200	46525200	1
chr1	201252000	201302000	12
chr4	43800	93800	8
chr22	50697200	50747200	12
chr19	58560400	58610400	2
chr10	8073400	8123400	10
chr9	140050600	140100600	11
chr1	1244200	1294200	11
chr16	707800	757800	10
chr11	811000	861000	12
chr16	3011000	3061000	11
chr1	2454600	2504600	10
chr5	178540400	178590400	11
chr16	3011800	3061800	11
chr2	85968200	86018200	12
chr2	238391800	238441800	10
chr1	956400	1006400	10
chr5	178545400	178595400	11
chr19	58558400	58608400	1
chr11	801400	851400	12
chr9	130281600	130331600	8
chr12	120654200	120704200	3
chr19	37004200	37054200	2
chr17	78997200	79047200	12
chr19	37280600	37330600	8
chr5	92901600	92951600	11
chr7	130557800	130607800	3
chr3	50183800	50233800	11
chr16	2198000	2248000	8
chr11	65617800	65667800	10
chr19	1252000	1302000	11
chr5	178723200	178773200	11
chr11	35159800	35209800	3
chr1	930800	980800	10
chr16	2200000	2250000	8
chr19	52868200	52918200	2
chr11	368200	418200	3
chr4	418400	468400	8
chr3	50185000	50235000	11
chr9	140054800	140104800	11
chr5	178603000	178653000	14
chr1	929000	979000	10
chr12	57589200	57639200	10
chr22	38368000	38418000	12
chr2	91772000	91822000	8
chr16	86596800	86646800	3
chr17	79053800	79103800	10
chr19	56885600	56935600	2
chr19	52616400	52666400	2
chr3	13872800	13922800	10
chr19	13106800	13156800	12
chr22	46431200	46481200	3
chr17	79379000	79429000	10
chr3	50185800	50235800	11
chr11	785200	835200	12
chr17	77746000	77796000	10
chr16	2004800	2054800	12
chr2	239751800	239801800	11
chr17	75384000	75434000	2
