chr21	10773800	10823800	12
chr10	39082600	39132600	12
chr12	54355600	54405600	14
chr7	27189200	27239200	14
chr2	89830200	89880200	14
chr9	117110800	117160800	8
chr10	42355000	42405000	14
chr10	38771800	38821800	12
chr2	176957800	177007800	14
chr5	169680600	169730600	8
chr17	46654800	46704800	14
chr7	50416400	50466400	8
chr7	50417000	50467000	8
chr15	25291200	25341200	12
chr19	58677200	58727200	1
chr11	128330000	128380000	8
chr13	100605800	100655800	15
chr12	133613200	133663200	1
chr10	11203200	11253200	1
chr5	92900400	92950400	14
chr21	10824000	10874000	12
chr16	46403200	46453200	14
chr10	73485000	73535000	8
chr19	37194800	37244800	12
chr12	133668400	133718400	3
chr21	11098000	11148000	12
chr22	36724000	36774000	8
chr22	36724400	36774400	8
chr4	414800	464800	12
chr17	46784800	46834800	14
chr19	52358600	52408600	1
chr12	54405800	54455800	14
chr19	52452000	52502000	1
chr4	49108600	49158600	12
chr1	198606800	198656800	1
chr11	35160000	35210000	1
chr14	100529400	100579400	1
chr11	67010200	67060200	2
chr19	42363200	42413200	8
chr3	75754000	75804000	12
chr10	11188000	11238000	1
chr17	75430000	75480000	1
chr11	67007600	67057600	8
chr19	37602600	37652600	12
chr5	87948800	87998800	14
chr6	10380400	10430400	14
chr11	35166800	35216800	3
chr6	28736400	28786400	15
chr5	131787000	131837000	8
chr10	73479600	73529600	8
chr2	68988800	69038800	8
chr14	99691200	99741200	1
chr6	24892200	24942200	1
chr19	38025200	38075200	12
chr15	31617000	31667000	2
chr19	58041000	58091000	1
chr4	174420600	174470600	14
chr6	30412200	30462200	8
chr10	8068600	8118600	14
chr14	91835600	91885600	2
chr19	58608000	58658000	1
chr4	330200	380200	1
chr3	52264400	52314400	1
chr6	24838200	24888200	8
chr16	33864400	33914400	12
chr1	206728400	206778400	1
chr8	134045200	134095200	1
chr1	206727800	206777800	1
chr19	37898200	37948200	12
chr1	198624600	198674600	8
chr19	44955200	45005200	1
chr1	198622600	198672600	8
chr22	36709600	36759600	8
chr3	30648800	30698800	8
chr7	138745200	138795200	1
chr2	175426800	175476800	1
chr15	96863800	96913800	14
chr2	68962000	69012000	1
chr2	196993400	197043400	2
chr17	77744000	77794000	15
chr14	22989200	23039200	8
chr15	93423400	93473400	2
chr2	177008000	177058000	14
chr19	37004400	37054400	1
chr19	1237000	1287000	14
chr3	30672200	30722200	8
chr17	36714600	36764600	4
chr19	37340000	37390000	1
chr4	10070800	10120800	1
chr2	172936000	172986000	14
chr17	75441400	75491400	1
chr4	10076000	10126000	1
chr19	41801600	41851600	1
chr10	11181400	11231400	1
chr19	57047600	57097600	2
chr5	131779000	131829000	8
chr11	31815200	31865200	14
chr10	82213400	82263400	2
chr14	99684800	99734800	1
chr16	33927000	33977000	14
