chr15	25311400	25321400	8
chr8	146062400	146072400	8
chr19	58711000	58721000	8
chr19	58767000	58777000	8
chr15	25321600	25331600	8
chr19	58638600	58648600	8
chr7	100807200	100817200	11
chr19	58125600	58135600	8
chr19	12052600	12062600	8
chr17	35290200	35300200	11
chr2	95810000	95820000	8
chr16	68585000	68595000	8
chr19	9673400	9683400	8
chr19	58939600	58949600	8
chr19	58488200	58498200	8
chr11	31831200	31841200	11
chr7	6726200	6736200	8
chr19	52564200	52574200	8
chr1	156084600	156094600	10
chr19	44979200	44989200	8
chr11	65264000	65274000	3
chr6	32936200	32946200	3
chr17	35286400	35296400	11
chr19	58080600	58090600	8
chr19	37309800	37319800	8
chr16	3333600	3343600	8
chr6	32935200	32945200	3
chr7	155595800	155605800	11
chr19	58049000	58059000	8
chr2	95876400	95886400	8
chr2	72370000	72380000	10
chr19	9636600	9646600	8
chr9	96713000	96723000	11
chr19	37037800	37047800	8
chr17	27043400	27053400	3
chr11	62305600	62315600	10
chr20	47893800	47903800	10
chr2	237072400	237082400	11
chr2	171670400	171680400	11
chr10	102981400	102991400	12
chr19	58193000	58203000	8
chr1	197879600	197889600	11
chr1	180197000	180207000	10
chr3	75781000	75791000	8
chr5	170734200	170744200	11
chr19	23526000	23536000	8
chr5	179676800	179686800	8
chr12	133674800	133684800	8
chr5	170735800	170745800	11
chr12	133625400	133635400	8
chr17	79475800	79485800	3
chr2	237071800	237081800	11
chr10	124901200	124911200	11
chr10	124901000	124911000	11
chr17	46123800	46133800	3
chr19	37201400	37211400	8
chr10	3819200	3829200	3
chr12	133516800	133526800	8
chr17	79476400	79486400	3
chr21	38069600	38079600	11
chr15	75938600	75948600	3
chr1	50884000	50894000	11
chr17	35285400	35295400	11
chr11	43596200	43606200	10
chr2	175197800	175207800	11
chr19	52617200	52627200	8
chr2	73142400	73152400	11
chr11	31826400	31836400	11
chr17	27046400	27056400	3
chr9	96711800	96721800	11
chr11	62647200	62657200	3
chr19	4057800	4067800	10
chr6	30646800	30656800	3
chr9	133533000	133543000	11
chr11	43596600	43606600	10
chr20	21486200	21496200	11
chr17	77809000	77819000	11
chr17	4842000	4852000	3
chr3	134082000	134092000	3
chr8	145003600	145013600	3
chr19	41303800	41313800	3
chr2	45161800	45171800	11
chr6	134490200	134500200	3
chr19	1465200	1475200	10
chr3	134081400	134091400	3
chr10	102105400	102115400	3
chr11	31825400	31835400	11
chr17	7136400	7146400	10
chr4	63600	73600	8
chr17	7474400	7484400	3
chr15	68118200	68128200	11
chr6	99274600	99284600	11
chr1	197880800	197890800	11
chr19	12632800	12642800	8
chr13	100627800	100637800	10
chr22	39706800	39716800	3
chr14	69253400	69263400	3
chr19	7075800	7085800	8
chr11	65262800	65272800	3
chr4	443600	453600	8
