chr14	23011400	23021400	8
chr11	128346000	128356000	8
chr2	172959000	172969000	14
chr5	169710400	169720400	8
chr1	111731000	111741000	8
chr10	8084400	8094400	14
chr6	5995000	6005000	14
chr15	81589600	81599600	8
chr8	99951600	99961600	14
chr1	117302200	117312200	8
chr9	117123800	117133800	8
chr22	31676000	31686000	8
chr17	35289200	35299200	14
chr6	24855800	24865800	8
chr10	124901200	124911200	14
chr6	36561400	36571400	8
chr1	197879200	197889200	14
chr11	117859400	117869400	8
chr2	171670000	171680000	14
chr11	31830200	31840200	14
chr1	111728800	111738800	8
chr5	133466600	133476600	8
chr14	99715000	99725000	8
chr7	5458400	5468400	14
chr6	159456800	159466800	8
chr7	5459400	5469400	14
chr11	31831200	31841200	14
chr6	137809600	137819600	14
chr2	175198600	175208600	15
chr5	131819000	131829000	8
chr9	117136200	117146200	8
chr9	37028200	37038200	14
chr17	77770800	77780800	15
chr10	42381000	42391000	14
chr10	42355200	42365200	14
chr15	76627600	76637600	14
chr10	38869000	38879000	14
chr10	8090000	8100000	14
chr11	73685200	73695200	8
chr10	39135200	39145200	14
chr4	49650200	49660200	14
chr10	38772400	38782400	12
chr10	38784600	38794600	12
chr21	10848600	10858600	12
chr10	39102800	39112800	12
chr21	10830200	10840200	12
chr21	10817600	10827600	12
chr21	10807400	10817400	12
chr21	10793400	10803400	12
chr21	10783200	10793200	12
chr21	10773000	10783000	12
chr10	39122400	39132400	12
chr20	29812000	29822000	12
chr10	38794800	38804800	12
chr15	25311200	25321200	12
chr4	49633200	49643200	12
chr10	39082600	39092600	12
chr2	89830600	89840600	12
chr19	58714800	58724800	12
chr7	61782200	61792200	12
chr2	89869400	89879400	14
chr20	29822200	29832200	12
chr2	89850000	89860000	12
chr7	57546800	57556800	12
chr12	133633200	133643200	12
chr7	142492200	142502200	8
chr4	49146600	49156600	14
chr7	61746600	61756600	12
chr19	44976800	44986800	12
chr11	65264200	65274200	8
chr10	42802600	42812600	12
chr5	169692800	169702800	8
chr6	36565600	36575600	8
chr7	100807800	100817800	15
chr19	19819000	19829000	12
chr3	75784200	75794200	12
chr10	42790600	42800600	12
chr10	3818000	3828000	2
chr7	61792400	61802400	12
chr2	60775000	60785000	14
chr14	99719600	99729600	8
chr10	38806600	38816600	12
chr19	12052600	12062600	12
chr6	32809400	32819400	8
chr2	158269600	158279600	8
chr4	49113400	49123400	14
chr16	46446000	46456000	12
chr20	21489200	21499200	14
chr5	153852400	153862400	15
chr3	138654800	138664800	14
chr20	37351000	37361000	14
chr11	122925600	122935600	8
chr19	37616200	37626200	12
chr12	133692600	133702600	12
chr17	37754000	37764000	15
chr7	27204200	27214200	14
chr3	50640400	50650400	8
chr7	150433200	150443200	8
chr21	10712400	10722400	12
chr5	35855000	35865000	8
