chrX	12977000	12977200	18	10.8649	1	10.8649
chr9	137604000	137604200	18	10.8649	1	10.8649
chr6	42895600	42895800	18	10.8649	1	10.8649
chr5	171541400	171541600	18	10.8649	1	10.8649
chr3	122870600	122870800	18	10.8649	1	10.8649
chr10	133974200	133974400	18	10.8649	1	10.8649
chr22	49905400	49905600	18	9.98953	1	10.3735
chr22	24543200	24543400	18	9.98953	1	10.3164
chr1	3232800	3233000	18	9.98953	1	10.3164
chr11	62390400	62390600	18	9.98953	1	10.3045
chr7	691200	691400	18	9.98953	1	10.2932
chr5	912800	913000	18	9.98953	1	10.2932
chr19	33237400	33237600	18	9.98953	1	10.2932
chr16	88537000	88537200	18	9.98953	1	10.2438
chrX	84499200	84499400	1	10.1279	1	10.1279
chrX	84258600	84258800	1	10.1279	1	10.1279
chrX	80457200	80457400	1	10.1279	1	10.1279
chrX	80377200	80377400	1	10.1279	1	10.1279
chrX	80065400	80065600	1	10.1279	1	10.1279
chrX	80063600	80063800	1	10.1279	1	10.1279
chrX	77359400	77359600	1	10.1279	1	10.1279
chrX	77166000	77166200	1	10.1279	1	10.1279
chrX	77154800	77155000	1	10.1279	1	10.1279
chrX	77151000	77151200	1	10.1279	1	10.1279
chrX	75392800	75393000	1	10.1279	1	10.1279
chrX	74743200	74743400	1	10.1279	1	10.1279
chrX	73834400	73834600	1	10.1279	1	10.1279
chrX	73756400	73756600	1	10.1279	1	10.1279
chrX	72783000	72783200	1	10.1279	1	10.1279
chrX	72434600	72434800	1	10.1279	1	10.1279
chrX	7066200	7066400	1	10.1279	1	10.1279
chrX	70586200	70586400	1	10.1279	1	10.1279
chrX	70503200	70503400	1	10.1279	1	10.1279
chrX	70401800	70402000	1	10.1279	1	10.1279
chrX	70315800	70316000	1	10.1279	1	10.1279
chrX	70288400	70288600	1	10.1279	1	10.1279
chrX	69509800	69510000	1	10.1279	1	10.1279
chrX	69353600	69353800	1	10.1279	1	10.1279
chrX	68048600	68048800	1	10.1279	1	10.1279
chrX	64754800	64755000	1	10.1279	1	10.1279
chrX	63425200	63425400	1	10.1279	1	10.1279
chrX	62975000	62975200	1	10.1279	1	10.1279
chrX	62781000	62781200	1	10.1279	1	10.1279
chrX	57936400	57936600	1	10.1279	1	10.1279
chrX	57618800	57619000	1	10.1279	1	10.1279
chrX	57148200	57148400	1	10.1279	1	10.1279
chrX	57022000	57022200	1	10.1279	1	10.1279
chrX	56755400	56755600	1	10.1279	1	10.1279
chrX	55744000	55744200	1	10.1279	1	10.1279
chrX	55515000	55515200	1	10.1279	1	10.1279
chrX	55478600	55478800	1	10.1279	1	10.1279
chrX	55187200	55187400	1	10.1279	1	10.1279
chrX	54666000	54666200	1	10.1279	1	10.1279
chrX	54556400	54556600	1	10.1279	1	10.1279
chrX	54071000	54071200	1	10.1279	1	10.1279
chrX	53711200	53711400	1	10.1279	1	10.1279
chrX	53449600	53449800	1	10.1279	1	10.1279
chrX	53111400	53111600	1	10.1279	1	10.1279
chrX	53024800	53025000	1	10.1279	1	10.1279
chrX	52964400	52964600	1	10.1279	1	10.1279
chrX	52950200	52950400	1	10.1279	1	10.1279
chrX	52004800	52005000	1	10.1279	1	10.1279
chrX	49687200	49687400	1	10.1279	1	10.1279
chrX	49126200	49126400	1	10.1279	1	10.1279
chrX	48980200	48980400	1	10.1279	1	10.1279
chrX	48958200	48958400	1	10.1279	1	10.1279
chrX	48815800	48816000	1	10.1279	1	10.1279
chrX	48755200	48755400	1	10.1279	1	10.1279
chrX	48660400	48660600	1	10.1279	1	10.1279
chrX	48660000	48660200	1	10.1279	1	10.1279
chrX	48595600	48595800	1	10.1279	1	10.1279
chrX	48555000	48555200	1	10.1279	1	10.1279
chrX	48534800	48535000	1	10.1279	1	10.1279
chrX	48432600	48432800	1	10.1279	1	10.1279
chrX	48398000	48398200	1	10.1279	1	10.1279
chrX	48380000	48380200	1	10.1279	1	10.1279
chrX	48367200	48367400	1	10.1279	1	10.1279
chrX	47863400	47863600	1	10.1279	1	10.1279
chrX	47510200	47510400	1	10.1279	1	10.1279
chrX	47093000	47093200	1	10.1279	1	10.1279
chrX	47077400	47077600	1	10.1279	1	10.1279
chrX	46988600	46988800	1	10.1279	1	10.1279
chrX	46772400	46772600	1	10.1279	1	10.1279
chrX	46696200	46696400	1	10.1279	1	10.1279
chrX	46618600	46618800	1	10.1279	1	10.1279
chrX	46404600	46404800	1	10.1279	1	10.1279
chrX	46306600	46306800	1	10.1279	1	10.1279
chrX	45711000	45711200	1	10.1279	1	10.1279
chrX	44732200	44732400	1	10.1279	1	10.1279
chrX	43514200	43514400	1	10.1279	1	10.1279
chrX	41783000	41783200	1	10.1279	1	10.1279
chrX	40943800	40944000	1	10.1279	1	10.1279
chrX	40506800	40507000	1	10.1279	1	10.1279
chrX	40036000	40036200	1	10.1279	1	10.1279
chrX	40017600	40017800	1	10.1279	1	10.1279
chrX	39968600	39968800	1	10.1279	1	10.1279
chrX	39965600	39965800	1	10.1279	1	10.1279
chrX	39964400	39964600	1	10.1279	1	10.1279
chrX	39957400	39957600	1	10.1279	1	10.1279
chrX	38186200	38186400	1	10.1279	1	10.1279
