chr7	27179200	27229200	3
chr17	46625200	46675200	12
chr15	96863800	96913800	3
chr12	54366200	54416200	12
chr2	132995800	133045800	11
chr15	25291400	25341400	8
chr21	10774200	10824200	8
chr4	41000	91000	8
chr10	42355000	42405000	8
chr17	46675400	46725400	11
chr19	58738800	58788800	2
chr19	13105600	13155600	3
chr13	100601600	100651600	12
chr16	33930000	33980000	11
chr5	92904600	92954600	11
chr10	39104600	39154600	8
chr2	132990200	133040200	11
chr6	10380600	10430600	12
chr2	176956200	177006200	11
chr17	77746000	77796000	3
chr2	89830400	89880400	8
chr5	140762200	140812200	8
chr12	133655400	133705400	8
chr15	89905200	89955200	11
chr19	13099800	13149800	3
chr3	147093200	147143200	12
chr22	46458800	46508800	3
chr16	46385800	46435800	8
chr4	417400	467400	2
chr5	140760400	140810400	8
chr19	13161600	13211600	11
chr19	58681200	58731200	1
chr19	37003600	37053600	8
chr16	46392600	46442600	8
chr4	174414200	174464200	11
chr9	126758400	126808400	11
chr19	58474800	58524800	2
chrX	39920600	39970600	11
chr19	52358800	52408800	2
chr16	86508200	86558200	11
chr12	115093800	115143800	3
chr10	38769200	38819200	8
chr19	37201400	37251400	8
chr5	87950200	88000200	11
chr21	11097400	11147400	8
chr19	1230600	1280600	3
chr19	1238200	1288200	3
chr19	52495200	52545200	2
chr19	23518000	23568000	8
chr19	58041000	58091000	8
chr2	91769600	91819600	11
chr16	73056000	73106000	11
chr3	75688200	75738200	10
chr17	21184600	21234600	11
chr1	831600	881600	11
chr4	49104600	49154600	8
chr12	54416400	54466400	10
chr19	13170600	13220600	11
chr19	1243200	1293200	3
chr16	729200	779200	3
chr11	31813800	31863800	10
chrX	39931400	39981400	11
chr4	331600	381600	2
chr3	181410400	181460400	3
chr19	37350400	37400400	8
chr19	57046000	57096000	2
chr16	67183800	67233800	3
chr2	105452200	105502200	11
chr19	1225400	1275400	3
chr15	96846400	96896400	3
chr17	47071400	47121400	2
chr2	219717600	219767600	11
chr17	47072000	47122000	2
chr2	92272400	92322400	8
chr17	36713800	36763800	11
chr10	8068200	8118200	11
chr19	52868200	52918200	2
chr19	37106000	37156000	8
chr4	403200	453200	8
chr2	177007000	177057000	11
chr19	13172000	13222000	11
chr7	96612200	96662200	11
chr10	102468800	102518800	12
chr17	21188400	21238400	11
chr12	57595000	57645000	3
chr19	37212600	37262600	1
chr19	37287200	37337200	8
chr9	129368200	129418200	11
chr19	52351800	52401800	1
chr17	38471400	38521400	11
chr7	155235200	155285200	11
chr22	36719800	36769800	3
chr12	58117600	58167600	11
chr22	36719200	36769200	3
chr19	37903400	37953400	8
chr4	64200	114200	10
chr7	27236400	27286400	11
chr17	77780800	77830800	11
chr8	11533200	11583200	10
chr2	45144200	45194200	11
