chr1	117083800	117104000	11
chr2	65066200	65086600	11
chr17	78411800	78432200	11
chr17	4177000	4197600	11
chr7	5515200	5535800	11
chr16	75294600	75315000	11
chr16	89984200	90006000	11
chr16	70468600	70489200	11
chr3	187062200	187082600	11
chr3	185678800	185699200	11
chr16	66718000	66739200	11
chr16	57461200	57481600	11
chr15	43789400	43809800	11
chr12	108794400	108815000	11
chr12	118042200	118062400	11
chr12	119671800	119692200	11
chr4	145832400	145852600	11
chr11	61436200	61456400	11
chr5	141613400	141633800	11
chr5	141511200	141532200	11
chr11	130134800	130155600	11
chr11	68880400	68900600	11
chr10	69382000	69402200	11
chr6	35072000	35092600	11
chr6	73504800	73525200	11
chr9	127932600	127953000	11
chr9	127934000	127954200	11
chr8	38123400	38143600	11
chr7	137890000	137910200	11
chr7	128944800	128965200	11
chr2	38727800	38748000	11
chr2	27431400	27451800	11
chr17	510600	531000	11
chr17	46017800	46038000	11
chr1	153732600	153752800	11
chr1	206445200	206465400	11
chr1	15927400	15947800	11
chr1	155059400	155079600	11
chr1	223762600	223783000	11
chr1	112688600	112708800	11
chrX	154524400	154544600	11
chrX	47206600	47226800	11
chrX	13753600	13773800	11
chr22	40314800	40335400	11
chr22	31262600	31283200	11
chr2	54655800	54676000	11
chr21	43405800	43426000	11
chr22	27839600	27859800	11
chr7	99030400	99050800	11
chr20	57364200	57384800	11
chr20	35268400	35288600	11
chr19	10632200	10653800	11
chr20	32781800	32802600	11
chr19	49677600	49698000	11
chr19	45513400	45533600	11
chr5	131662000	131682200	11
chr16	31120800	31141000	11
chr12	132036600	132057000	11
chr20	31558200	31578400	11
chr2	27371600	27391800	11
chr1	180971400	180991600	11
chr22	50434600	50455600	11
chr1	46665400	46685600	11
chr9	37423000	37443200	11
chr7	149061600	149082000	11
chr19	47200200	47220400	11
chr3	129294200	129314400	11
chr12	57270200	57290400	11
chr20	31549800	31570000	11
chr22	37923400	37943600	11
chr11	63898800	63919200	11
chr12	124412200	124432400	11
chr20	31559800	31580000	11
chr7	100670000	100690400	11
chr7	148762400	148782800	11
chr15	66488400	66508800	11
chr17	4219600	4239800	11
chr17	82772000	82792200	11
chr20	36581600	36601800	11
chr12	53204400	53224800	11
chr1	151301400	151322000	11
chr6	32962400	32983800	9
chr17	42989200	43009600	9
chr17	16431600	16451800	9
chr17	16430000	16450600	9
chr17	7563800	7584800	9
chr17	7298400	7319200	9
chr17	7227400	7247600	9
chr17	28710600	28731800	9
chr17	42377000	42397200	9
chr17	41679600	41700200	9
chr17	38861600	38882000	9
chr17	38842400	38862800	9
chr17	28735400	28756400	9
chr18	49481200	49501800	9
chr1	32324400	32344800	9
chr1	44766800	44787000	9
chr1	67676800	67697000	9
chr1	17426400	17447200	9
chr19	788800	809800	9
