chr12	133613600	133623600	1
chr19	53456400	53466400	1
chr19	52800200	52810200	1
chr19	9434400	9444400	1
chr16	3450000	3460000	1
chr17	77769800	77779800	1
chr19	57050000	57060000	1
chr10	3819000	3829000	1
chr17	4841800	4851800	1
chr9	33158200	33168200	1
chr5	142775800	142785800	1
chr2	232570000	232580000	1
chr19	52633400	52643400	1
chr6	108878200	108888200	1
chr5	56467600	56477600	1
chr15	75739400	75749400	1
chr6	138187200	138197200	1
chr17	2294600	2304600	1
chr17	43385200	43395200	1
chr4	103740800	103750800	1
chr16	3011600	3021600	1
chr15	31617000	31627000	1
chr9	104161000	104171000	1
chr1	154939200	154949200	1
chr16	87983800	87993800	1
chr1	19803000	19813000	1
chr19	53836800	53846800	1
chr19	53073400	53083400	1
chr10	22605000	22615000	1
chr19	56164800	56174800	1
chr16	9048600	9058600	1
chr11	85771400	85781400	1
chr10	127576000	127586000	1
chr20	52201800	52211800	1
chr1	15735400	15745400	1
chr7	39987800	39997800	1
chr3	126185800	126195800	1
chr2	111871800	111881800	1
chr3	119807200	119817200	1
chr9	130826800	130836800	1
chr19	41767600	41777600	1
chr19	37861600	37871600	1
chr19	41255600	41265600	1
chr19	47608000	47618000	1
chr9	130733600	130743600	1
chr14	100703000	100713000	1
chr16	2198000	2208000	1
chr1	46145200	46155200	1
chr16	68113200	68123200	1
chr11	58340200	58350200	1
chr4	26858400	26868400	1
chr6	157097000	157107000	1
chr12	108953000	108963000	1
chr9	102580600	102590600	1
chr17	61911600	61921600	1
chr12	53772400	53782400	1
chr14	20921000	20931000	1
chr19	42771600	42781600	1
chr2	68471400	68481400	1
chr5	154133200	154143200	1
chr5	179042200	179052200	1
chr12	123003200	123013200	1
chr9	101865800	101875800	1
chr14	23556400	23566400	1
chr1	62901000	62911000	1
chr1	226248800	226258800	1
chr3	37030200	37040200	1
chr14	62161200	62171200	1
chr1	24968000	24978000	1
chr9	140092000	140102000	1
chr17	79810200	79820200	1
chr11	82866600	82876600	1
chr18	60188600	60198600	1
chr14	24608200	24618200	1
chr1	110880000	110890000	1
chr9	136925800	136935800	1
chr1	185277600	185287600	1
chr13	45907400	45917400	1
chr2	102313000	102323000	1
chr9	35063400	35073400	1
chr22	23520600	23530600	1
chr15	93423000	93433000	1
chr16	3921800	3931800	1
chr9	130539800	130549800	1
chr8	11716600	11726600	1
chr11	46134800	46144800	1
chr14	58757400	58767400	1
chr4	87854800	87864800	1
chr6	24712600	24722600	1
chr12	53606800	53616800	1
chr15	99190000	99200000	1
chr18	9134600	9144600	1
chr13	31189400	31199400	1
chr1	212457200	212467200	1
chr2	55838000	55848000	1
chr7	152124600	152134600	1
chr2	232320600	232330600	1
chr6	12007800	12017800	1
chr1	226586600	226596600	1
chr16	2819000	2829000	1
