chr2	133025000	133035000	11
chr20	47895200	47905200	3
chr16	33949800	33959800	11
chr17	59473600	59483600	12
chr9	68412400	68422400	10
chr4	49400	59400	8
chr2	172958600	172968600	12
chr2	63274400	63284400	12
chr11	31830000	31840000	10
chr9	68409400	68419400	10
chr8	99951600	99961600	12
chr6	10410000	10420000	11
chr2	172957800	172967800	12
chr3	75714600	75724600	8
chr11	31828800	31838800	10
chr7	27203600	27213600	12
chr7	27178800	27188800	1
chr11	65265400	65275400	3
chr18	19745000	19755000	11
chr2	171670600	171680600	11
chr3	75715600	75725600	8
chr8	99953200	99963200	12
chr5	2747400	2757400	10
chr3	128202000	128212000	11
chr15	76627400	76637400	10
chr6	5999200	6009200	11
chr7	100807000	100817000	11
chr16	54963400	54973400	11
chr6	1605200	1615200	11
chr6	1605000	1615000	10
chr18	18510800	18520800	8
chr6	1605800	1615800	10
chr14	61107400	61117400	12
chr4	46200	56200	8
chr16	54962800	54972800	11
chr7	155595600	155605600	11
chr10	8091200	8101200	11
chr5	3593800	3603800	12
chr17	35289000	35299000	11
chr15	96875400	96885400	3
chr13	100630200	100640200	12
chr2	175197800	175207800	10
chr6	170596200	170606200	3
chr17	70111800	70121800	3
chr3	134081800	134091800	3
chr12	4377800	4387800	3
chr1	197879400	197889400	11
chr8	25897200	25907200	11
chr11	113929000	113939000	3
chr2	19549800	19559800	12
chr4	174442600	174452600	11
chr10	131754400	131764400	12
chr19	10397400	10407400	11
chr6	1387400	1397400	10
chr1	197879800	197889800	11
chr4	55091200	55101200	10
chr12	4380200	4390200	3
chr17	46667000	46677000	10
chr7	23504800	23514800	11
chr2	91811800	91821800	8
chr9	66454600	66464600	11
chr2	237072000	237082000	11
chr7	155596600	155606600	11
chr7	27223000	27233000	11
chr20	47897400	47907400	3
chr4	111535000	111545000	12
chr19	1465000	1475000	11
chr1	200002800	200012800	11
chr3	147122400	147132400	11
chr12	57628400	57638400	11
chr1	170630000	170640000	11
chr6	6001200	6011200	11
chr18	55100200	55110200	10
chr14	37123600	37133600	10
chr7	27134400	27144400	2
chr16	86597200	86607200	11
chr2	91811400	91821400	8
chr16	54315400	54325400	11
chr4	13541200	13551200	11
chr16	86540600	86550600	11
chr2	66664000	66674000	1
chr20	21486000	21496000	11
chr1	221051400	221061400	3
chr20	30300000	30310000	3
chr17	35291600	35301600	12
chr8	97164400	97174400	11
chr22	46468200	46478200	3
chr17	14200000	14210000	10
chr22	46468600	46478600	3
chr3	147106200	147116200	11
chr17	46618400	46628400	10
chr10	119296800	119306800	12
chr12	115109400	115119400	3
chr15	74419800	74429800	11
chr2	45231400	45241400	12
chr11	43595400	43605400	11
chr12	54387200	54397200	11
chr10	3817800	3827800	3
chr2	74724400	74734400	3
chr11	113927600	113937600	3
