chr7	27124181	27174181	11
chr17	48562238	48612238	10
chr17	48549438	48599438	10
chr2	176091472	176141472	11
chr2	132238227	132288227	11
chr7	27090981	27140981	10
chr12	53984616	54034616	10
chr15	25048053	25098053	8
chr2	91580143	91633774	8
chr10	41837608	42103952	8
chr16	34127933	34177933	8
chr5	93566094	93616094	3
chr15	96320171	96370171	3
chr2	132245427	132295427	11
chr16	34132933	34182933	8
chr4	39999	93313	13
chr21	10688256	10738256	8
chr12	54008416	54058416	10
chr19	58227034	58277034	8
chr6	10380367	10430367	12
chr19	58167433	58217634	1
chr19	57960432	58010432	8
chr2	89787797	89844190	8
chr21	10664656	10714656	8
chr5	141382633	141432633	8
chr12	133079214	133129214	2
chr8	11676091	11726091	1
chr4	27600	79907	13
chr10	8025237	8075237	10
chr7	27174381	27224381	10
chr10	38485272	38581269	8
chr19	36513698	36563698	8
chr10	8030637	8080637	10
chr5	178921199	178971199	1
chr21	10364856	10414856	8
chr10	100709043	100759043	12
chr2	176141672	176191672	10
chr3	75639049	75689049	10
chr19	36614698	36664698	8
chr19	52364747	52414747	7
chr5	178930599	178980599	1
chr19	36859098	36909098	8
chr10	38811469	38861469	8
chr16	86471994	86521994	10
chr13	99949346	99999346	11
chr19	36712498	36762498	8
chr19	51992747	52042747	7
chr4	421611	471611	8
chr10	38499872	38595869	8
chr2	91592772	91643974	8
chr4	173492449	173542449	11
chr3	75723249	75773249	8
chr19	37415098	37465098	8
chr8	11696891	11746891	1
chr3	147375213	147425213	11
chr3	75722049	75772049	8
chr19	23327998	23377998	8
chr19	36790898	36840898	8
chr12	114655395	114705395	3
chr11	31792652	31843054	11
chr19	36720898	36770898	8
chr15	96328171	96378171	3
chr19	56374231	56424231	2
chr19	37545698	37595899	8
chr20	30394924	31242997	8
chr19	37542098	37592299	8
chr5	180233600	180283600	8
chr4	49106583	49156583	8
chr19	56439031	56489031	1
chr19	57529432	57579432	2
chr19	9337124	9387124	8
chr4	416011	466011	8
chr20	30399124	31247197	8
chr19	56533431	56583632	2
chr19	51860947	51910947	2
chr17	79772201	79822201	11
chr22	46061920	46111920	3
chr19	57678832	57728832	2
chr19	9340324	9390324	8
chr19	37123298	37173298	8
chr2	92086974	92136974	8
chr22	46042120	46092120	3
chr19	58048832	58099033	2
chr19	52044147	52094147	2
chr5	93550894	93600894	11
chr12	132905814	132955814	1
chr19	56518431	56568431	2
chr19	12994786	13044786	2
chr12	132904414	132954414	2
chr17	21291488	21341488	10
chr21	10775256	12976679	8
chr9	123996321	124046321	11
chr17	79767001	79817001	11
chr4	337811	387811	7
chr15	89361969	89411969	11
chr4	49113583	49163583	8
chr17	21283688	21333688	10
chr21	8986767	9036767	11
chr19	1245801	1295801	3
chr5	88653382	88703583	10
