chr13	65258600	65258800	2	7.88273	1	(2,14)	13.5158	1	15.5769
chr11	3195800	3196000	14	6.71885	1	(3,14)	6.01872	1	14.7079
chr11	3181200	3181400	14	6.71885	1	(3,14)	6.01872	1	14.7079
chr11	3169600	3169800	14	6.71885	1	(3,14)	6.01872	1	14.7079
chr17	39843000	39843200	6	7.60695	1	(6,13)	12.4742	1	14.687
chr19	6831400	6831600	3	9.54552	1	(3,10)	10.1891	1	14.6401
chr3	8246400	8246600	3	6.60196	1	(3,14)	6.01872	1	14.591
chr11	3192600	3192800	14	6.73483	1	(2,14)	6.42459	1	14.4794
chr11	3157600	3157800	14	6.73483	1	(2,14)	6.42459	1	14.4794
chr13	119601800	119602000	14	3.85595	1	(3,14)	2.8427	1	14.4313
chr18	37742800	37743000	14	6.5319	1	(3,14)	6.01872	1	14.1748
chr1	128589400	128589600	3	6.11354	1	(3,10)	6.59771	1	14.1564
chr7	127122000	127122200	3	7.09213	1	(3,7)	11.7453	1	14.0689
chr9	3027200	3027400	6	7.24961	1	(6,14)	11.7596	1	14.0657
chr9	3019200	3019400	6	7.24961	1	(6,14)	11.7596	1	14.0657
chr9	3015600	3015800	6	7.24961	1	(6,14)	11.7596	1	14.0657
chr9	3004600	3004800	6	7.24961	1	(6,14)	11.7596	1	14.0657
chr5	137152200	137152400	6	7.24961	1	(6,14)	11.7596	1	14.0657
chr14	19415800	19416000	6	7.24961	1	(6,14)	11.7596	1	14.0657
chr11	3184800	3185000	6	7.24961	1	(6,14)	11.7596	1	14.0657
chr11	3170800	3171000	6	7.24961	1	(6,14)	11.7596	1	14.0657
chr11	3152600	3152800	6	7.24961	1	(6,14)	11.7596	1	14.0657
chr11	3146200	3146400	6	7.24961	1	(6,14)	11.7596	1	14.0657
chr11	3137400	3137600	6	7.24961	1	(6,14)	11.7596	1	14.0657
chr11	3132000	3132200	6	7.24961	1	(6,14)	11.7596	1	14.0657
chr11	3127400	3127600	6	7.24961	1	(6,14)	11.7596	1	14.0657
chr2	74676600	74676800	6	9.47605	1	(6,13)	9.14815	1	14.0501
chr10	81316600	81316800	6	9.4409	1	(6,10)	9.07786	1	13.9798
chr4	147275600	147275800	14	6.74282	1	(2,14)	6.42459	1	13.9
chr18	37761600	37761800	14	6.74282	1	(2,14)	6.42459	1	13.9
chr18	37707400	37707600	14	6.74282	1	(2,14)	6.42459	1	13.9
chr19	7182200	7182400	3	7.0018	1	(3,5)	11.5646	1	13.871
chr1	48881400	48881600	14	3.93443	1	(3,14)	2.8427	1	13.8682
chr7	29793000	29793200	12	6.22043	1	(12,14)	5.17255	1	13.8634
chr3	8246600	8246800	12	6.22043	1	(12,14)	5.17255	1	13.8634
chr1	48881600	48881800	12	6.22043	1	(12,14)	5.17255	1	13.8634
chr3	8245800	8246000	14	5.99002	1	(6,14)	5.54644	1	13.829
chr9	110727200	110727400	3	6.73232	1	(3,10)	6.59771	1	13.7752
chr2	90395200	90395400	3	9.11128	1	(3,14)	9.32057	1	13.7716
chr7	73552200	73552400	12	5.80723	1	(1,12)	5.38054	1	13.7573
chr7	16885200	16885400	14	4.15396	1	(2,14)	3.04563	1	13.7297
chr6	87837800	87838000	2	6.99921	1	(2,8)	11.7488	1	13.7164
chr19	5464200	5464400	4	6.60291	1	(4,10)	5.49201	1	13.7125
chr13	21253200	21253400	4	9.17305	1	(4,13)	9.0091	1	13.6776
chr11	118998800	118999000	4	9.17305	1	(4,13)	9.0091	1	13.6776
chr13	65258800	65259000	14	6.53989	1	(3,14)	6.01872	1	13.6702
chr1	88278200	88278400	12	5.73994	1	(12,14)	5.17255	1	13.5789
chr5	114657400	114657600	13	3.91842	1	(1,13)	2.95379	1	13.5462
chrX	151054600	151054800	6	6.39836	1	(6,13)	5.90378	1	13.5427
chr15	99084200	99084400	13	3.96462	1	(6,13)	2.78522	1	13.5144
chrX	76598800	76599000	6	9.20805	1	(6,14)	8.61215	1	13.5141
chr3	56575600	56575800	6	9.20805	1	(6,14)	8.61215	1	13.5141
chr11	3130800	3131000	6	9.20805	1	(6,14)	8.61215	1	13.5141
chr8	48137000	48137200	2	6.55291	1	(2,10)	6.63089	1	13.5111
chr5	119685200	119685400	6	6.69482	1	(6,13)	5.90378	1	13.5089
chr5	119667600	119667800	6	6.69482	1	(6,13)	5.90378	1	13.5089
chr15	103019000	103019200	6	6.69482	1	(6,13)	5.90378	1	13.5089
chr19	46574200	46574400	4	9.08607	1	(4,7)	8.83514	1	13.5036
chr11	96002000	96002200	4	9.08607	1	(4,7)	8.83514	1	13.5036
chr2	130637800	130638000	6	5.9285	1	(6,13)	5.90378	1	13.441
chr7	16885800	16886000	3	4.01109	1	(3,10)	3.13219	1	13.4364
chr4	137865000	137865200	12	9.23471	1	(1,12)	8.36329	1	13.4164
chr2	91452800	91453000	12	9.23471	1	(1,12)	8.36329	1	13.4164
chr15	66967600	66967800	12	9.23471	1	(1,12)	8.36329	1	13.4164
chr11	4188600	4188800	12	9.23471	1	(1,12)	8.36329	1	13.4164
chr11	59309200	59309400	3	6.36225	1	(3,7)	5.53929	1	13.415
chr9	3038200	3038400	14	6.29576	1	(6,14)	5.54644	1	13.4009
chr9	3004400	3004600	14	6.29576	1	(6,14)	5.54644	1	13.4009
chr5	109556200	109556400	14	6.29576	1	(6,14)	5.54644	1	13.4009
chr12	67059200	67059400	14	6.29576	1	(6,14)	5.54644	1	13.4009
chr11	3149600	3149800	14	6.29576	1	(6,14)	5.54644	1	13.4009
chr11	3137000	3137200	14	6.29576	1	(6,14)	5.54644	1	13.4009
chr6	137570600	137570800	1	6.59198	1	(1,15)	5.97289	1	13.4007
chr18	37766000	37766200	12	6.92607	1	(12,14)	11.0118	1	13.3682
chr18	37762400	37762600	12	6.92607	1	(12,14)	11.0118	1	13.3682
chr18	37756400	37756600	12	6.92607	1	(12,14)	11.0118	1	13.3682
chr18	37737000	37737200	12	6.92607	1	(12,14)	11.0118	1	13.3682
chr17	3082200	3082400	12	6.92607	1	(12,14)	11.0118	1	13.3682
chr17	3081600	3081800	12	6.92607	1	(12,14)	11.0118	1	13.3682
chr2	85136600	85136800	1	8.50718	1	(1,13)	9.65386	1	13.3341
chr5	139553200	139553400	3	6.03313	1	(3,7)	5.53929	1	13.323
chr4	152132600	152132800	3	6.71363	1	(3,7)	5.53929	1	13.3178
chr4	124989400	124989600	3	6.71363	1	(3,7)	5.53929	1	13.3178
chr17	45601600	45601800	3	6.71363	1	(3,7)	5.53929	1	13.3178
chr13	63569400	63569600	3	6.71363	1	(3,7)	5.53929	1	13.3178
chr5	139381800	139382000	4	6.75515	1	(4,5)	10.9263	1	13.3052
chr18	62734800	62735000	7	6.72332	1	(1,7)	11.2385	1	13.3051
chr17	15381200	15381400	5	3.6806	1	(4,13)	2.73887	1	13.3045
chr12	79068200	79068400	1	3.92488	1	(1,10)	3.56302	1	13.283
chr11	87216600	87216800	1	3.92488	1	(1,10)	3.56302	1	13.283
chr13	119601400	119601600	14	6.1388	1	(6,14)	5.54644	1	13.2513
chr17	13591200	13591400	12	6.27096	1	(12,14)	5.17255	1	13.2356
chr17	13552200	13552400	12	6.27096	1	(12,14)	5.17255	1	13.2356
chr4	152007600	152007800	4	6.70446	1	(4,7)	5.69511	1	13.227
chr2	98664000	98664200	9	6.76869	1	(9,14)	11.0437	1	13.2268
chr18	37761400	37761600	9	6.76869	1	(9,14)	11.0437	1	13.2268
chr18	37742400	37742600	9	6.76869	1	(9,14)	11.0437	1	13.2268
chr18	37669200	37669400	9	6.76869	1	(9,14)	11.0437	1	13.2268
chr17	39848800	39849000	9	6.76869	1	(9,14)	11.0437	1	13.2268
chr13	65259000	65259200	9	6.76869	1	(9,14)	11.0437	1	13.2268
