chr11	96302000	96352000	6
chr6	52157400	52207400	6
chr11	3148200	3198200	12
chr6	52207600	52257600	3
chr18	37718600	37768600	2
chr8	84762800	84812800	3
chr11	98922400	98972400	12
chr2	74679600	74729600	3
chr18	37722800	37772800	2
chr7	70322600	70372600	6
chr7	79495600	79545600	6
chr15	102966200	103016200	3
chr10	80131400	80181400	6
chr13	78162000	78212000	4
chr10	80124600	80174600	6
chr3	88194200	88244200	6
chr8	120489600	120539600	4
chr11	98740200	98790200	12
chr8	108690600	108740600	4
chr8	57306600	57356600	1
chr9	61360200	61410200	6
chr9	91347600	91397600	3
chr2	165839400	165889400	6
chr4	133010000	133060000	2
chr18	37805000	37855000	6
chr10	80144600	80194600	12
chr5	119798000	119848000	3
chr15	103021000	103071000	6
chr11	120215800	120265800	9
chr5	125130800	125180800	12
chr1	85249600	85299600	6
chr19	44718000	44768000	3
chr5	119643000	119693000	6
chr1	88210200	88260200	12
chr13	63238400	63288400	12
chr10	81383800	81433800	3
chr11	98312400	98362400	6
chr13	63524400	63574400	6
chr2	165834800	165884800	6
chr7	70336200	70386200	6
chr14	122445600	122495600	3
chr2	30676400	30726400	12
chr13	40700400	40750400	9
chr17	13184800	13234800	14
chr14	25455800	25505800	6
chr15	85644800	85694800	6
chr11	97530000	97580000	6
chr7	44427400	44477400	4
chr14	63227000	63277000	3
chr6	83408200	83458200	6
chr9	107533400	107583400	3
chr2	38331600	38381600	3
chr2	26458400	26508400	12
chr4	147389400	147439400	2
chr11	98750200	98800200	6
chr12	107959400	108009400	6
chr1	42672200	42722200	6
chr2	33600200	33650200	3
chr7	28913800	28963800	6
chr16	3231000	3281000	14
chr6	114872200	114922200	12
chr18	37799800	37849800	6
chr8	84676200	84726200	3
chr15	85652600	85702600	6
chr7	73510200	73560200	6
chr7	141428600	141478600	6
chr18	75361400	75411400	9
chr4	121998000	122048000	14
chr13	83703800	83753800	1
chr5	125139000	125189000	12
chr10	80294600	80344600	9
chr11	117301200	117351200	6
chr1	78168600	78218600	3
chr15	82920000	82970000	6
chr2	26468200	26518200	12
chr7	141433200	141483200	6
chr1	75442200	75492200	6
chr10	81557400	81607400	2
chr10	81388800	81438800	3
chr17	25790400	25840400	6
chr18	35827200	35877200	6
chr7	137282400	137332400	6
chr12	111406200	111456200	6
chr11	98896200	98946200	12
chr10	81316200	81366200	9
chr12	107962000	108012000	6
chr15	77793600	77843600	9
chr11	98939400	98989400	12
chr4	82464800	82514800	7
chr5	104798200	104848200	14
chr4	148855600	148905600	3
chr19	5710600	5760600	3
chr4	147449000	147499000	2
chr8	108680000	108730000	4
chr5	139523800	139573800	3
chr11	69981000	70031000	9
chr11	24073200	24123200	2
chr8	70752200	70802200	6
chr11	24060400	24110400	2
chr8	121071600	121121600	3
