chr11	65496729	65506729	3
chr2	63047465	63057465	11
chr2	172094072	172104072	11
chr15	76333859	76343859	11
chr2	43218461	43228461	3
chr8	98939372	98949372	11
chr12	6951237	6961237	3
chr15	81295659	81305659	3
chr21	33019692	33029692	11
chr1	197911470	197921470	11
chr10	3776208	3786208	3
chr17	79796601	79806601	1
chr6	159035968	159045968	3
chr19	51934547	51944547	8
chr19	51888347	51898347	8
chr7	138553855	138563855	8
chr16	68550697	68560697	8
chr19	58184633	58194633	8
chr12	133041214	133051214	8
chr19	51964547	51974547	8
chr12	133185414	133195414	8
chr1	150570724	150580724	3
chr10	11167037	11177037	3
chr2	174334272	174344272	12
chr6	5994967	6004967	11
chr19	52311147	52321147	8
chr8	144838015	144848015	8
chr19	58201433	58211634	8
chr19	57979032	57989032	8
chr19	58245634	58255634	8
chr17	61402839	61412839	10
chr7	26192580	26202580	3
chr19	51993547	52003547	8
chr12	133096614	133106614	8
chr19	52950947	52960947	8
chr12	12716266	12726266	3
chr12	12716466	12726466	3
chr19	54200133	54210332	3
chr19	10286524	10296524	11
chr19	44476983	44487790	8
chr19	36710498	36720498	8
chr19	20544394	20554394	8
chr20	49277663	49287663	3
chr12	133004814	133014814	8
chr15	81294259	81304259	3
chr19	53342547	53352547	8
chr6	1605365	1615365	10
chr7	26193180	26203180	3
chr8	98937172	98947172	11
chr19	21809598	21819598	8
chr2	172079872	172089872	11
chr19	52015747	52025747	8
chr4	347811	357811	8
chr19	36747898	36757898	8
chr12	92137224	92147224	1
chr1	169700259	169710259	3
chr19	37234098	37244098	8
chr19	11941785	11951785	8
chr19	57614232	57624232	8
chr19	52068147	52078147	8
chr9	99819118	99829118	11
chr15	76332259	76342259	11
chr6	108111396	108121396	11
chr5	180249200	180259200	8
chr19	44490349	44500948	1
chr6	32967023	32977023	3
chr1	169699459	169709459	3
chr14	92654055	92664055	3
chr4	112508244	112518244	11
chr7	129777160	129787160	12
chr19	9560724	9570724	8
chr11	67266329	67276329	3
chr19	53400147	53410147	8
chr11	31808652	31818652	11
chr19	12181785	12191785	8
chr12	133080214	133090214	1
chr19	57771632	57781632	8
chr19	52117347	52127347	8
chr2	170814890	170824890	11
chr12	132940214	132950214	8
chr12	12714066	12724066	3
chr17	4939305	4949305	3
chr19	57542632	57552632	8
chr9	124008521	124018521	11
chr19	23653598	23663598	8
chr5	178712799	178722799	8
chr19	36547898	36557898	8
chr19	52839147	52849147	8
chr19	7075589	7085589	8
chr5	178872599	178882599	8
chr17	4940705	4950705	3
chr19	10285324	10295324	11
chr9	95506118	95516118	10
chr9	93950918	93960918	11
chr17	79836001	79846001	1
chr22	37231960	37241960	3
chr7	6686569	6696569	8
chr7	27183581	27193581	11
chr7	155372305	155382305	11
chr14	92650855	92660855	3
