chr15	25046453	25096453	20
chr19	58229434	58279434	4
chr1	2427561	2477561	6
chr12	133078814	133128814	22
chr19	57964232	58014232	14
chr4	424811	474811	16
chr12	53987816	54037816	1
chr1	201282672	201332672	19
chr19	58169633	58219834	4
chr19	36532898	36582898	20
chr7	27094181	27144181	18
chr17	48572838	48622838	12
chr19	36795298	36845298	22
chr19	57529632	57579632	22
chr12	53996816	54046816	1
chr19	23343398	23393398	20
chr7	27152581	27202581	4
chr19	56533231	56583432	22
chr22	46038920	46088920	22
chr19	1230401	1280401	1
chr19	38648360	38698360	9
chr19	36710498	36760498	20
chr19	51992947	52042947	20
chr19	58094833	58144833	23
chr22	36323755	36373755	9
chr19	38655360	38705360	9
chr19	56540831	56591032	22
chr19	36618698	36668698	4
chr7	130872841	130922841	13
chr7	27089181	27139181	18
chr17	50173039	50223039	23
chr19	52086947	52136947	20
chr19	52364947	52414947	16
chr16	70678697	70728697	1
chr8	143928432	143978432	23
chr15	96320171	96370171	11
chr4	408811	458811	20
chr7	27165181	27215181	23
chr19	58154833	58204833	4
chr11	35138053	35188053	4
chr4	40599	93913	4
chr12	108798224	108848224	11
chr12	133034014	133084014	20
chr11	62527528	62577528	13
chr15	96321571	96371571	11
chr11	128476105	128526105	1
chr12	120216197	120266197	22
chr5	180244000	180294000	1
chr11	64222728	64272728	22
chr2	238844359	238911504	22
chr17	40302948	40352948	13
chr9	127521321	127571321	1
chr19	36722498	36772498	20
chr10	62036241	62086241	13
chr11	62529328	62579328	13
chr11	33687854	33737854	1
chr16	86474594	86524594	4
chr17	17805286	17855286	13
chr22	36304354	36354555	9
chr19	12994586	13044586	22
chr1	156095609	156145609	13
chr11	64221728	64271728	22
chr14	73711697	73761697	1
chr20	47311856	47361856	13
chr1	1312420	1362420	1
chr3	50225968	50276169	1
chr17	77380918	77430918	9
chr17	77406918	77456918	3
chr14	99225463	99275463	21
chr14	68932083	68982083	1
chr15	60353201	60403201	1
chr19	36855498	36905498	20
chr12	57127617	57177617	13
chr4	337411	387411	23
chr11	801600	851600	22
chr14	99228263	99278263	21
chr19	37123898	37173898	22
chr19	13053386	13103386	4
chr5	93564294	93614294	20
chr11	122153892	122203892	1
chr1	27521289	27571289	4
chr10	93433243	93483243	13
chr19	13054786	13104786	4
chr8	22560687	22610687	22
chr17	2040906	2090906	1
chr12	6924237	6974438	22
chr17	81378800	81435774	13
chr19	56373631	56423631	22
chr12	54368216	54418216	1
chr8	143567830	143617830	22
chr17	7213881	7263881	22
chr17	57867039	57917039	13
chr19	15249189	15299189	9
chr19	15248589	15298589	9
chr10	79397244	79447244	1
chr10	79137243	79187243	13
chr2	47026861	47076861	13
chr1	27555289	27605289	1
chr1	201267472	201317472	19
chr16	87821994	87871994	1
