chr7	5567600	5567800	8	10.2895	1	(8,8)	8.17694	1	12.5891
chr2	232576800	232577000	8	11.3836	1	(8,8)	10.4314	1	12.3782
chr19	3984000	3984200	8	10.1298	1	(8,8)	8.17694	1	12.2495
chr17	41382000	41382200	14	6.91664	1	(8,14)	6.20442	1	12.1282
chr12	6645400	6645600	8	10.3226	1	(8,8)	8.71285	1	12.0867
chr12	56553800	56554000	8	10.2974	1	(8,8)	8.71285	1	12.0029
chr8	146016600	146016800	8	9.04851	1	(8,8)	6.67875	1	11.8601
chr22	39919200	39919400	8	9.56884	1	(8,8)	7.65935	1	11.7524
chr22	50356400	50356600	8	9.30328	1	(8,8)	7.15998	1	11.7151
chr19	1275000	1275200	8	8.46281	1	(8,8)	5.77031	1	11.5635
chr19	49992800	49993000	8	9.77412	1	(8,8)	8.17694	1	11.5378
chr17	45234200	45234400	14	8.49107	1	(14,14)	5.86354	1	11.5164
chr20	47897400	47897600	8	6.36872	1	(8,12)	3.63615	1	11.494
chr7	61969400	61969600	14	10.8256	1	(14,14)	10.2037	1	11.4516
chr1	28836600	28836800	8	8.48646	1	(8,8)	6.21556	1	11.4124
chr19	2271600	2271800	8	8.31691	1	(8,8)	5.77031	1	11.3569
chr14	35872400	35872600	8	7.67871	1	(8,8)	4.93324	1	11.3396
chr16	89628200	89628400	8	7.72039	1	(8,8)	4.93324	1	11.3318
chr12	49523600	49523800	8	8.2183	1	(8,8)	5.77031	1	11.3109
chr19	50000800	50001000	8	8.49174	1	(8,8)	6.21556	1	11.2856
chr18	108200	108400	14	7.39744	1	(12,14)	4.8098	1	11.2722
chr16	46405000	46405200	14	8.35667	1	(14,14)	5.86354	1	11.22
chr6	58779000	58779200	14	9.61931	1	(14,14)	8.11386	1	11.2186
chr19	18389600	18389800	8	8.19836	1	(8,8)	5.77031	1	11.1902
chr19	36066600	36066800	14	8.38378	1	(14,14)	5.86354	1	11.1712
chr16	46417200	46417400	14	8.14339	1	(14,14)	5.46089	1	11.1649
chr1	91852800	91853000	14	10.4092	1	(14,14)	9.65676	1	11.163
chrX	61717800	61718000	14	8.84034	1	(14,14)	6.716	1	11.1574
chr19	27732000	27732200	14	8.84034	1	(14,14)	6.716	1	11.1574
chr12	20704400	20704600	14	9.87338	1	(14,14)	8.61193	1	11.1574
chr21	11186600	11186800	14	8.59483	1	(14,14)	6.28188	1	11.1572
chr16	46403600	46403800	14	8.59483	1	(14,14)	6.28188	1	11.1572
chr8	43831600	43831800	14	10.1371	1	(14,14)	9.12621	1	11.1569
chr2	133012600	133012800	14	8.35152	1	(14,14)	5.86354	1	11.1546
chr3	52028800	52029000	8	8.149	1	(8,8)	5.77031	1	11.1512
chr19	13050800	13051000	8	7.5416	1	(8,8)	4.93324	1	11.1423
chr16	29820000	29820200	8	8.71831	1	(8,8)	6.67875	1	11.1132
chr17	7478000	7478200	8	7.79715	1	(8,8)	5.34291	1	11.11
chr1	121485000	121485200	14	10.652	1	(14,14)	10.2037	1	11.1058
chr5	49405800	49406000	14	7.18736	1	(12,14)	6.3645	1	11.0953
chr21	9696200	9696400	14	7.18736	1	(12,14)	6.3645	1	11.0953
chr19	55898400	55898600	8	7.11899	1	(8,8)	4.16667	1	11.0748
chr1	121478600	121478800	14	6.94824	1	(12,14)	6.53775	1	11.0655
chr14	88237600	88237800	14	9.03611	1	(14,14)	7.16597	1	11.0281
chr5	71146800	71147000	14	9.28671	1	(14,14)	7.6319	1	11.0267
chr18	18520200	18520400	14	9.54204	1	(14,14)	8.11386	1	11.0264
chr6	58773800	58774000	14	8.30329	1	(14,14)	5.86354	1	11.0257
chr17	39846400	39846600	8	7.09795	1	(8,8)	4.16667	1	11.0227
chr8	43838600	43838800	14	8.56489	1	(14,14)	6.28188	1	11.0065
chr6	119558600	119558800	14	9.78641	1	(14,14)	8.61193	1	11.0047
chr10	102758600	102758800	3	10.5308	1	(3,3)	10.0702	1	10.9962
chr10	42534800	42535000	14	8.32246	1	(14,14)	5.86354	1	10.9955
chr2	92305800	92306000	14	8.47763	1	(14,14)	6.28188	1	10.9815
chr17	4848600	4848800	8	8.34908	1	(8,8)	6.21556	1	10.9735
chr10	42365000	42365200	14	6.192	1	(12,14)	6.49046	1	10.9466
chr2	92281400	92281600	14	8.47892	1	(14,14)	6.28188	1	10.942
chr4	68265400	68265600	14	7.5701	1	(12,14)	4.99427	1	10.9347
chr11	85195000	85195200	14	8.00487	1	(14,14)	5.46089	1	10.9328
chr9	68412800	68413000	14	9.22943	1	(14,14)	7.6319	1	10.9222
chr4	49659600	49659800	14	5.9501	1	(12,14)	6.55352	1	10.8983
chr16	46396600	46396800	14	5.98432	1	(12,14)	6.91714	1	10.8921
chr19	49376800	49377000	8	6.33215	1	(1,8)	4.61769	1	10.8859
chr17	41400400	41400600	14	5.77659	1	(8,14)	3.35016	1	10.8794
chr2	92276000	92276200	14	7.03224	1	(12,14)	5.05589	1	10.8721
chr5	180669000	180669200	8	7.42091	1	(8,8)	4.93324	1	10.8706
chr16	33959200	33959400	14	7.73728	1	(14,14)	5.07381	1	10.8593
chr16	33957200	33957400	14	8.18992	1	(14,14)	5.86354	1	10.8329
chr10	98561400	98561600	14	9.43319	1	(14,14)	8.11386	1	10.8272
chr14	69256600	69256800	8	6.23706	1	(1,8)	4.98382	1	10.8249
chr18	108800	109000	14	6.94421	1	(12,14)	4.62596	1	10.8233
chr16	30078600	30078800	8	7.43574	1	(8,8)	4.93324	1	10.8106
chr16	33955600	33955800	14	7.91981	1	(14,14)	5.46089	1	10.7969
chr2	92296800	92297000	14	8.17423	1	(14,14)	5.86354	1	10.793
chr1	121355600	121355800	14	6.31887	1	(12,14)	5.61346	1	10.7867
chrX	136520400	136520600	14	9.15745	1	(14,14)	7.6319	1	10.7854
chr9	139620600	139620800	8	7.39482	1	(8,8)	4.93324	1	10.7834
chr9	140137000	140137200	8	6.02315	1	(8,8)	3.14696	1	10.7828
chr8	70602400	70602600	14	9.17293	1	(14,14)	7.6319	1	10.7804
chr22	36726000	36726200	8	7.45883	1	(8,8)	4.93324	1	10.7762
chr12	127650400	127650600	14	9.93257	1	(14,14)	9.12621	1	10.7728
chr17	22261600	22261800	14	7.2629	1	(12,14)	5.25664	1	10.7725
chr19	27738400	27738600	14	6.08043	1	(12,14)	5.73805	1	10.7488
chr11	51591200	51591400	14	6.08043	1	(12,14)	5.73805	1	10.7488
chr6	31805000	31805200	8	7.11415	1	(8,8)	4.54119	1	10.7456
chrX	48434000	48434200	8	7.18231	1	(8,8)	4.54119	1	10.7332
chr16	33963200	33963400	14	7.47981	1	(12,14)	4.99427	1	10.7331
chr9	44993000	44993200	12	5.23602	1	(12,14)	6.55352	1	10.7204
chr16	46406400	46406600	12	5.23602	1	(12,14)	6.55352	1	10.7204
chr10	42396600	42396800	14	5.67487	1	(12,14)	6.58507	1	10.7122
chr16	46427600	46427800	12	5.45453	1	(12,14)	6.86961	1	10.7032
chr16	46394400	46394600	12	5.45453	1	(12,14)	6.86961	1	10.7032
chr13	28033800	28034000	14	8.8663	1	(14,14)	7.16597	1	10.6969
chr21	9827200	9827400	14	9.36696	1	(14,14)	8.11386	1	10.6887
chr18	50319200	50319400	14	7.31466	1	(12,14)	4.36665	1	10.6833
chr17	33478200	33478400	14	9.34031	1	(14,14)	8.11386	1	10.6593
chr10	42398600	42398800	14	5.60122	1	(12,14)	5.89412	1	10.6576
chr17	79477600	79477800	8	5.75711	1	(1,8)	4.50674	1	10.6507
chr11	62650400	62650600	8	7.05625	1	(8,8)	4.54119	1	10.6495
chr19	2042400	2042600	8	7.67736	1	(8,8)	5.34291	1	10.6472
chr16	33953200	33953400	14	8.82514	1	(14,14)	7.16597	1	10.6354
