chr2	133022600	133032600	15
chr20	47895600	47905600	8
chr22	36723400	36733400	8
chr3	134081600	134091600	8
chr16	33949800	33959800	14
chr20	47893400	47903400	8
chr19	45252200	45262200	14
chr18	18510800	18520800	14
chr17	59473400	59483400	15
chr19	45251600	45261600	14
chr2	133029200	133039200	15
chr19	1251400	1261400	8
chr11	118784600	118794600	3
chr17	59474600	59484600	15
chr19	45251200	45261200	14
chr19	27731800	27741800	14
chr10	8092400	8102400	16
chr7	27204000	27214000	14
chr10	8091800	8101800	16
chr11	118785600	118795600	3
chr17	77805800	77815800	8
chr20	45976800	45986800	3
chr20	30299800	30309800	3
chr1	150539800	150549800	8
chr7	2559200	2569200	9
chr2	133014200	133024200	14
chr9	68412400	68422400	14
chr16	46386000	46396000	14
chr19	1265400	1275400	8
chr2	172958800	172968800	14
chr1	150539200	150549200	8
chr17	77807800	77817800	8
chr6	10410000	10420000	15
chr2	63274400	63284400	15
chr8	145007800	145017800	3
chr17	46124200	46134200	8
chr19	1249800	1259800	8
chr8	145008800	145018800	8
chr2	145268000	145278000	8
chr19	54705200	54715200	8
chr13	100630200	100640200	15
chr18	46464600	46474600	3
chr17	76347600	76357600	8
chr2	172958000	172968000	15
chr11	825200	835200	4
chr11	65266200	65276200	8
chr1	37937000	37947000	8
chr19	1254200	1264200	8
chr21	43180400	43190400	15
chr17	77809000	77819000	8
chr10	42392400	42402400	14
chr12	4377800	4387800	8
chr3	50275400	50285400	3
chr22	46464800	46474800	8
chr7	27182200	27192200	1
chr18	46464200	46474200	3
chr19	41303800	41313800	8
chr7	2556400	2566400	9
chr15	76627400	76637400	14
chr22	36756800	36766800	8
chr3	128202000	128212000	15
chr12	4379400	4389400	8
chr3	128201800	128211800	15
chr17	7477200	7487200	8
chr7	27134600	27144600	15
chr10	3817600	3827600	8
chr17	1952400	1962400	4
chr15	63333600	63343600	8
chr19	13204400	13214400	4
chr17	37033200	37043200	8
chr7	23504800	23514800	3
chr12	57628000	57638000	16
chr16	29817000	29827000	8
chr14	105946000	105956000	1
chr5	92914600	92924600	15
chr8	99951600	99961600	15
chr17	79475800	79485800	8
chr18	19744400	19754400	15
chr15	96877200	96887200	8
chr10	3818200	3828200	8
chr7	100805800	100815800	3
chr1	221049800	221059800	5
chr19	41102600	41112600	3
chr1	43400600	43410600	8
chr2	172957200	172967200	15
chr7	27146000	27156000	15
chr1	92943400	92953400	14
chr19	39151200	39161200	9
chr17	37030600	37040600	8
chr4	49200	59200	12
chr19	1264000	1274000	8
chr9	140188600	140198600	14
chr4	174442800	174452800	15
chr2	66664200	66674200	3
chr17	38498400	38508400	3
chr1	8930600	8940600	8
chr1	8930800	8940800	8
chr19	2040600	2050600	3
chr5	2747600	2757600	14
chr4	55091200	55101200	14
