chr15	25295400	25320400	20
chr19	58747600	58772600	20
chr19	58696800	58721800	20
chr19	58041600	58066600	20
chr19	37035200	37060200	20
chr15	25320600	25345600	20
chr12	133658800	133683800	20
chr12	133567600	133592600	20
chr19	52802400	52827400	20
chr12	133709200	133734200	20
chr5	179671800	179696800	20
chr19	52465600	52490600	20
chr4	440400	465400	20
chr19	37911200	37936200	20
chr19	37303400	37328400	20
chr12	133613000	133638000	4
chr19	44978600	45003600	4
chr19	52567800	52592800	20
chr4	329800	354800	1
chr19	38053400	38078400	20
chr19	52614000	52639000	20
chr19	20724000	20749000	20
chr19	37194400	37219400	20
chr4	125000	150000	4
chr19	23544800	23569800	20
chr19	37127200	37152200	20
chr19	52519000	52544000	4
chr19	58490400	58515400	4
chr19	37375400	37400400	20
chr19	52383000	52408000	4
chr19	37232800	37257800	20
chr19	37579800	37604800	20
chr19	37715400	37740400	20
chr19	9670600	9695600	20
chr19	56914600	56939600	20
chr19	58633000	58658000	20
chr19	23400200	23425200	20
chr19	57112000	57137000	20
chr19	53046000	53071000	20
chr19	9433800	9458800	1
chr19	37636400	37661400	20
chr12	133757000	133782000	20
chr19	23516600	23541600	20
chr1	247304000	247329000	20
chr19	37346400	37371400	20
chr5	178292600	178317600	20
chr16	68582800	68607800	20
chr16	3436600	3461600	1
chr19	23836000	23861000	20
chr7	6714600	6739600	20
chr19	52429600	52454600	4
chr19	37945000	37970000	20
chr19	58194200	58219200	4
chr19	37864600	37889600	20
chr19	58280400	58305400	20
chr19	36995600	37020600	20
chr19	44656600	44681600	20
chr7	6713600	6738600	20
chr19	9514600	9539600	20
chr12	133644600	133669600	1
chr19	53934400	53959400	4
chr16	31745600	31770600	20
chr16	3335200	3360200	20
chr19	44339000	44364000	20
chr16	68586600	68611600	20
chr19	38122600	38147600	1
chr19	52876200	52901200	20
chr19	58625800	58650800	20
chr19	52605000	52630000	20
chr12	133601600	133626600	4
chr19	37224200	37249200	20
chr19	52815800	52840800	20
chr19	53835800	53860800	1
chr16	31917000	31942000	20
chr7	63790000	63815000	20
chr19	57049000	57074000	1
chr19	44340000	44365000	20
chr9	99512200	99537200	20
chr19	58681400	58706400	20
chr19	53561600	53586600	20
chr11	3376200	3401200	1
chr19	37868200	37893200	20
chr19	36881600	36906600	20
chr19	36991200	37016200	20
chr19	37421600	37446600	20
chr5	178492200	178517200	20
chr19	57064800	57089800	20
chr19	56924000	56949000	20
chr19	37629600	37654600	20
chr5	178492400	178517400	20
chr19	52453600	52478600	20
chr19	58003600	58028600	1
chr19	9442800	9467800	20
chr19	37964000	37989000	20
chr19	53975800	54000800	20
chr19	58475000	58500000	20
chr12	133723200	133748200	20
chr19	37116200	37141200	20
chr19	21982400	22007400	20
chr19	53699800	53724800	1
