chr7	5567800	5568000	3	10.3516	1	10.3769
chr17	39846400	39846600	3	10.2374	1	10.2615
chr22	39917600	39917800	3	10.0095	1	10.1121
chr6	32942400	32942600	3	10.0095	1	10.1026
chr11	65273000	65273200	3	10.0095	1	10.0803
chr14	35871800	35872000	3	9.8957	1	10.0099
chr3	186503400	186503600	3	9.8957	1	9.98748
chr17	79478200	79478400	3	9.78208	1	9.96202
chr1	145440400	145440600	3	9.8957	1	9.94448
chr10	3823200	3823400	3	9.78208	1	9.91692
chr14	70235200	70235400	3	9.66859	1	9.80358
chr12	56554000	56554200	3	9.55525	1	9.75257
chr1	234743200	234743400	3	9.44204	1	9.72278
chr19	3984000	3984200	3	9.55525	1	9.71095
chr1	35656400	35656600	3	9.44204	1	9.69536
chr11	122930200	122930400	3	9.21607	1	9.68268
chr5	179048800	179049000	3	9.32899	1	9.66109
chr6	36565000	36565200	3	9.44204	1	9.64503
chr16	89628200	89628400	3	9.44204	1	9.64176
chr5	172196400	172196600	3	9.32899	1	9.61775
chr20	42087800	42088000	3	9.21607	1	9.60034
chr1	150548000	150548200	3	9.21607	1	9.5317
chr14	102551800	102552000	3	9.10331	1	9.50699
chr19	13050800	13051000	3	8.87823	1	9.50056
chr19	49377400	49377600	3	9.21607	1	9.47293
chr20	47896600	47896800	3	8.54177	1	9.41284
chr17	73774600	73774800	3	8.65377	1	9.36082
chr19	14627000	14627200	3	8.87823	1	9.35405
chr1	121485000	121485200	11	8.06568	1	9.33531
chr17	7477600	7477800	3	8.9907	1	9.32551
chr14	69256000	69256200	3	8.87823	1	9.32417
chr14	103802000	103802200	3	8.9907	1	9.27493
chr19	18389800	18390000	3	8.76592	1	9.26262
chr11	61733000	61733200	3	8.76592	1	9.26151
chr8	146016600	146016800	3	8.76592	1	9.17231
chr2	232576600	232576800	3	8.54177	1	9.10333
chr1	91852800	91853000	11	6.9766	1	9.07413
chr12	54677000	54677200	3	7.87315	1	9.05668
chr11	62650400	62650600	3	7.65161	1	9.0247
chr19	55898600	55898800	3	8.42993	1	9.01437
chr6	30584600	30584800	3	7.98418	1	9.00315
chr10	74035000	74035200	3	8.31824	1	9.00044
chr9	68412600	68412800	11	7.62797	1	8.99301
chr19	2271800	2272000	3	8.42993	1	8.98261
chr19	49469600	49469800	3	8.20672	1	8.97621
chr16	30078600	30078800	3	8.20672	1	8.97565
chr9	140136800	140137000	3	8.31824	1	8.96169
chr19	50000800	50001000	3	8.42993	1	8.94745
chr2	133025600	133025800	11	6.9766	1	8.94593
chr6	30458200	30458400	3	8.09537	1	8.93605
chr11	66407600	66407800	3	8.20672	1	8.92664
chr12	125398200	125398400	3	7.98418	1	8.92578
chr8	82754600	82754800	11	7.30148	1	8.92053
chr11	8705800	8706000	3	7.87315	1	8.91858
chr11	64544400	64544600	3	8.20672	1	8.89399
chr22	39714000	39714200	3	8.09537	1	8.86676
chr19	49992800	49993000	3	8.31824	1	8.86656
chr19	58707200	58707400	8	8.86457	1	8.86457
chr12	133626200	133626400	8	8.86457	1	8.86457
chr17	56082800	56083000	3	7.7623	1	8.83679
chr2	91670200	91670400	11	7.62797	1	8.8252
chr9	136216000	136216200	3	7.87315	1	8.7853
chr6	35437600	35437800	3	7.98418	1	8.78161
chr3	52028800	52029000	3	7.54111	1	8.76017
chr12	20704400	20704600	11	5.80024	1	8.75775
chr19	7084200	7084400	8	8.76647	1	8.75331
chr19	58774200	58774400	8	8.76647	1	8.75331
chr12	133587600	133587800	8	8.76647	1	8.75331
chr8	146067200	146067400	8	8.76647	1	8.74782
chr19	9677200	9677400	8	8.76647	1	8.74782
chr19	58132000	58132200	8	8.76647	1	8.74782
chr19	58058400	58058600	8	8.76647	1	8.74782
chr19	44983600	44983800	8	8.76647	1	8.74782
chr19	12639400	12639600	8	8.76647	1	8.74782
chr16	3433200	3433400	8	8.76647	1	8.74782
chr12	133682800	133683000	8	8.76647	1	8.74782
chr3	196625600	196625800	8	8.76647	1	8.73192
chr11	62621600	62621800	3	8.09537	1	8.72427
chr17	4849600	4849800	3	8.09537	1	8.70928
chrX	153627800	153628000	3	8.09537	1	8.70157
chr6	31507800	31508000	3	7.65161	1	8.69542
chr19	42365400	42365600	3	8.09537	1	8.69461
chr16	46403600	46403800	8	8.6685	1	8.69049
chr17	62500800	62501000	3	7.65161	1	8.68294
chr20	29634600	29634800	8	8.6685	1	8.66124
chr19	58640000	58640200	8	8.6685	1	8.66124
chr19	52474800	52475000	8	8.6685	1	8.66124
chr19	52448000	52448200	8	8.6685	1	8.66124
chr19	52394600	52394800	8	8.6685	1	8.66124
chr19	44418200	44418400	8	8.6685	1	8.66124
chr19	12060200	12060400	8	8.6685	1	8.66124
chr6	58779000	58779200	11	5.37879	1	8.66033
chr5	180669200	180669400	3	7.7623	1	8.65598
chr6	116599400	116599600	3	7.7623	1	8.65383
chr7	99668800	99669000	8	8.6685	1	8.65024
chr7	99129200	99129400	8	8.6685	1	8.65024
chr7	5104200	5104400	8	8.6685	1	8.65024
chr19	9641200	9641400	8	8.6685	1	8.65024
chr19	35449800	35450000	8	8.6685	1	8.65024
chr16	3339800	3340000	8	8.6685	1	8.65024
