chr5	180648600	180689800	8
chr8	145994400	146037000	8
chr7	5547400	5589000	8
chr22	39692200	39734400	8
chr12	6625000	6666000	8
chr3	52008400	52049200	8
chr12	56533400	56575000	8
chr19	49972200	50013800	8
chr19	47641200	47682200	8
chr19	3963400	4004400	8
chr17	27028400	27070400	8
chr16	89608000	89651200	8
chr19	54685400	54727600	8
chr12	120616400	120657800	8
chr17	7457600	7498800	8
chr17	4828400	4870200	8
chr1	28813800	28857200	8
chr6	133117000	133158000	8
chr2	232556000	232597400	8
chr11	8685600	8726200	8
chr11	64511200	64552400	8
chr11	62414000	62454800	8
chr1	223176400	223217800	8
chr17	46113800	46154400	8
chr19	4389400	4430200	8
chr6	33730000	33770400	8
chr6	33221000	33263000	8
chr1	155146400	155187600	8
chr19	49098400	49141200	8
chr1	8912800	8954600	8
chr1	45222400	45263600	8
chr14	35852400	35892800	8
chr11	75092400	75133400	8
chr22	39898600	39939600	8
chr9	139600400	139641200	8
chr19	17952000	17993000	8
chr6	44196400	44237200	8
chr1	173813800	173855800	8
chr11	62600800	62641600	8
chr9	130190800	130232400	8
chrX	48877000	48917200	8
chr4	53559600	53601600	8
chr19	42345000	42387000	8
chr1	53771200	53811400	8
chr14	50030600	50071400	8
chr6	34372000	34413000	8
chr12	49503600	49544000	8
chr17	16323200	16364000	8
chr17	72181200	72221600	8
chr9	127602400	127643400	8
chr19	55897200	55938000	8
chr20	37042200	37082800	8
chr17	39826200	39866600	8
chr2	101600000	101641600	8
chr11	57387800	57429000	8
chr3	39429400	39470000	8
chr11	62630000	62670800	8
chr17	16324200	16365000	8
chr1	44099200	44139800	8
chr1	27313000	27353400	8
chr2	210150400	210190600	8
chr1	156026800	156067200	8
chr20	2614800	2655200	8
chr22	24218000	24258200	8
chr17	36987800	37028400	8
chr12	57468200	57508400	8
chr17	41131600	41171800	8
chr2	217344600	217385200	8
chr1	153944400	153984600	8
chr7	45004800	45045400	8
chr15	63319000	63359600	8
chr22	31718000	31759200	8
chr17	27031400	27072000	8
chr14	69236000	69277000	8
chr19	780200	820800	8
chr3	183875000	183915400	8
chr8	145993600	146034200	8
chr1	8914800	8955800	8
chr6	132208800	132249200	8
chr11	119271600	119311800	8
chr3	109032800	109073800	8
chr3	134064200	134104400	8
chr17	7120600	7160800	8
chr2	55440800	55481200	8
chr5	149807400	149847600	8
chr5	81550600	81591000	8
chr3	54648000	54688400	8
chr4	119181200	119222200	8
chr1	17740000	17780800	8
chr1	200358000	200398400	8
chr11	62457600	62498000	8
chr20	61546800	61587000	8
chr8	26475200	26515800	8
chr13	39577800	39618400	8
chr18	3436200	3476600	8
chr9	2791200	2831600	8
chr16	19851000	19891600	8
chr6	126002200	126042600	8
chr13	51729200	51770200	8
chr19	49980600	50021600	8
