chr19	57615032	57625032	4
chr19	58200033	58210234	20
chr8	144835815	144845815	20
chr12	133044414	133054414	20
chr19	58256034	58266034	20
chr19	57978832	57988832	20
chr15	25054253	25064253	20
chr19	58127433	58137433	20
chr15	25075453	25085453	20
chr19	9561524	9571524	20
chr7	6689969	6699969	20
chr19	51964547	51974547	20
chr19	7075389	7085389	20
chr19	51890747	51900747	20
chr19	9526524	9536524	20
chr19	44476983	44487790	20
chr12	133006014	133016014	20
chr19	36710498	36720498	20
chr19	52313947	52323947	20
chr19	36546898	36556898	20
chr12	133182414	133192414	4
chr12	133097014	133107014	20
chr16	68554097	68564097	20
chr12	133081814	133091814	4
chr15	25085653	25095653	20
chr5	180254400	180264400	20
chr5	178712799	178722799	20
chr19	11941985	11951985	20
chr19	44490349	44500948	4
chr19	36748298	36758298	20
chr19	9293724	9303724	20
chr19	37234898	37244898	20
chr11	65498129	65508129	9
chr12	132941814	132951814	20
chr16	3283800	3293800	20
chr16	3306400	3316400	20
chr19	57530832	57540832	20
chr19	8806524	8816524	20
chr19	20543594	20553594	20
chr11	65417929	65427929	9
chr19	51992547	52002547	20
chr19	57991432	58001432	4
chr19	52115547	52125547	20
chr9	96757518	96767518	20
chr19	57681432	57691432	4
chr4	463211	473211	20
chr19	36513498	36523498	20
chr19	52063547	52073547	20
chr19	36816098	36826098	20
chr12	133143814	133153814	20
chr19	9376124	9386124	20
chr2	89829390	89839390	21
chr19	57542632	57552632	20
chr19	52375547	52385547	20
chr7	5522969	5532969	11
chr11	118915491	118925491	9
chr19	23344598	23354598	20
chr19	43835048	43845048	20
chr19	12523186	12533186	20
chr19	52033147	52043147	20
chr5	178873999	178883999	20
chr12	132987414	132997414	4
chr19	21808598	21818598	20
chr19	52015547	52025547	20
chr2	95145655	95155655	20
chr19	57746032	57756032	4
chr19	56406831	56416831	20
chr19	37379898	37389898	20
chr19	19708391	19718391	20
chr19	56568231	56578432	4
chr4	450211	460211	20
chr2	95210452	95220452	20
chr19	51935747	51945747	20
chr19	9411324	9421324	20
chr10	41875208	42101552	22
chr19	57924632	57934632	4
chr19	9335324	9345324	20
chr19	57569632	57579632	4
chr19	36889498	36899498	20
chr7	5057369	5067369	20
chr19	58430833	58440833	4
chr22	30967814	30977814	6
chr19	57771432	57781432	4
chr16	3401000	3411000	20
chr19	52549947	52559947	20
chr19	9152324	9162324	20
chr12	133118214	133128214	20
chr1	234598854	234608854	1
chr16	31906479	31916479	20
chr19	37424298	37434298	20
chr19	14712588	14722588	20
chr7	138556255	138566255	20
chr19	24117398	24127398	20
chr4	350211	360211	20
chr19	37152898	37162898	20
chr10	3776808	3786808	13
chr1	247153298	247163298	20
chr19	52949147	52959147	20
chr19	57699632	57709632	4
chr4	126119	144218	4
