chr2	133025000	133035000	11
chr20	47894600	47904600	3
chr7	131230400	131240400	3
chr7	131230800	131240800	3
chr16	33950000	33960000	11
chr13	100634400	100644400	3
chr1	26737600	26747600	3
chr6	159228600	159238600	3
chr20	57414200	57424200	10
chr9	68412400	68422400	8
chr21	10831000	10841000	8
chr11	65264200	65274200	3
chr14	57262200	57272200	3
chr13	100617400	100627400	3
chr8	72590800	72600800	3
chr3	32858000	32868000	3
chr1	26739200	26749200	3
chr13	100618400	100628400	3
chr13	100636200	100646200	3
chr8	41158200	41168200	6
chrX	136648000	136658000	3
chr21	10802400	10812400	8
chr8	41159000	41169000	6
chr10	39114000	39124000	8
chr20	29813400	29823400	8
chr4	49642400	49652400	8
chr2	89848600	89858600	8
chr2	89864800	89874800	8
chr21	10777000	10787000	8
chr10	42384000	42394000	8
chr10	42373800	42383800	8
chr10	42355000	42365000	8
chr10	39143200	39153200	8
chr10	38793200	38803200	8
chr10	38803400	38813400	8
chr10	39133000	39143000	8
chr16	73065000	73075000	12
chr4	190934200	190944200	11
chr1	232259800	232269800	8
chr4	190934000	190944000	11
chr2	208626400	208636400	3
chr1	18971400	18981400	12
chr4	50600	60600	8
chr16	46386000	46396000	8
chr4	49148400	49158400	8
chr20	29823600	29833600	8
chr21	10843000	10853000	8
chr15	63333800	63343800	3
chr3	109049400	109059400	3
chr7	57546000	57556000	8
chr10	39093800	39103800	8
chr7	26235000	26245000	3
chr13	56148600	56158600	3
chr17	21217800	21227800	11
chr10	8096400	8106400	12
chr4	49113400	49123400	8
chr13	100627600	100637600	3
chr10	42791000	42801000	8
chr18	18510800	18520800	8
chr6	41514800	41524800	12
chr10	42394200	42404200	8
chr4	123747000	123757000	3
chr10	8095200	8105200	12
chr7	100807400	100817400	12
chr5	2740000	2750000	3
chr7	100807800	100817800	12
chr2	237074600	237084600	12
chr7	129413600	129423600	11
chr12	113901200	113911200	11
chr15	53083800	53093800	11
chrX	39862200	39872200	12
chr10	71329200	71339200	11
chr5	25436000	25446000	3
chr3	62352600	62362600	11
chr21	43181000	43191000	12
chr11	31839600	31849600	12
chr17	35285400	35295400	11
chr1	180197800	180207800	11
chrX	39942200	39952200	11
chr2	45158800	45168800	11
chr10	39077800	39087800	8
chr11	31840000	31850000	12
chr1	180197400	180207400	11
chrX	39941800	39951800	11
chr6	137808200	137818200	11
chr4	93189400	93199400	3
chr5	2744600	2754600	3
chr21	11109000	11119000	8
chr15	53076400	53086400	12
chr5	2746600	2756600	3
chr10	79793000	79803000	3
chrX	40003400	40013400	11
chr20	31351200	31361200	3
chrX	40006400	40016400	11
chr6	32935000	32945000	3
chr7	121939800	121949800	11
chrX	40006200	40016200	11
chr20	22542800	22552800	12
chr17	77804400	77814400	11
chr1	113240600	113250600	6
