chr8	143928832	143953832	3
chr19	1250001	1275001	8
chr1	156114009	156139009	2
chr4	10092576	10117576	1
chr11	826400	851400	3
chr22	36318355	36343355	8
chr16	87834594	87859594	3
chr17	79790601	79815601	14
chr22	38293394	38318595	8
chr11	65484729	65509729	1
chr17	79789401	79814401	14
chr17	7218681	7243681	1
chr11	118905891	118930891	3
chr11	65411329	65436329	3
chr19	42267648	42292648	2
chr16	87830394	87855394	3
chr10	101213643	101238643	15
chr11	2376970	2401970	3
chr19	1840401	1865401	3
chr17	79792801	79817801	14
chr2	44931061	44956061	14
chr3	126981957	127006957	2
chr17	7569682	7594682	1
chr2	44928461	44953461	14
chr10	123131884	123156884	14
chr11	31795652	31820853	14
chr4	10084776	10109776	8
chr12	108824824	108849824	8
chr10	101211843	101236843	15
chr10	123131084	123156084	14
chr3	50235968	50260968	2
chr1	156105009	156130009	8
chr21	36687500	36712500	14
chr9	127535121	127560121	3
chr12	121792894	121817894	3
chr3	134350758	134375758	8
chr12	57087617	57112617	3
chr19	2229401	2254401	14
chr15	67816662	67841662	14
chr11	64229728	64254728	2
chr13	99966546	99991546	14
chr1	918420	943420	14
chr16	666000	691000	1
chr11	65478729	65503729	1
chr14	73737697	73762697	8
chr7	156999506	157024506	14
chr11	64223728	64248728	2
chr16	29802279	29827279	2
chr17	7833282	7858282	2
chr17	7228481	7253481	8
chr14	104777263	104802263	2
chr19	49854143	49879143	1
chr2	218268477	218293477	3
chr17	82228324	82253324	14
chr1	155959809	155984809	4
chr11	64224528	64249528	2
chr1	154952724	154977724	3
chr17	17803486	17828486	2
chr17	2379706	2404706	3
chr7	130893441	130918441	8
chr17	2380706	2405706	3
chr16	672400	697400	8
chr8	144505017	144530216	3
chr8	144505217	144530416	3
chr12	13194266	13219266	1
chr17	77416118	77441118	8
chr19	1852001	1877001	3
chr19	2038001	2063001	3
chr4	13522976	13547976	14
chr19	12932586	12957586	1
chr19	49855943	49880943	1
chr15	52782803	52807803	14
chr11	64233528	64258528	2
chr2	218979878	219004878	14
chr17	17807086	17832086	2
chr17	36928100	36954100	14
chr16	674000	699000	8
chr3	49006167	49031167	1
chr1	1303820	1328820	2
chr15	67815462	67840462	14
chr15	75637059	75662059	8
chr7	100866378	100891579	3
chr7	101155319	101180319	3
chr1	36154799	36179799	3
chr3	184314012	184339012	8
chr17	81847524	81872524	8
chr9	137182548	137207548	3
chr2	44934061	44959061	14
chr16	1970199	1995199	3
chr17	77450718	77475718	3
chr17	29571582	29596582	2
chr17	36929500	36955500	14
chr22	36306954	36332155	8
chr3	126978557	127003557	2
chr11	128499305	128524305	1
chr19	55634434	55659434	1
chr1	1301620	1326620	2
chr16	1958799	1983799	15
chr11	65605929	65630929	1
chr9	123994121	124019121	14
