chr15	25295200	25320200	8
chr10	42375800	42400800	8
chr19	58701200	58726200	8
chr2	89855000	89880000	8
chr19	58757000	58782000	8
chr3	75777200	75802200	8
chr21	10780000	10805000	8
chr12	133616200	133641200	8
chr19	37298800	37323800	8
chr19	58478800	58503800	8
chr4	49633400	49658400	8
chr19	44976800	45001800	8
chr3	147108600	147133600	2
chr2	133010000	133035000	11
chr19	58629200	58654200	8
chr16	46388000	46413000	8
chr12	133675400	133700400	8
chr21	10805200	10830200	8
chr16	33950400	33975400	11
chr19	44964800	44989800	8
chr4	424200	449200	8
chr4	49098200	49123200	8
chr21	10698000	10723000	8
chr2	91769200	91794200	10
chr19	58621400	58646400	8
chr19	37364600	37389600	8
chr19	37115800	37140800	8
chr4	49144400	49169400	8
chr3	134069600	134094600	3
chr9	68402600	68427600	11
chr12	133717000	133742000	8
chr16	46416800	46441800	8
chr10	39117400	39142400	8
chr14	38052000	38077000	11
chr14	37111600	37136600	11
chr7	6722200	6747200	8
chr19	37224400	37249400	8
chr10	102484200	102509200	12
chr15	96864200	96889200	3
chr16	33934800	33959800	11
chr19	9445000	9470000	8
chr3	75760600	75785600	8
chr4	111535800	111560800	11
chr10	39115200	39140200	8
chr21	10818600	10843600	8
chr4	49145200	49170200	8
chr11	31817200	31842200	11
chr16	46419600	46444600	8
chr1	91172000	91197000	2
chr21	11107800	11132800	8
chr11	31816000	31841000	11
chr13	100610800	100635800	12
chr4	412600	437600	8
chr12	133626000	133651000	8
chr19	52808800	52833800	8
chr19	37023800	37048800	8
chr2	218701800	218726800	3
chr7	6713800	6738800	8
chr7	156793000	156818000	12
chr19	37219600	37244600	8
chr7	27133600	27158600	11
chr9	37018200	37043200	10
chr10	124886200	124911200	11
chr2	119586800	119611800	11
chr4	69600	94600	8
chr14	36973000	36998000	11
chr10	101279200	101304200	2
chr15	25320400	25345400	8
chr20	21481200	21506200	11
chr20	29807800	29832800	8
chr2	105465800	105490800	11
chr16	86519600	86544600	11
chr16	68586000	68611000	8
chr19	38040200	38065200	8
chr13	112708200	112733200	12
chr2	176978400	177003400	10
chr12	133762000	133787000	8
chr4	71200	96200	8
chr22	36718400	36743400	6
chr12	54316800	54341800	10
chr5	178344000	178369000	1
chr14	61102400	61127400	11
chr19	38039000	38064000	8
chr1	18952200	18977200	10
chr15	68109000	68134000	1
chr14	57260800	57285800	11
chr11	113929000	113954000	2
chr7	20813800	20838800	11
chr2	45147200	45172200	12
chr2	172948600	172973600	2
chr19	9624800	9649800	8
chr15	53073600	53098600	2
chr5	87955400	87980400	11
chr19	8912000	8937000	8
chr2	63271600	63296600	11
chr18	55091600	55116600	2
chr6	10409800	10434800	10
chr20	22543000	22568000	12
chr12	4377800	4402800	1
chr15	89935800	89960800	11
