chr15	25045853	25095853	8
chr21	10683056	10733056	8
chr10	41839408	42105752	8
chr12	133078014	133128014	2
chr10	38483672	38579669	8
chr10	38783669	38833669	8
chr19	58168033	58218234	8
chr19	37412698	37462698	8
chr2	89787797	89844190	8
chr21	10364256	10414256	8
chr19	9336524	9386524	1
chr19	58227634	58277634	3
chr12	53985216	54035216	11
chr19	36859098	36909098	8
chr19	37536098	37586299	8
chr2	176066472	176116472	12
chr7	27163781	27213781	12
chr17	48578838	48628838	11
chr4	40599	93913	11
chr19	36611298	36661298	8
chr19	36512698	36562698	8
chr19	56406831	56456831	8
chr4	38799	92113	11
chr4	36599	89712	11
chr2	176116672	176166672	12
chr19	56536431	56586632	8
chr16	34130333	34180333	11
chr21	10375256	10425256	8
chr19	37122698	37172698	8
chr15	96319971	96369971	10
chr4	421611	471611	8
chr10	100707843	100757843	12
chr6	10379167	10429167	11
chr17	48708038	48758038	11
chr4	173494049	173544049	11
chr3	75717049	75767049	8
chr20	30397724	31245797	8
chr19	36707098	36757098	8
chr5	141382433	141432433	1
chr7	96977888	97027888	11
chr8	11676691	11726691	12
chr12	114662595	114712595	11
chr19	37386298	37436298	8
chr5	178920999	178970999	8
chr4	415211	465211	8
chr2	132238227	132288227	11
chr3	75703249	75753249	8
chr12	133128214	133178214	8
chr19	44444216	44498548	8
chr2	91580943	91634574	11
chr3	147364413	147414413	11
chr19	58153033	58203033	8
chr22	46062720	46112720	3
chr19	51855347	51905347	8
chr19	57961032	58011032	8
chr19	43835048	43885048	8
chr19	43835648	43885648	8
chr10	41811608	41861608	8
chr16	36043029	46422488	8
chr2	222271081	222321081	11
chr13	99950346	100000346	11
chr4	110606644	110656644	12
chr19	44440017	44494339	8
chr10	38833869	41715808	8
chr16	36040029	46419488	8
chr10	101114643	101164643	11
chr19	1733201	1783201	13
chr19	36791098	36841098	8
chr21	10771856	12973279	8
chr19	51991747	52041747	8
chr19	36700098	36750098	8
chr12	133177214	133227214	8
chr15	89359169	89409169	11
chr9	40874172	40929771	8
chr2	218956278	219006278	11
chr19	53202347	53252347	8
chr6	27264821	27314821	10
chr4	189564246	189614246	13
chr10	101204443	101254443	12
chr12	54035416	54085416	10
chr14	36488195	36538195	11
chr5	141230628	141281435	8
chr7	1220964	1270964	12
chr6	28764823	28814823	10
chr2	132246427	132296427	11
chr19	57529432	57579432	8
chr7	155435905	155485905	11
chr1	227630499	227680499	8
chr12	132999614	133049614	8
chr10	8026037	8076037	11
chr2	118812424	118862424	12
chr4	49106583	49156583	8
chr19	58091233	58141233	8
chr10	100639643	100689643	12
chr12	114394195	114444195	11
chr11	31794252	31844654	11
chr11	31794852	31845254	11
chr3	181687212	181737212	3
chr8	23679687	23729687	11
chr6	50809887	50859887	11
