chr5	141135200	141135400	23	7.31738	1	(21,23)	7.77761	1	21.337	0
chr1	235328200	235328400	1	9.48053	1	(1,1)	10.3878	1	20.7492	0
chr3	130111800	130112000	1	9.3796	1	(1,1)	10.3784	1	20.7	0
chr16	5098000	5098200	1	9.07654	1	(1,1)	10.3404	1	20.5429	0
chr11	65497400	65497600	1	7.3219	1	(1,1)	9.24491	1	20.4845	0
chr19	12680600	12680800	22	8.73826	-1	(4,4)	7.71702	1	20.4558	0
chr5	151252800	151253000	1	8.77435	1	(1,1)	10.2867	1	20.3657	0
chr1	145608400	145608600	1	9.16458	1	(1,1)	10.3547	1	20.2971	0
chr14	54652600	54652800	22	7.47953	1	(22,22)	4.93367	1	20.2679	0
chrX	49191800	49192000	22	8.13646	-1	(22,22)	6.65642	-1	20.1289	0
chr9	16704800	16705000	22	9.20594	1	(22,22)	7.90654	1	20.1187	0
chr4	88456400	88456600	22	9.14566	-1	(1,1)	8.5394	1	20.0492	0
chr1	85582000	85582200	9	9.31372	-1	(9,9)	9.12404	-1	20.0481	0
chr11	311600	311800	4	7.37757	1	(22,22)	4.85435	-1	20.0414	0
chr15	96333800	96334000	9	8.54314	-1	(9,9)	7.83324	-1	20.0138	0
chr19	8526200	8526400	1	7.46275	-1	(1,1)	6.23299	-1	19.9876	0
chr16	75250200	75250400	4	10.2254	1	(4,4)	10.4299	1	19.963	0
chr15	63044400	63044600	9	8.29029	-1	(9,9)	7.42686	-1	19.9295	0
chr1	229341000	229341200	4	8.22718	1	(4,4)	9.36179	1	19.8957	0
chr12	57726400	57726600	2	6.49077	-1	(11,22)	6.9907	1	19.8874	0
chr1	158019800	158020000	22	6.35605	1	(18,22)	5.30786	1	19.8637	0
chr2	9208400	9208600	4	8.33836	-1	(4,4)	7.60723	-1	19.8605	0
chr12	53050600	53050800	9	8.37955	-1	(9,9)	7.62856	-1	19.816	0
chr5	141430400	141430600	23	7.87704	1	(23,23)	9.15499	1	19.796	0
chr19	8526400	8526600	4	8.3483	1	(4,11)	5.88897	1	19.7831	0
chr12	9868000	9868200	1	7.64169	1	(1,4)	5.0018	1	19.7641	0
chr15	84717200	84717400	4	8.72001	1	(4,4)	10.2852	1	19.6982	0
chr7	44018400	44018600	22	7.74732	-1	(4,4)	7.3869	1	19.6947	0
chr1	225746600	225746800	22	10.6453	1	(22,22)	10.6453	1	19.6871	0
chr19	8525600	8525800	11	9.55881	1	(11,11)	10.091	1	19.6805	0
chr6	27791200	27791400	22	8.24263	-1	(22,22)	6.85379	-1	19.654	0
chr1	173825400	173825600	22	7.87727	-1	(4,4)	8.3669	1	19.6305	0
chr1	94925200	94925400	9	8.91345	-1	(9,9)	8.46516	-1	19.6168	0
chr5	141420800	141421000	23	7.68463	1	(23,23)	9.12443	1	19.6089	0
chr2	6918400	6918600	22	7.28347	-1	(4,4)	6.1779	1	19.6077	0
chr5	150946800	150947000	1	6.64444	-1	(21,22)	3.8053	1	19.5915	0
chr6	35318400	35318600	11	8.70041	1	(11,11)	7.4813	1	19.5798	0
chr12	57726000	57726200	11	7.18501	1	(11,22)	5.84301	1	19.5718	0
chr16	75264600	75264800	9	8.75334	-1	(9,9)	8.25153	-1	19.5709	0
chr3	50269200	50269400	22	7.73508	1	(18,22)	5.60282	1	19.5542	0
chr2	121531400	121531600	1	6.45935	-1	(13,13)	5.18868	1	19.5209	0
chr16	2672600	2672800	22	7.85009	-1	(22,22)	5.8983	-1	19.5125	0
chrX	48003200	48003400	22	9.70067	-1	(22,22)	9.00228	-1	19.505	0
chr15	40039600	40039800	4	7.08397	1	(4,4)	8.30515	1	19.4767	0
chr17	18780600	18780800	1	8.51703	1	(1,1)	10.2162	1	19.4563	0
chr16	57300400	57300600	1	7.30894	1	(1,1)	8.95109	1	19.4493	0
chr3	134373000	134373200	4	9.76435	1	(4,4)	9.48452	1	19.4435	0
chr5	18698600	18698800	19	5.77521	-1	(19,22)	5.19964	-1	19.4266	0
chr9	136267000	136267200	22	8.87732	-1	(22,22)	7.88813	-1	19.4059	0
chr20	63895400	63895600	4	7.66694	1	(1,4)	7.30305	1	19.4045	0
chr1	146939600	146939800	4	7.04193	1	(4,4)	9.70417	1	19.4025	0
chr6	116669000	116669200	22	9.20977	-1	(22,22)	9.46243	-1	19.3906	0
chr19	35166000	35166200	20	7.11788	-1	(20,20)	9.36655	-1	19.3857	0
chr2	149330200	149330400	1	7.34811	-1	(1,1)	9.29654	-1	19.3755	0
chr16	89114400	89114600	11	8.96738	-1	(11,11)	8.04966	-1	19.3706	0
chr2	65130200	65130400	1	7.58854	1	(1,1)	9.89494	1	19.3621	0
chr7	42237800	42238000	1	7.36626	-1	(1,1)	9.29654	-1	19.3302	0
chr2	109612600	109612800	4	7.1362	-1	(4,4)	8.13844	-1	19.3113	0
chr9	6024200	6024400	16	8.45148	1	(16,16)	9.8357	1	19.2922	0
chr10	15089000	15089200	22	8.37173	-1	(16,16)	9.02632	1	19.281	0
chr6	99349200	99349400	1	8.22432	-1	(1,1)	7.36346	-1	19.2669	0
chr3	149655800	149656000	23	6.32078	1	(12,23)	6.74367	1	19.2559	0
chr11	12674800	12675000	22	8.59687	1	(22,22)	8.71648	1	19.248	0
chr1	92486400	92486600	1	9.47223	1	(1,1)	10.3878	1	19.2354	0
chr5	150946000	150946200	22	4.70406	1	(21,22)	3.14599	1	19.2332	0
chrX	84187600	84187800	22	7.30143	1	(1,1)	9.07164	-1	19.2205	0
chr9	684600	684800	22	9.21295	1	(22,22)	7.90654	1	19.2122	0
chr6	32195600	32195800	22	7.27412	-1	(1,1)	8.99531	1	19.182	0
chr17	42388400	42388600	22	7.27412	-1	(1,1)	8.99531	1	19.182	0
chr5	176647000	176647200	22	7.45379	-1	(1,1)	7.37304	1	19.1784	0
chr8	23402200	23402400	4	6.01375	-1	(12,23)	7.51951	1	19.1614	0
chrX	135033400	135033600	4	6.55947	-1	(12,22)	6.36651	1	19.154	0
chr1	1691400	1691600	22	7.93329	-1	(22,22)	9.51816	-1	19.1533	0
chr1	25267200	25267400	22	7.41499	-1	(22,22)	9.72051	-1	19.1483	0
chr1	27504200	27504400	13	7.35562	-1	(13,13)	5.60448	-1	19.1444	0
chr1	56645000	56645200	1	8.32804	-1	(1,1)	9.026	-1	19.1439	0
chrX	84187400	84187600	1	7.04727	-1	(1,1)	8.84969	-1	19.1398	0
chr11	76784600	76784800	9	7.33716	-1	(9,9)	5.91918	-1	19.1286	0
chr22	39076800	39077000	22	7.09322	-1	(22,22)	8.68611	-1	19.1183	0
chr1	147928800	147929000	22	7.95763	-1	(22,22)	9.51816	-1	19.117	0
chr18	58223600	58223800	22	8.01844	1	(22,22)	6.32468	1	19.1164	0
chr5	141245200	141245400	22	6.31404	-1	(21,23)	7.16307	1	19.1123	0
chr22	40950000	40950200	22	7.45399	-1	(22,22)	5.8983	-1	19.1027	0
chr1	158999800	159000000	22	10.6453	1	(22,22)	10.6453	1	19.0958	0
chr2	163734600	163734800	4	6.98037	-1	(4,4)	5.0366	-1	19.0913	0
chr17	18697400	18697600	22	9.70777	-1	(22,22)	10.1891	-1	19.0861	0
chr7	63900600	63900800	1	6.0731	1	(1,1)	8.69645	1	19.0827	0
chr12	54188400	54188600	22	6.44811	-1	(2,4)	5.49937	1	19.0757	0
chr6	17393800	17394000	1	8.509	-1	(1,1)	9.24794	-1	19.0746	0
chr17	48892400	48892600	22	9.19729	-1	(1,1)	9.45179	1	19.0734	0
chr5	66959000	66959200	22	10.0095	1	(22,22)	9.68301	1	19.0678	0
chr6	30982200	30982400	16	7.26438	-1	(16,16)	5.49495	-1	19.0639	0
chr5	142323600	142323800	4	10.0085	1	(4,4)	10.4239	1	19.0582	0
chr9	14314200	14314400	22	8.5697	1	(1,1)	8.56054	-1	19.0572	0
chr1	27575600	27575800	1	6.27636	-1	(1,13)	5.46618	-1	19.0534	0
chr20	4015400	4015600	1	7.51055	1	(1,1)	9.84851	1	19.0469	0
chr11	118622200	118622400	9	8.71648	-1	(9,9)	8.25153	-1	19.0443	0
chr16	2672800	2673000	1	7.29906	1	(1,1)	9.74895	1	19.0225	0
chr11	63974200	63974400	22	7.22589	-1	(22,22)	5.02064	-1	19.0068	0
chr9	13279600	13279800	1	7.05288	-1	(1,1)	8.71888	-1	19.0057	0
