chr15	25050053	25075053	12
chr21	10709056	10734056	12
chr2	89816190	89841190	14
chr19	58190033	58215234	12
chr21	10380856	10405856	12
chr4	49632983	51794034	14
chr10	41841408	41866408	14
chr19	1248201	1273201	8
chr19	1250001	1275001	8
chr10	38511072	38582069	12
chr22	36319955	36344955	8
chr3	134350758	134375758	1
chr4	49096183	49121183	12
chr10	42296552	42321552	12
chr10	38836669	41693608	12
chr19	58242434	58267434	12
chr3	75717449	75742449	12
chr20	30416924	31239997	12
chr11	31798452	31823653	14
chr1	90705843	90730843	14
chr10	100727643	100752643	15
chr10	123130684	123155684	14
chr2	176078872	176103872	14
chr12	133042814	133067814	12
chr7	155447505	155472505	14
chr11	65485129	65510129	8
chr11	65485529	65510529	8
chr4	10092776	10117776	1
chr11	44302650	44327650	14
chr19	58116033	58141033	12
chr10	41866608	42107952	14
chr11	118905691	118930691	1
chr14	36502595	36527595	14
chr10	8032837	8057837	14
chr19	57968032	57993032	12
chr16	34132133	34157133	14
chr9	123996321	124021321	14
chr2	44931061	44956061	14
chr15	52782603	52807603	14
chr17	79790201	79815201	1
chr10	101120843	101145843	14
chr9	37019203	37044203	14
chr15	67816662	67841662	14
chr7	156999106	157024106	15
chr10	101213843	101238843	14
chr19	44473383	44500948	1
chr6	99595124	99620124	14
chr2	118835024	118860024	14
chr17	36928100	36954100	1
chr21	36688500	36713500	14
chr8	11688491	11713491	14
chr17	48730838	48755838	16
chr22	36308354	36333555	8
chr2	132254427	132279427	14
chr4	13522976	13547976	2
chr2	176104272	176129272	15
chr2	172082072	172107072	14
chr17	48610238	48635238	14
chr1	18628506	18653506	15
chr7	1224164	1249164	15
chr14	36643595	36668595	14
chr12	121793294	121818294	1
chr12	121793094	121818094	1
chr21	10789456	12965879	12
chr12	133098814	133123814	12
chr13	78585865	78610865	14
chr19	1744801	1769801	16
chr19	38647160	38672160	1
chr6	108153796	108178796	14
chr4	430611	455611	12
chr2	218979878	219004878	14
chr5	77623775	77648775	14
chr4	49140983	49165983	12
chr4	4851273	4876273	14
chr10	99519243	99544243	14
chr17	7218681	7243681	1
chr7	97002888	97027888	14
chr8	143929032	143954032	1
chr7	62333949	62358949	12
chr7	6674769	6699769	12
chr13	99967546	99992546	14
chr19	38700360	38725360	8
chr5	88670582	88695783	14
chr2	132249227	132274227	14
chr2	222288681	222313681	14
chr13	112051486	112076486	16
chr4	84479847	84504847	14
chr15	89356769	89381769	15
chr21	10325656	10350656	14
chr17	8140082	8165082	1
chr4	10085576	10110576	8
chr2	72905671	72930671	14
chr17	7228481	7253481	1
chr16	68552097	68577097	12
chr15	96321171	96346171	1
chr12	53928216	53953216	16
chr16	86492594	86517594	14
chr5	173227597	173252597	14
chr17	7559683	7584882	1
chr10	117530889	117555889	14
