chr1	245023600	245024400	3
chr5	40834000	40834400	3
chr5	179047400	179048400	3
chr5	172196600	172196800	3
chr5	172195800	172196000	3
chr5	137803200	137803600	3
chr5	57752800	57753200	3
chr13	80911000	80911800	3
chr14	69256000	69257800	3
chr14	70235200	70235400	3
chr14	77491800	77492200	3
chr14	102551800	102552200	3
chr14	35871600	35872600	3
chr4	10116600	10117200	3
chr4	39459200	39459600	3
chr4	124322800	124324200	3
chr14	35181600	35182000	3
chr3	186503200	186503800	3
chr3	5025000	5025800	3
chr3	52028600	52029000	3
chr16	30078200	30079200	3
chr17	48940400	48941200	3
chr17	39846200	39846600	3
chr17	4849400	4850000	3
chr12	48516600	48517200	3
chr17	7477600	7478200	3
chr12	56120600	56121400	3
chr12	56553200	56555000	3
chr7	143079600	143081000	3
chr7	5567400	5568000	3
chr8	146016200	146016800	3
chr8	128750800	128751200	3
chr8	126445600	126446400	3
chr9	127622600	127623600	3
chr9	130549400	130549600	3
chr10	93389600	93390400	3
chr10	3821600	3822800	3
chr10	3823400	3824400	3
chr6	31507800	31508400	3
chr6	139694400	139695000	3
chr6	36565000	36566800	3
chr6	134493600	134494400	3
chr6	35437400	35438200	3
chr6	32940400	32943000	3
chr11	111780400	111781000	3
chr11	62621600	62622400	3
chr11	66407400	66407800	3
chr11	61732600	61733200	3
chr11	122930000	122932000	3
chr11	8705600	8706000	3
chr12	54676200	54677200	3
chr12	56436800	56437000	3
chr17	79477800	79478000	3
chr14	103801800	103802200	3
chr22	39918600	39919800	3
chr19	50000600	50001000	3
chr19	14626800	14627400	3
chr19	16437200	16439200	3
chr19	59057000	59058000	3
chrX	48433800	48434400	3
chr19	1439600	1439800	3
chr1	234743000	234743600	3
chr1	32646800	32647200	3
chr20	42087800	42088000	3
chr19	5621200	5621400	3
chr22	39917600	39917800	3
chr1	35656400	35656800	3
chr1	86048400	86048800	3
chr1	150549400	150549800	3
chr19	3983600	3984400	3
chr2	85767800	85768000	3
chr1	145439600	145441400	3
chr1	182357600	182358400	3
chr20	34328400	34328600	3
chr22	50356600	50357600	3
chr2	179669200	179669800	3
chr2	43452200	43452600	3
chr21	47519200	47519400	10
chr10	64134000	64134200	10
chr22	45402800	45403000	10
chr21	28338800	28339400	10
chr10	118030800	118031000	10
chrX	115085200	115085600	10
chr20	62679000	62679200	10
chr20	30458200	30458400	10
chrX	13956200	13956400	10
chr9	8857400	8858200	10
chr10	94449400	94449800	10
chr10	94450400	94451400	10
chr10	89420400	89420600	10
chr22	39853800	39854000	10
chr22	26565600	26565800	10
chr22	20790800	20791000	10
chr22	17565800	17566200	10
chr10	49732000	49732200	10
chr10	128994400	128994800	10
chr10	81892400	81892600	10
chr10	116164200	116164400	10
chr10	128076400	128076600	10
chr17	59479000	59479200	10
