chr2	133011800	133036800	12
chr2	133020400	133045400	12
chr16	33942200	33967200	12
chr7	27207200	27232200	3
chr9	96706200	96731200	3
chr16	33932000	33957000	12
chr7	27178600	27203600	3
chr4	174436800	174461800	3
chr16	86529000	86554000	3
chr9	96709200	96734200	3
chr22	31477600	31502600	3
chr5	148786200	148811200	3
chr16	15923800	15948800	2
chr10	101279000	101304000	11
chr17	46667800	46692800	3
chr4	174424200	174449200	3
chr5	50671400	50696400	3
chr1	201450800	201475800	3
chr16	15911600	15936600	2
chr2	176968600	176993600	12
chr17	46662800	46687800	3
chr3	123393000	123418000	3
chr15	63335600	63360600	3
chr22	36716000	36741000	3
chr4	10092600	10117600	3
chr15	99648400	99673400	3
chr5	92905000	92930000	3
chrX	39943200	39968200	11
chr15	99646800	99671800	3
chr5	153846000	153871000	11
chr5	92913600	92938600	3
chr1	201448200	201473200	3
chr2	177001800	177026800	2
chr15	96887000	96912000	12
chr15	96886600	96911600	12
chr1	221046400	221071400	6
chr11	65186000	65211000	3
chr4	13526200	13551200	3
chr11	65184400	65209400	3
chr2	172948200	172973200	12
chr19	58494400	58519400	3
chr19	58692800	58717800	8
chr10	75608400	75633400	3
chr5	140787400	140812400	8
chr21	11106600	11131600	8
chr15	96888600	96913600	12
chr1	207977400	208002400	3
chr17	1951000	1976000	3
chr4	13527200	13552200	3
chr12	58002400	58027400	3
chr19	58194600	58219600	3
chr6	1372600	1397600	3
chr5	153842000	153867000	11
chr5	140729200	140754200	8
chr2	218702000	218727000	3
chr2	218762200	218787200	3
chr2	220305600	220330600	12
chr2	19546800	19571800	6
chr5	50676600	50701600	3
chr2	19547600	19572600	6
chr2	220285000	220310000	14
chr12	133658000	133683000	2
chr17	77763600	77788600	11
chr19	57116000	57141000	8
chr19	58741000	58766000	8
chr22	46469000	46494000	3
chr22	46469400	46494400	3
chr5	153850400	153875400	11
chr19	58041800	58066800	8
chr19	57117000	57142000	8
chr10	97173800	97198800	1
chr20	29808200	29833200	8
chr19	38053800	38078800	8
chr10	39103400	39128400	8
chr10	38772400	38797400	8
chr17	59466200	59491200	12
chr2	218775800	218800800	3
chr20	61339400	61364400	11
chr5	178342200	178367200	8
chr7	27232400	27257400	12
chr2	218767600	218792600	3
chr15	25269400	25294400	8
chr10	42790800	42815800	8
chr12	4381200	4406200	3
chr10	39129200	39154200	8
chr8	124528400	124553400	3
chr21	10833000	10858000	8
chr19	44927200	44952200	2
chr15	25322200	25347200	8
chr19	37107000	37132000	8
chr19	9439000	9464000	9
chr19	41099000	41124000	12
chr2	45219600	45244600	3
chr20	61340600	61365600	13
chr21	10804400	10829400	8
chr5	178384600	178409600	8
chr3	134069600	134094600	3
chr11	31818600	31843600	12
chr12	133569200	133594200	8
chrX	39935200	39960200	11
