chr1	714200	714400	1
chr9	137030000	137030200	1
chr9	4679400	4679600	1
chr18	76829000	76829400	1
chr18	8705000	8705200	1
chr18	9334400	9334600	1
chr18	12884200	12884400	1
chr18	12947600	12947800	1
chr18	29523200	29523400	1
chr18	48724200	48724400	1
chr8	42751800	42752000	1
chr8	30891200	30891400	1
chr8	21777000	21777200	1
chr8	17014000	17014200	1
chr8	16884600	16884800	1
chr9	135905800	135906200	1
chr8	22857000	22857200	1
chr8	48173400	48173600	1
chr8	144679800	144680000	1
chr8	66556800	66557000	1
chr8	74659200	74659400	1
chr8	74884600	74884800	1
chr8	79578200	79578400	1
chr8	92082200	92082400	1
chr8	94767000	94767200	1
chr8	95908400	95908600	1
chr8	109455600	109455800	1
chr8	116681200	116681400	1
chr8	135725000	135725200	1
chr8	9911800	9912000	1
chr19	2841200	2841400	1
chr8	63951400	63951600	1
chr19	53193800	53194000	1
chr9	135820200	135820400	1
chr9	131790400	131790600	1
chr10	45455000	45455200	1
chr10	134121600	134121800	1
chr10	49514600	49514800	1
chr10	60027600	60027800	1
chr10	131265400	131265600	1
chr10	89102600	89103000	1
chr10	101380400	101380600	1
chr10	111683200	111683400	1
chr10	111985600	111985800	1
chr10	116581400	116581600	1
chr10	120966800	120967000	1
chr10	127584200	127584400	1
chr10	3827400	3827800	1
chr9	34329400	34329600	1
chr9	134249200	134249400	1
chr9	36487800	36488000	1
chr9	37465400	37466000	1
chr9	27573400	27573600	1
chr9	4741200	4741400	1
chr9	41954600	41954800	1
chr9	97488800	97489000	1
chr9	77643400	77643600	1
chr9	86432400	86432600	1
chr9	89562600	89562800	1
chr9	97136800	97137000	1
chr9	98079400	98079600	1
chr9	99181000	99181200	1
chr9	114423800	114424000	1
chr9	130374400	130374600	1
chr9	130565000	130565200	1
chr9	33474000	33474200	1
chr19	46498600	46498800	1
chr19	53324800	53325000	1
chr19	53360800	53361000	1
chr7	74306400	74306600	1
chr7	74306800	74307000	1
chr7	75072000	75072400	1
chr7	152133600	152133800	1
chr19	6110800	6111000	1
chr19	4471800	4472000	1
chr19	57050000	57050200	1
chr19	51611800	51612000	1
chr19	50528800	50529000	1
chr6	108879600	108879800	1
chr6	157008400	157008600	1
chr6	7911000	7911200	1
chr6	8064600	8064800	1
chr6	13487800	13488000	1
chr7	105925400	105925800	1
chr6	14117800	14118000	1
chr6	36391200	36391400	1
chr6	106773600	106773800	1
chr6	119256200	119256400	1
chr6	42714000	42714200	1
chr6	43138800	43139000	1
chr6	80714200	80714400	1
chr6	88118200	88118400	1
chr6	108880800	108881000	1
chr6	89673400	89673600	1
chr6	90539200	90539400	1
chr6	105851000	105851200	1
chr20	33265000	33265200	1
chr20	57556200	57556400	1
chr20	48807000	48807200	1
chr6	138188000	138188400	1
