chr16	15842743	15852743	4
chr7	27185181	27195181	9
chr7	27185981	27195981	9
chr1	202007272	202017272	9
chr1	202008072	202018072	9
chr16	1155400	1165400	2
chr6	118546637	118556637	4
chr4	150582048	150592048	18
chr7	80636884	80646884	22
chr19	44472983	44483182	20
chr16	1153600	1163600	4
chr19	37124898	37134898	20
chr15	25050453	25060453	20
chr16	15846943	15856943	4
chr19	58201833	58212034	20
chr1	10785543	10795543	13
chr17	61399839	61409839	23
chr19	56420831	56430831	20
chr19	56420631	56430631	21
chr5	141418633	141428633	24
chr18	22170639	22180639	23
chr9	93951918	93961918	23
chr11	1863170	1873170	4
chr20	62708048	62718048	2
chr12	133047214	133057214	20
chr2	66686668	66696668	9
chr22	37234560	37244560	4
chr19	57614832	57624832	20
chr12	133116014	133126014	20
chr16	15832343	15842343	15
chr9	136654948	136664948	18
chr5	141384433	141394433	20
chr5	141419233	141429233	24
chr17	58327839	58337839	14
chr19	58253834	58263834	20
chr15	96351571	96361571	23
chr7	64343222	64353222	20
chr1	148887283	148898291	22
chr22	39229595	39239595	24
chr1	148885083	148896091	22
chr2	45002861	45012861	1
chr19	13092186	13102186	23
chr19	57975032	57985032	20
chr5	51381166	51391166	24
chr19	13091986	13101986	23
chr16	1159400	1169400	2
chr11	133944705	133954705	9
chr17	61403439	61413439	23
chr19	13089586	13099586	23
chr20	62549993	62559993	13
chr7	151242714	151252714	4
chr17	31309782	31319782	18
chr9	72943484	72953484	13
chr17	31310982	31320982	14
chr21	10711056	10721056	22
chr1	111195578	111205578	23
chr17	31309382	31319382	18
chr19	13093386	13103386	23
chr19	57682632	57692632	20
chr10	41854808	41864808	22
chr19	13088986	13098986	23
chr1	178862865	178872865	11
chr19	9375324	9385324	20
chr11	133947105	133957105	9
chr5	93570094	93580094	12
chr2	219443878	219453878	23
chr19	36888298	36898298	21
chr13	48401264	48411264	3
chr12	5429834	5439834	12
chr19	37475698	37485698	20
chr1	111193578	111203578	23
chr19	57465832	57475832	4
chr16	86483594	86493594	6
chr5	93571894	93581894	12
chr22	27790412	27800412	12
chr13	67225268	67235268	18
chr16	31908879	31918879	20
chr17	5178105	5188105	20
chr19	52084747	52094747	20
chr2	127642425	127652626	4
chr19	58124633	58134633	20
chr2	127643025	127653226	4
chr12	132924014	132934014	20
chr19	58429433	58439433	20
chr16	86484194	86494194	6
chr19	36710698	36720698	20
chr19	56518031	56528031	21
chr19	2845002	2855002	6
chr12	54016216	54026216	4
chr4	441011	451011	20
chr19	37451298	37461298	21
chr3	75731849	75741849	20
chr19	56570831	56581032	20
chr19	9335524	9345524	20
chr19	53203747	53213747	20
chr5	93568894	93578894	12
chr4	184814646	184824646	18
chr19	43962048	43972048	20
chr4	87520448	87530448	15
chr19	37380698	37390698	20
