chr20	30298400	30308400	8
chr1	8929400	8939400	8
chr10	3818800	3828800	2
chr1	8925400	8935400	8
chr20	47894000	47904000	8
chr16	87883400	87893400	8
chr7	26234600	26244600	1
chr12	46758000	46768000	8
chr21	40177200	40187200	8
chr21	40176800	40186800	8
chr17	7137000	7147000	8
chr11	62647000	62657000	8
chr17	7474600	7484600	8
chr6	32935800	32945800	2
chr3	5018600	5028600	8
chr20	30279800	30289800	8
chr12	6639400	6649400	8
chr12	122235000	122245000	8
chr7	130578800	130588800	8
chr17	46123600	46133600	8
chr20	17942600	17952600	8
chr19	1248600	1258600	2
chr12	6442000	6452000	8
chr19	1248400	1258400	2
chr17	27046400	27056400	8
chr6	30684200	30694200	8
chr11	65183600	65193600	1
chr12	12869400	12879400	1
chr20	34321800	34331800	8
chr2	43445600	43455600	1
chr11	65185600	65195600	1
chr11	65263800	65273800	1
chr5	179042200	179052200	8
chr6	36561000	36571000	8
chr17	62494800	62504800	8
chr6	36560800	36570800	8
chr1	43396600	43406600	8
chr2	232570400	232580400	8
chr17	27045400	27055400	8
chr17	37024800	37034800	1
chr5	180667800	180677800	8
chr16	9185200	9195200	4
chr1	234739600	234749600	2
chr14	21728600	21738600	8
chr18	3447000	3457000	1
chr1	43416000	43426000	8
chr17	8020800	8030800	14
chr22	36720400	36730400	8
chr7	26231400	26241400	1
chr7	104648600	104658600	1
chr14	21728800	21738800	8
chr19	1266600	1276600	2
chr7	73588000	73598000	1
chr19	1266400	1276400	2
chr19	1266800	1276800	2
chr6	32938200	32948200	2
chr17	4842800	4852800	8
chr12	54670000	54680000	8
chr20	37054400	37064400	8
chr5	1515000	1525000	1
chr1	150543000	150553000	8
chr22	39706800	39716800	1
chr19	42363200	42373200	8
chr17	7209800	7219800	1
chr7	100025600	100035600	1
chr17	4841800	4851800	8
chr17	8279000	8289000	8
chr12	125394600	125404600	2
chr9	91924800	91934800	2
chr20	17940400	17950400	1
chr12	122230400	122240400	8
chr11	65620800	65630800	8
chr12	46755200	46765200	8
chr12	6637200	6647200	8
chr19	3980400	3990400	8
chr5	179043000	179053000	8
chr19	3978400	3988400	8
chr19	3980600	3990600	8
chr3	150124800	150134800	2
chr19	54704000	54714000	1
chr2	60776000	60786000	14
chr19	39896600	39906600	8
chr17	18085200	18095200	1
chr8	146011400	146021400	8
chr17	18085000	18095000	1
chr15	93443200	93453200	1
chr8	128746000	128756000	8
chr17	79475800	79485800	8
chr11	62334200	62344200	2
chr3	185646400	185656400	1
chr1	150544200	150554200	8
chr15	89164000	89174000	1
chr15	72515000	72525000	1
chr5	142775600	142785600	3
chr17	79366000	79376000	2
chr17	80222400	80232400	1
chr11	62488400	62498400	2
chr12	57909200	57919200	2
chr19	5619200	5629200	1
chr10	43890200	43900200	8
