chr12	130615000	130665000	2
chr19	51150400	51200400	1
chr12	130636200	130686200	2
chr19	51137000	51187000	1
chr1	228692600	228742600	13
chr19	51190600	51240600	8
chr12	130602200	130652200	2
chr3	32854600	32904600	8
chr2	132996000	133046000	8
chr1	149146000	149196000	12
chr3	32863400	32913400	1
chr10	126801600	126851600	8
chr7	131193800	131243800	3
chr3	147085400	147135400	15
chr20	58136200	58186200	14
chr2	91773400	91823400	15
chr19	51205600	51255600	8
chr2	91772000	91822000	15
chr5	2720000	2770000	7
chr20	58148000	58198000	14
chr16	73056000	73106000	4
chr16	73057200	73107200	4
chr20	45939600	45989600	8
chr7	157354800	157404800	2
chr15	96864000	96914000	17
chr19	51049600	51099600	4
chr7	157453400	157503400	2
chr20	31348800	31398800	8
chr1	149153800	149203800	12
chr12	130523400	130573400	15
chr19	50979000	51029000	4
chr8	38277000	38327000	8
chr17	77759600	77809600	7
chr16	33935200	33985200	8
chr2	91759600	91809600	8
chr3	32850200	32900200	8
chr19	50985000	51035000	4
chr13	100603600	100653600	9
chr16	46385800	46435800	14
chr19	50788800	50838800	3
chr19	1237400	1287400	8
chr16	3053400	3103400	8
chr5	42988800	43038800	14
chr19	1247200	1297200	8
chr8	38266200	38316200	8
chr17	21178400	21228400	15
chr16	724200	774200	4
chr15	89910200	89960200	15
chr6	10380600	10430600	15
chr12	128841000	128891000	14
chr12	115092400	115142400	15
chr1	18953400	19003400	11
chr19	55852400	55902400	8
chr19	50783400	50833400	3
chr16	3048200	3098200	8
chr17	77744200	77794200	7
chr12	130579400	130629400	15
chr20	31336600	31386600	8
chr5	2714000	2764000	7
chr5	92904600	92954600	2
chr1	2541600	2591600	2
chr1	927000	977000	3
chr15	25290000	25340000	5
chr3	181411200	181461200	7
chr2	220370600	220420600	1
chr2	220347400	220397400	1
chr16	3039800	3089800	8
chr20	58298600	58348600	16
chr11	2710400	2760400	9
chr15	25292600	25342600	12
chr3	184275200	184325200	15
chr2	220382600	220432600	8
chr17	17583600	17633600	9
chr3	181409200	181459200	7
chr16	3040800	3090800	8
chr17	46599200	46649200	15
chr2	176931400	176981400	2
chr10	21782800	21832800	10
chr1	923200	973200	3
chr9	129397200	129447200	7
chr2	92270400	92320400	16
chr8	145700800	145750800	3
chr5	484000	534000	15
chr8	145706400	145756400	8
chr19	13120400	13170400	7
chr20	22533600	22583600	15
chr7	150058000	150108000	8
chr5	141214200	141264200	8
chr9	66813400	66863400	16
chr9	126758800	126808800	15
chr4	3455600	3505600	7
chr8	30237200	30287200	8
chr12	130686400	130736400	15
chr1	44965400	45015400	3
chr11	63774400	63824400	9
chr8	38290800	38340800	8
chr12	133088800	133138800	8
chr8	72580200	72630200	8
chr19	1741600	1791600	2
chr17	36716400	36766400	10
