chr16	15933800	15943800	9
chr7	27224800	27234800	9
chr7	27225600	27235600	9
chr7	27212800	27222800	9
chr16	1205400	1215400	23
chr16	1206800	1216800	23
chr16	15940800	15950800	22
chr1	201977000	201987000	11
chr16	15926000	15936000	4
chr16	1204200	1214200	23
chr6	118866800	118876800	18
chr20	61339600	61349600	2
chr1	201976000	201986000	4
chr1	144988800	144998800	22
chr4	151505600	151515600	3
chr1	144986200	144996200	22
chr1	10844200	10854200	13
chr2	66913400	66923400	9
chr12	5541800	5551800	19
chr20	61147200	61157200	13
chr17	56405000	56415000	16
chr9	75558400	75568400	22
chr2	220307600	220317600	23
chr17	29635400	29645400	3
chr1	111736800	111746800	4
chr4	186445600	186455600	20
chr10	101286400	101296400	9
chr1	111736200	111746200	4
chr4	186446200	186456200	20
chr19	13203000	13213000	24
chr19	13202800	13212800	24
chr11	133814800	133824800	9
chr9	133043400	133053400	9
chr11	12258200	12268200	17
chr17	29632000	29642000	3
chr11	1885200	1895200	12
chr11	133815000	133825000	9
chr2	128400000	128410000	4
chr19	13201600	13211600	24
chr5	169810200	169820200	1
chr2	128400600	128410600	4
chr19	13200400	13210400	24
chr18	19750600	19760600	23
chr3	123158400	123168400	23
chr19	13204200	13214200	24
chr2	45228800	45238800	1
chr6	1384200	1394200	23
chr16	1213600	1223600	14
chr7	80266200	80276200	18
chr13	67799400	67809400	13
chr9	96714200	96724200	23
chr2	238777200	238787200	3
chr22	39625600	39635600	24
chr1	31221200	31231200	3
chr4	185736200	185746200	18
chr17	29631000	29641000	3
chr2	238776800	238786800	3
chr17	59477200	59487200	1
chr7	150939800	150949800	23
chr9	116279000	116289000	4
chr17	46673200	46683200	9
chr15	96894800	96904800	4
chr13	48975400	48985400	3
chr2	175457800	175467800	9
chr9	75556600	75566600	1
chr6	1383600	1393600	4
chr12	16749200	16759200	13
chr1	111734600	111744600	4
chr18	8974000	8984000	13
chr4	186447200	186457200	16
chr8	124656200	124666200	9
chr22	37631000	37641000	4
chr5	169807600	169817600	1
chr2	175457600	175467600	9
chr10	97190600	97200600	9
chrX	135231200	135241200	14
chr16	15900600	15910600	22
chr16	84327000	84337000	3
chr20	47434800	47444800	16
chr16	15869400	15879400	10
chr4	49800	59800	20
chr16	84327600	84337600	3
chr3	119374600	119384600	4
chr5	50677600	50687600	24
chr20	42800600	42810600	9
chr2	206619600	206629600	10
chr17	46028600	46038600	13
chr16	86517200	86527200	6
chr1	201874000	201884000	3
chr15	99651400	99661400	18
chr20	35568000	35578000	13
chr16	86518600	86528600	6
chr2	220323600	220333600	13
chr2	220323400	220333400	13
chr2	206626400	206636400	10
chr21	46324600	46334600	23
chr20	42798800	42808800	13
chr2	206618600	206628600	10
chr8	124520200	124530200	18
chr3	66449800	66459800	15
