chr17	48547038	48597038	11
chr17	48540638	48590638	23
chr15	25046453	25096453	20
chr19	58227434	58277434	4
chr7	27100581	27150581	11
chr12	133081614	133131614	4
chr12	53996216	54046216	22
chr19	57963432	58013432	4
chr12	54006816	54056816	10
chr19	36532498	36582498	4
chr19	58164233	58214434	4
chr17	50163439	50213439	4
chr19	36712898	36762898	20
chr14	93936454	93986454	24
chr19	37412498	37462498	20
chr4	424611	474611	6
chr19	36616298	36666298	4
chr19	56533231	56583432	22
chr14	93934854	93984854	24
chr2	217811877	217861877	13
chr22	46038520	46088520	22
chr1	226940899	226990899	20
chr7	27151981	27201981	4
chr2	217797277	217847277	11
chr2	217821077	217871077	13
chr2	219414878	219464878	22
chr1	156461808	156511808	22
chr17	48578638	48628638	4
chr2	47026061	47076061	3
chr19	37531498	37581699	22
chr2	127049224	127099224	13
chr19	23330598	23380598	6
chr17	40307748	40357748	13
chr11	1952370	2002370	1
chr5	150613638	150663638	22
chr10	79137043	79187043	3
chr19	57529632	57579632	4
chr19	13052386	13102386	16
chr19	51961347	52011347	22
chr10	44955552	45005552	1
chr10	124640031	124690031	3
chr19	36795298	36845298	22
chr15	96319971	96369971	23
chr11	114125678	114175678	24
chr2	217896877	217946877	2
chr19	36859498	36909498	20
chr13	110371053	110421053	2
chr2	217899677	217949677	2
chr12	124374854	124424854	13
chr10	86662843	86712843	17
chr4	411411	461411	20
chr19	38646960	38696960	22
chr19	12994786	13044786	22
chr11	62528328	62578328	13
chr20	44136160	44186160	3
chr1	207804055	207854055	11
chr2	219420678	219470678	22
chr19	38651760	38701760	9
chr3	66392576	66442576	6
chr19	37123898	37173898	20
chr19	52365147	52415147	4
chr10	79396244	79446244	14
chr1	21894107	21944107	22
chr9	95058718	95108718	13
chr12	124392254	124442254	12
chr19	56402831	56452831	4
chr1	27555089	27605089	1
chr11	114057278	114107278	16
chr5	178915599	178965599	22
chr19	56403231	56453231	4
chr6	41686262	41736262	16
chr12	133031014	133081014	4
chr19	37546098	37596299	20
chr9	121708121	121758121	13
chr10	124696031	124746031	11
chr19	58095033	58145033	23
chr14	100857463	100907463	19
chr22	36321355	36371355	9
chr5	139635215	139685215	23
chr12	132907614	132957614	22
chr19	9336524	9386524	22
chr9	134388354	134438354	11
chr19	18414590	18464590	16
chr11	1915970	1965970	4
chr8	143911432	143961432	1
chr17	57906839	57956839	22
chr3	12921500	12971500	22
chr13	110300453	110350453	14
chr3	12921100	12971100	22
chr5	150595638	150645638	22
chr14	73716697	73766697	18
chr9	134386354	134436354	11
chr1	226946499	226996499	20
chr1	226637099	226687099	3
chr17	48531838	48581838	23
chr12	108783024	108833024	18
chr5	141382433	141432433	4
chr18	77065044	77115044	22
chr15	96322771	96372771	23
chr2	219404678	219454678	22
