chr17	48997638	49047638	3
chr15	22220649	22270649	9
chr22	46041920	46091920	8
chr22	46062920	46112920	8
chr17	48979238	49029238	3
chr14	22485412	22547058	2
chr14	22476610	22537856	2
chr5	141350233	141400233	12
chr12	123104453	123154453	2
chr11	128469305	128519305	2
chr22	39904596	39954596	2
chr16	68188297	68238297	2
chr20	31670797	31720797	2
chr22	46024520	46074520	7
chr10	97155043	97205043	4
chr5	141174619	141225428	13
chr8	74279765	74329765	7
chr10	124692831	124742831	7
chr1	167456763	167506763	1
chr1	167445363	167495363	4
chr17	77399318	77449318	1
chr10	26440271	26490271	2
chr2	86813077	86863077	2
chrX	7048959	7098959	3
chr17	48971838	49021838	3
chr6	42003662	42053662	2
chr10	124619231	124669231	3
chr7	50312004	50374102	2
chr17	77418518	77468518	8
chr15	31329397	31379397	4
chr1	198637070	198687271	4
chr3	18399708	18449708	2
chrX	124352550	124402550	3
chr17	48968638	49018638	3
chr16	68243497	68293497	2
chr5	134092909	134142909	4
chr12	11732266	11782266	8
chr17	57434839	57484839	4
chr2	132238627	132288627	9
chr3	35633108	35683108	2
chr17	57439439	57489439	4
chr16	68210897	68260897	2
chr5	141365633	141415633	12
chr1	204517272	204567272	2
chr10	97142843	97192843	4
chr15	22197849	22247849	15
chr7	23441981	23491981	7
chr1	230068853	230118853	2
chr1	160606210	160656210	2
chr5	132414308	132464308	3
chr4	1829273	1879273	4
chr22	46020920	46070920	7
chr17	80743200	80793200	4
chr21	35003103	35053103	4
chr17	80744200	80794200	4
chr2	86816877	86866877	2
chr2	86803677	86853677	4
chr1	230065453	230115453	2
chr7	27094781	27144781	12
chr12	123117453	123167453	2
chr14	99215863	99265863	1
chr5	134077309	134127309	4
chr3	45869708	45919708	4
chr14	99225263	99275263	3
chr5	132409708	132459708	2
chr12	11716866	11766866	8
chr4	1833273	1883273	4
chr16	68071297	68121297	2
chr5	139642415	139692415	4
chr16	68070297	68120297	2
chr22	39892396	39942396	2
chr11	36558250	36608250	7
chr12	123013053	123063053	1
chr1	160613410	160663410	2
chr5	39169298	39219298	4
chr14	98158863	98208863	3
chr12	11747266	11797266	8
chr2	60499465	60549465	2
chr5	170256996	170306996	2
chr8	74297365	74347365	7
chr17	57416439	57466439	4
chr8	133032955	133083156	1
chr1	230079653	230129653	8
chr18	13414001	13464001	4
chr5	170258396	170308396	2
chr17	57515439	57565439	4
chr1	226649299	226699299	1
chr9	89435485	89485485	3
chr4	40199780	40249780	2
chr17	49032038	49082038	5
chr5	39167098	39217098	4
chr5	139636215	139686215	4
chr5	132405908	132455908	2
chr16	68168497	68218497	8
chr16	75062102	75112102	1
chr19	51990747	52040747	4
chr2	91577941	91631774	15
chr3	18384908	18434908	2
chr17	3675906	3725906	4
chr1	198643670	198693871	4
