chr8	108695600	108720600	9
chr7	137296600	137321600	2
chr8	84722400	84747400	3
chr4	82490000	82515000	9
chr2	116051800	116076800	2
chr1	42690000	42715000	2
chr1	42688000	42713000	2
chr8	84729200	84754200	3
chr5	111413200	111438200	6
chr13	78176800	78201800	2
chr2	26483400	26508400	4
chr6	52156600	52181600	3
chr13	83713600	83738600	2
chr10	80150200	80175200	6
chr3	88198200	88223200	3
chr11	24076800	24101800	6
chr11	24078000	24103000	6
chr13	63549200	63574200	2
chr18	75370600	75395600	6
chr3	34638400	34663400	3
chr11	24079800	24104800	6
chr7	79496000	79521000	13
chr11	98922000	98947000	6
chr9	61368000	61393000	2
chr4	22475000	22500000	2
chr2	165863600	165888600	9
chr7	79497400	79522400	1
chr7	70345400	70370400	9
chr2	165864400	165889400	9
chr6	52201600	52226600	3
chr8	108707200	108732200	3
chr8	57311400	57336400	3
chr9	44477400	44502400	9
chr8	120484200	120509200	3
chr18	37805000	37830000	9
chr17	47902800	47927800	6
chr18	35828000	35853000	6
chr11	120219000	120244000	9
chr2	38336400	38361400	3
chr12	107976400	108001400	2
chr7	73376400	73401400	4
chr14	122459800	122484800	2
chr10	80133400	80158400	5
chr2	116041600	116066600	2
chr10	80293000	80318000	3
chr8	94976800	95001800	1
chr9	91359200	91384200	1
chr11	98930200	98955200	6
chr15	85665400	85690400	12
chr11	96310800	96335800	3
chr11	84511400	84536400	6
chr8	84765000	84790000	6
chr10	127508000	127533000	3
chr11	98947400	98972400	6
chr12	86877800	86902800	9
chr8	84965000	84990000	9
chr2	45093400	45118400	4
chr8	89023600	89048600	9
chr15	85664000	85689000	12
chr1	77493600	77518600	4
chr13	63542800	63567800	2
chr8	120490800	120515800	6
chr2	45093200	45118200	4
chr4	154617200	154642200	6
chr6	83433000	83458000	6
chr4	156181200	156206200	4
chr8	120531600	120556600	6
chr10	81558800	81583800	9
chr7	73371800	73396800	4
chr4	133035200	133060200	3
chr4	154623600	154648600	6
chrX	12067800	12092800	9
chrX	12062000	12087000	6
chr4	154619000	154644000	6
chr15	85666800	85691800	12
chr8	120534000	120559000	6
chr15	102238800	102263800	6
chr8	94975600	95000600	1
chr11	97797400	97822400	6
chr1	75435600	75460600	3
chr14	64573400	64598400	4
chr2	33625000	33650000	1
chr8	84963000	84988000	5
chr9	61361000	61386000	2
chr2	105666800	105691800	3
chr11	120215000	120240000	9
chr7	44427600	44452600	5
chr7	70334600	70359600	9
chr11	98932800	98957800	6
chr13	78191400	78216400	2
chr13	23740000	23765000	9
chr8	120493800	120518800	4
chr10	80161600	80186600	9
chr6	83426000	83451000	4
chr13	23739800	23764800	9
chr2	18030600	18055600	9
chr15	98969200	98994200	9
chr11	19004400	19029400	2
chr11	19003200	19028200	2
chr8	120528800	120553800	12
