chr15	25295200	25320200	20
chr19	58753200	58778200	20
chr19	58696800	58721800	20
chr11	118776600	118801600	9
chr19	39137800	39162800	9
chr12	133710600	133735600	20
chr12	133658600	133683600	20
chr15	25320400	25345400	20
chr8	30240800	30265800	9
chr12	133613200	133638200	20
chr19	52802400	52827400	20
chr4	423600	448600	20
chr7	131218800	131243800	9
chr22	36746600	36771600	9
chr19	52388000	52413000	18
chr10	126822600	126847600	9
chr16	75268000	75293000	9
chr19	44980600	45005600	4
chr19	58488200	58513200	4
chr16	75275600	75300600	9
chr7	6722200	6747200	4
chr16	75269000	75294000	9
chr19	52361200	52386200	20
chr19	9671000	9696000	20
chr8	128818800	128843800	9
chr19	39154400	39179400	9
chr19	37025800	37050800	20
chr8	145004000	145029000	9
chr10	126819800	126844800	9
chr8	30247800	30272800	9
chr3	32861000	32886000	9
chr22	36724200	36749200	9
chr19	1251200	1276200	9
chr17	37023400	37048400	9
chr8	146053600	146078600	20
chr5	139026600	139051600	9
chr20	61546400	61571400	9
chr19	1249600	1274600	9
chr18	46454800	46479800	9
chr20	47884000	47909000	9
chr20	61537600	61562600	9
chr12	122230000	122255000	9
chr17	75367000	75392000	9
chr19	37231200	37256200	20
chr11	65252200	65277200	9
chr8	145005200	145030200	9
chrX	39944400	39969400	9
chr12	133567200	133592200	20
chr12	133757400	133782400	4
chr8	128863400	128888400	9
chr20	45963800	45988800	9
chr20	17929600	17954600	9
chrX	39940800	39965800	9
chr20	45937200	45962200	9
chr19	23402200	23427200	20
chr11	65183400	65208400	9
chr9	134270000	134295000	9
chr19	20209400	20234400	20
chr13	100617600	100642600	9
chr13	100617800	100642800	9
chr20	17930200	17955200	9
chr19	8912800	8937800	20
chr10	106074600	106099600	9
chr10	43881000	43906000	9
chr19	37194400	37219400	20
chr17	75456200	75481200	9
chr3	32889800	32914800	9
chr11	3378800	3403800	1
chr9	114287000	114312000	9
chr3	32889600	32914600	9
chr1	8916200	8941200	11
chr1	204041400	204066400	2
chr5	1499800	1524800	9
chr6	15244800	15269800	9
chr1	27882400	27907400	9
chr12	124979400	125004400	9
chr17	75460800	75485800	9
chr15	70370000	70395000	22
chr19	39164800	39189800	9
chr8	72582800	72607800	22
chr5	180664600	180689600	9
chr1	43404600	43429600	3
chr5	179676800	179701800	20
chr19	52617600	52642600	20
chr17	75444400	75469400	9
chr20	45929200	45954200	9
chr1	247141000	247166000	20
chr9	134272800	134297800	9
chr8	42958600	42983600	20
chr1	156450000	156475000	9
chr11	65185600	65210600	9
chr8	38285400	38310400	9
chr16	85638800	85663800	9
chr19	39172000	39197000	9
chr15	70368200	70393200	22
chr17	47075600	47100600	9
chr1	16458400	16483400	9
chr20	34306400	34331400	1
chr17	20923000	20948000	9
chr17	20922800	20947800	9
