chr18	15410201	20940439	14
chr17	35141381	35151381	14
chr10	96801443	96811443	14
chr1	91385643	91395643	14
chr6	119237035	119247035	14
chr12	20541666	20551666	14
chr7	62506822	62516822	14
chr2	92083574	92093574	14
chr1	121736602	143280649	14
chr1	148840782	148851415	14
chr5	55224772	55234772	14
chr1	245149098	245159098	14
chr2	132267427	132277427	14
chr2	132257427	132267427	14
chr2	132245627	132255627	14
chr6	58443122	58453122	14
chr21	8986767	8996767	14
chr13	27450063	27460063	14
chrX	58527767	58537767	14
chrX	137428441	137438441	14
chr11	85480756	85490756	14
chr14	87761656	87771656	14
chr8	69689965	69699965	14
chr19	3978202	3988202	8
chr14	35397194	35407194	8
chr17	41686748	41696748	8
chr2	172094272	172104272	14
chr20	38722157	38732157	14
chr17	44960632	44970632	14
chr4	78055046	78065046	14
chr7	130730372	130741039	14
chr8	144094897	144104897	2
chr11	574400	584400	2
chr17	82021324	82031324	2
chr1	11058743	11068743	2
chr20	41609361	41619361	2
chr12	53988016	53998016	14
chr6	5994767	6004767	14
chr2	92100174	92110174	14
chr6	107483796	107493796	14
chr16	34147133	34157133	14
chr10	41704808	41714808	14
chr2	92111774	92121774	14
chr17	47148634	47158634	14
chr5	71848173	71858173	14
chr2	229180684	229190684	14
chr6	32967423	32977423	8
chr17	7570482	7580482	8
chr9	63816666	63826666	14
chr3	123021953	123031953	14
chr7	5525169	5535169	8
chr11	65496729	65506729	8
chr10	3776208	3786208	8
chr5	132483308	132493308	8
chr5	181238600	181248600	8
chr19	18277390	18287390	8
chr2	231705290	231715290	8
chr19	1066601	1076601	8
chr19	49489343	49499343	8
chr15	28091454	28101454	14
chr14	60718482	60728482	14
chr5	50962966	50972966	14
chr17	44824232	44834232	14
chr2	176088072	176098072	14
chr1	29230088	29240088	14
chr10	90849843	90859843	14
chr9	38066203	38076203	2
chr4	88006848	88016848	2
chr4	112508444	112518444	14
chr7	116518746	116528746	14
chr5	55170772	55180772	14
chr6	149955864	149965864	14
chr2	215431677	215441677	14
chr10	70373444	70383444	2
chr2	237691157	237701157	2
chr17	40062147	40072147	2
chr10	73865442	73875442	2
chr20	58306344	58316344	2
chr1	230867254	230877254	2
chr17	31857981	31867981	2
chr3	132713556	132723556	2
chr17	81221600	81231600	2
chr14	103713063	103723063	2
chr7	6263569	6273569	2
chr7	152462315	152472315	2
chr2	129876627	129886627	2
chr1	228646653	228656653	14
chr15	76056059	76066059	14
chr19	27240892	27250892	14
chr16	46382888	46392888	14
chr18	105200	115200	14
chrX	62498130	62508130	14
chr8	43966657	43976657	14
chr19	35567898	35577898	14
chr18	52788430	52798430	14
chr14	69766283	69776283	8
chr8	22156087	22166087	2
chrX	123959150	123969150	2
chr17	1715706	1725706	2
chr7	2402765	2412765	2
