chr2	63059600	63059800	9	11.8747	1	(3,9)	23.7494	1	23.7494
chrX	47176400	47176600	10	10.7137	1	(4,10)	21.4275	1	21.4275
chr8	64378000	64378200	10	10.7137	1	(4,10)	21.4275	1	21.4275
chr7	57869000	57869200	10	10.7137	1	(9,10)	21.4275	1	21.4275
chr6	24357800	24358000	11	10.7137	1	(9,11)	21.4275	1	21.4275
chr5	77851200	77851400	10	10.7137	1	(9,10)	21.4275	1	21.4275
chr2	63059800	63060000	10	10.7137	1	(9,10)	21.4275	1	21.4275
chr2	161427200	161427400	11	10.7137	1	(9,11)	21.4275	1	21.4275
chr2	161426800	161427000	10	10.7137	1	(9,10)	21.4275	1	21.4275
chr16	32085400	32085600	10	10.7137	1	(9,10)	21.4275	1	21.4275
chr13	52845000	52845200	11	10.7137	1	(6,11)	21.4275	1	21.4275
chr11	45826600	45826800	11	10.7137	1	(9,11)	21.4275	1	21.4275
chr11	31799400	31799600	11	10.7137	1	(6,11)	21.4275	1	21.4275
chr11	31799000	31799200	11	10.7137	1	(6,11)	21.4275	1	21.4275
chr11	31798000	31798200	10	10.7137	1	(4,10)	21.4275	1	21.4275
chr7	20777400	20777600	10	10.471	1	(6,10)	20.9421	1	20.9421
chr13	52844800	52845000	10	10.471	1	(6,10)	20.9421	1	20.9421
chr11	31799800	31800000	10	10.471	1	(6,10)	20.9421	1	20.9421
chr11	31799200	31799400	10	10.471	1	(6,10)	20.9421	1	20.9421
chr8	64377600	64377800	11	10.3747	1	(4,11)	20.7494	1	20.7494
chr17	61404600	61404800	11	10.3747	1	(4,11)	20.7494	1	20.7494
chr11	124746600	124746800	11	10.3747	1	(4,11)	20.7494	1	20.7494
chr7	157682800	157683000	13	10.145	1	(3,13)	20.29	1	20.29
chr6	5999800	6000000	13	10.145	1	(3,13)	20.29	1	20.29
chr19	16326600	16326800	13	10.145	1	(3,13)	20.29	1	20.29
chr17	61408800	61409000	13	10.145	1	(3,13)	20.29	1	20.29
chr17	61402600	61402800	13	10.145	1	(3,13)	20.29	1	20.29
chr14	56805000	56805200	13	10.145	1	(3,13)	20.29	1	20.29
chr13	99984400	99984600	13	10.145	1	(3,13)	20.29	1	20.29
chr10	117131000	117131200	13	10.145	1	(3,13)	20.29	1	20.29
chrX	137574600	137574800	10	9.92126	1	(8,10)	19.8425	1	19.8425
chr8	702600	702800	9	9.92126	1	(6,9)	19.8425	1	19.8425
chr7	57868600	57868800	10	9.92126	1	(8,10)	19.8425	1	19.8425
chr4	56646000	56646200	9	9.92126	1	(6,9)	19.8425	1	19.8425
chr2	235008600	235008800	9	9.92126	1	(6,9)	19.8425	1	19.8425
chr2	132255600	132255800	10	9.92126	1	(8,10)	19.8425	1	19.8425
chr19	36848200	36848400	9	9.92126	1	(6,9)	19.8425	1	19.8425
chr17	72584200	72584400	9	9.92126	1	(6,9)	19.8425	1	19.8425
chr14	64541800	64542000	10	9.92126	1	(8,10)	19.8425	1	19.8425
chr14	64541200	64541400	10	9.92126	1	(8,10)	19.8425	1	19.8425
chr12	12236400	12236600	9	9.92126	1	(6,9)	19.8425	1	19.8425
chr1	162105600	162105800	9	9.92126	1	(6,9)	19.8425	1	19.8425
chr11	35331000	35331200	9	9.92126	1	(6,9)	19.8425	1	19.8425
chr10	69443800	69444000	10	9.92126	1	(8,10)	19.8425	1	19.8425
chrX	129953200	129953400	10	9.61292	1	(5,10)	19.2258	1	19.2258
chrX	115232600	115232800	10	9.61292	1	(5,10)	19.2258	1	19.2258
chrX	101417600	101417800	10	9.61292	1	(5,10)	19.2258	1	19.2258
chr9	23823000	23823200	10	9.61292	1	(5,10)	19.2258	1	19.2258
chr9	22006200	22006400	11	9.61292	1	(5,11)	19.2258	1	19.2258
chr9	113349200	113349400	11	9.61292	1	(5,11)	19.2258	1	19.2258
chr8	75404600	75404800	10	9.61292	1	(5,10)	19.2258	1	19.2258
chr8	64377200	64377400	10	9.61292	1	(5,10)	19.2258	1	19.2258
chr7	21254200	21254400	10	9.61292	1	(5,10)	19.2258	1	19.2258
chr7	149423000	149423200	11	9.61292	1	(5,11)	19.2258	1	19.2258
chr7	122312000	122312200	10	9.61292	1	(5,10)	19.2258	1	19.2258
chr7	122311800	122312000	11	9.61292	1	(5,11)	19.2258	1	19.2258
chr6	28988200	28988400	10	9.61292	1	(5,10)	19.2258	1	19.2258
chr5	132825600	132825800	11	9.61292	1	(5,11)	19.2258	1	19.2258
chr3	72738400	72738600	11	9.61292	1	(5,11)	19.2258	1	19.2258
chr3	105354200	105354400	10	9.61292	1	(5,10)	19.2258	1	19.2258
chr2	95077600	95077800	10	9.61292	1	(5,10)	19.2258	1	19.2258
chr21	36980200	36980400	11	9.61292	1	(5,11)	19.2258	1	19.2258
chr21	33020200	33020400	11	9.61292	1	(5,11)	19.2258	1	19.2258
chr19	51327800	51328000	11	9.61292	1	(5,11)	19.2258	1	19.2258
chr19	51327400	51327600	11	9.61292	1	(5,11)	19.2258	1	19.2258
chr19	35902400	35902600	10	9.61292	1	(5,10)	19.2258	1	19.2258
chr19	13098200	13098400	11	9.61292	1	(5,11)	19.2258	1	19.2258
chr19	11578600	11578800	11	9.61292	1	(5,11)	19.2258	1	19.2258
chr17	61411000	61411200	10	9.61292	1	(5,10)	19.2258	1	19.2258
chr17	42288600	42288800	11	9.61292	1	(5,11)	19.2258	1	19.2258
chr17	38572200	38572400	10	9.61292	1	(5,10)	19.2258	1	19.2258
chr16	57529000	57529200	11	9.61292	1	(5,11)	19.2258	1	19.2258
chr16	3160800	3161000	10	9.61292	1	(5,10)	19.2258	1	19.2258
chr12	96986200	96986400	11	9.61292	1	(5,11)	19.2258	1	19.2258
chr11	67812000	67812200	10	9.61292	1	(5,10)	19.2258	1	19.2258
chr11	66314600	66314800	10	9.61292	1	(5,10)	19.2258	1	19.2258
chr11	133918600	133918800	11	9.61292	1	(5,11)	19.2258	1	19.2258
chrX	96686400	96686600	15	9.47103	1	(10,15)	18.9421	1	18.9421
chrX	72128800	72129000	12	9.47103	1	(3,12)	18.9421	1	18.9421
chrX	30972000	30972200	15	9.47103	1	(10,15)	18.9421	1	18.9421
chrX	16451200	16451400	15	9.47103	1	(10,15)	18.9421	1	18.9421
chr8	75404000	75404200	15	9.47103	1	(10,15)	18.9421	1	18.9421
chr8	61288600	61288800	15	9.47103	1	(10,15)	18.9421	1	18.9421
chr7	50093200	50093400	15	9.47103	1	(10,15)	18.9421	1	18.9421
chr7	47053000	47053200	15	9.47103	1	(10,15)	18.9421	1	18.9421
chr7	157683200	157683400	12	9.47103	1	(3,12)	18.9421	1	18.9421
chr7	122301800	122302000	12	9.47103	1	(3,12)	18.9421	1	18.9421
chr7	116526800	116527000	15	9.47103	1	(10,15)	18.9421	1	18.9421
chr6	6002000	6002200	12	9.47103	1	(3,12)	18.9421	1	18.9421
chr6	5999600	5999800	12	9.47103	1	(3,12)	18.9421	1	18.9421
chr6	29015200	29015400	15	9.47103	1	(10,15)	18.9421	1	18.9421
chr5	42756600	42756800	15	9.47103	1	(10,15)	18.9421	1	18.9421
chr4	7582400	7582600	15	9.47103	1	(10,15)	18.9421	1	18.9421
chr3	4494600	4494800	15	9.47103	1	(10,15)	18.9421	1	18.9421
chr2	63060000	63060200	15	9.47103	1	(10,15)	18.9421	1	18.9421
chr2	3849000	3849200	15	9.47103	1	(10,15)	18.9421	1	18.9421
chr2	172098000	172098200	12	9.47103	1	(3,12)	18.9421	1	18.9421
chr2	172097600	172097800	12	9.47103	1	(3,12)	18.9421	1	18.9421
chr2	156329000	156329200	15	9.47103	1	(10,15)	18.9421	1	18.9421
chr19	43638200	43638400	12	9.47103	1	(3,12)	18.9421	1	18.9421
