chr12	133037014	133047014	1
chr19	52953147	52963147	1
chr19	52296947	52306947	1
chr19	9323724	9333724	1
chr16	3400000	3410000	1
chr17	79796001	79806001	1
chr19	56538631	56548631	1
chr10	3776808	3786808	1
chr17	4938505	4948505	1
chr9	33158202	33168202	1
chr5	143396235	143406235	1
chr2	231705290	231715290	1
chr19	52130147	52140147	1
chr6	108556997	108566997	1
chr5	57171773	57181773	1
chr15	75447059	75457059	1
chr6	137866063	137876063	1
chr17	2391306	2401306	1
chr17	45307834	45317834	1
chr4	102819643	102829643	1
chr16	2961599	2971599	1
chr15	31324797	31334797	1
chr9	101398718	101408718	1
chr1	154966724	154976724	1
chr16	87950194	87960194	1
chr1	19476506	19486506	1
chr19	53333547	53343547	1
chr19	52570147	52580147	1
chr10	22316071	22326071	1
chr19	55653434	55663434	1
chr10	125887431	125897431	1
chr16	8954743	8964743	1
chr11	86060358	86070358	1
chr20	53585261	53595261	1
chr1	15408704	15418704	1
chr7	39948201	39958201	1
chr3	126466957	126476957	1
chr2	111114223	111124223	1
chr3	120088353	120098353	1
chr9	128064521	128074521	1
chr19	41261695	41271695	1
chr19	37370698	37380698	1
chr19	40749695	40759695	1
chr19	47104743	47114743	1
chr9	127971321	127981321	1
chr14	100236663	100246663	1
chr16	2147999	2157999	1
chr1	45679528	45689528	1
chr16	68079297	68089297	1
chr11	58572727	58582727	1
chr4	26856778	26866778	1
chr6	156775866	156785866	1
chr9	99818318	99828318	1
chr12	108559224	108569224	1
chr17	63834240	63844240	1
chr12	53378616	53388616	1
chr14	20452841	20462841	1
chr19	42267448	42277448	1
chr2	68244268	68254268	1
chr5	154753640	154763640	1
chr5	179615199	179625199	1
chr12	122518653	122528653	1
chr9	99103518	99113518	1
chr14	23087191	23097191	1
chr1	62435329	62445329	1
chr1	226061099	226071099	1
chr3	36988709	36998709	1
chr14	61694482	61704482	1
chr1	24641509	24651509	1
chr9	137197548	137207548	1
chr17	81852324	81862324	1
chr11	83155558	83165558	1
chr18	62521367	62531367	1
chr14	24138991	24148991	1
chr1	110337378	110347378	1
chr9	134060678	134070678	1
chr1	185308468	185318468	1
chr13	45333265	45343265	1
chr2	101696538	101706538	1
chr9	35063403	35073403	1
chr22	23178413	23188413	1
chr15	92879770	92889770	1
chr16	3871799	3881799	1
chr9	127777521	127787521	1
chr8	11859091	11869091	1
chr11	46113249	46123249	1
chr14	58290682	58300682	1
chr4	86933648	86943648	1
chr6	24712372	24722372	1
chr12	53213016	53223016	1
chr15	98646771	98656771	1
chr18	9134602	9144602	1
chr13	30615263	30625263	1
chr1	212283858	212293858	1
chr7	152427515	152437515	1
chr2	231455889	231465889	1
chr6	12007567	12017567	1
chr1	226398899	226408899	1
chr16	2768999	2778999	1
chr20	35734878	35744878	1
