chr11	65264200	65274200	3
chr19	58765000	58775000	8
chr12	133621000	133631000	8
chr8	146061400	146071400	8
chr7	6726800	6736800	8
chr19	58702000	58712000	8
chr19	7075800	7085800	8
chr19	58125200	58135200	8
chr6	32935600	32945600	3
chr19	44980000	44990000	8
chr10	42378200	42388200	8
chr19	9673400	9683400	8
chr6	32936400	32946400	3
chr15	25309000	25319000	8
chr19	9636600	9646600	8
chr2	89865200	89875200	8
chr10	42390600	42400600	8
chr19	58490200	58500200	8
chr5	179681400	179691400	8
chr20	47894000	47904000	3
chr19	58715600	58725600	8
chr6	36561200	36571200	3
chr12	133763400	133773400	8
chr19	37201600	37211600	8
chr19	12052800	12062800	8
chr19	37037800	37047800	8
chr17	79475800	79485800	3
chr4	49650000	49660000	8
chr17	79476200	79486200	3
chr16	46385800	46395800	8
chr10	42355400	42365400	8
chr19	12633000	12643000	8
chr16	3332800	3342800	8
chr19	52817200	52827200	8
chr1	150543000	150553000	3
chr19	52468200	52478200	8
chr12	133674000	133684000	8
chr21	10799600	10809600	8
chr14	69253600	69263600	3
chr9	99518400	99528400	8
chr12	133582400	133592400	8
chr21	10776200	10786200	8
chr4	49147800	49157800	8
chr2	43445800	43455800	3
chr19	44994800	45004800	8
chr19	58638600	58648600	8
chr12	54671600	54681600	3
chr2	43446200	43456200	3
chr10	3818400	3828400	3
chr5	179042000	179052000	3
chr1	234739400	234749400	3
chr19	52393800	52403800	8
chr16	68589400	68599400	8
chr5	179041600	179051600	3
chr19	58080600	58090600	8
chr12	46757800	46767800	3
chr19	37236200	37246200	8
chr19	52615000	52625000	8
chr7	5097200	5107200	8
chr17	8020800	8030800	11
chr7	26233000	26243000	3
chr20	47891400	47901400	3
chr15	25319200	25329200	8
chr4	49113200	49123200	8
chr19	8917200	8927200	8
chr12	122235200	122245200	3
chr19	52565400	52575400	8
chr19	19818800	19828800	8
chr3	75781200	75791200	8
chr18	18510800	18520800	8
chr17	27046200	27056200	3
chr16	3358400	3368400	8
chr16	3450200	3460200	1
chr12	133692600	133702600	8
chr1	180196800	180206800	10
chr11	65260800	65270800	3
chr14	69252400	69262400	3
chr11	66405200	66415200	3
chr17	7136600	7146600	3
chr19	58193000	58203000	8
chr1	180195200	180205200	10
chr17	8019200	8029200	11
chr12	92531000	92541000	3
chr4	443400	453400	8
chr17	35288000	35298000	11
chr19	52495600	52505600	8
chr19	1266600	1276600	3
chr19	1266400	1276400	3
chr19	52439600	52449600	8
chr5	54520600	54530600	11
chr11	65260600	65270600	3
chr19	27731600	27741600	8
chr7	5459800	5469800	1
chr6	32940400	32950400	3
chr8	99951800	99961800	11
chr19	41304000	41314000	3
chr6	36564600	36574600	3
chr11	31830000	31840000	10
chr19	58046000	58056000	8
chr19	52534800	52544800	8
