chrX	73817800	73862800	1
chrX	131718800	131763800	1
chr15	42524600	42569600	2
chr20	49154000	49199000	2
chrX	131802200	131847200	1
chr17	30688000	30733000	2
chr12	12703200	12748200	8
chrX	3679600	3724600	2
chr4	37815400	37860400	2
chr8	38925400	38970400	8
chr1	180601600	180646600	2
chr11	64841200	64886200	8
chr18	74468400	74513400	3
chr1	37459600	37504600	8
chrX	131693800	131738800	1
chrX	15727400	15772400	2
chr17	57971600	58016600	8
chr16	85887200	85932200	8
chrX	15652600	15697600	3
chr2	230402200	230447200	3
chr4	40193800	40238800	8
chr9	114361200	114406200	8
chr3	184304000	184349000	8
chr13	45310000	45355000	7
chr2	43199600	43244600	8
chr12	48663800	48708800	7
chr2	70062800	70107800	8
chr13	30432400	30477400	8
chrX	131752400	131797400	2
chr14	93313200	93358200	4
chr1	4628800	4673800	15
chr4	127939600	127984600	1
chr2	218258400	218303400	1
chr15	80972000	81017000	4
chr2	218208000	218253000	8
chr17	7549800	7594800	7
chr6	7134800	7179800	11
chr3	10239800	10284800	7
chr9	124846400	124891400	1
chr19	13040800	13085800	15
chr9	128340800	128385800	4
chr2	28376400	28421400	14
chr22	27886400	27931400	1
chr1	54108200	54153200	15
chr6	29600200	29645200	3
chr3	51467400	51512400	3
chr9	128994800	129039800	2
chr7	5164600	5209600	4
chr3	196282800	196327800	1
chr16	68058400	68103400	8
chr11	118758800	118803800	7
chr19	35880800	35925800	8
chr17	45281000	45326000	8
chr10	11164000	11209000	7
chr17	80822000	80867000	3
chr7	44854800	44899800	4
chr1	33412800	33457800	15
chr1	23544000	23589000	8
chr8	94883000	94928000	4
chr5	151190800	151235800	8
chr10	119693200	119738200	1
chr19	58528200	58573200	7
chr19	12429000	12474000	2
chr9	129159200	129204200	15
chr3	194299200	194344200	15
chr17	38431000	38476000	15
chr8	123241000	123286000	4
chr22	24281200	24326200	7
chr13	36312600	36357600	1
chr19	49896000	49941000	7
chr9	136295200	136340200	15
chr17	38811600	38856600	1
chrX	129758200	129803200	8
chr16	87460000	87505000	2
chr2	68140800	68185800	1
chr17	478000	523000	15
chr19	54176600	54221600	7
chr2	8459600	8504600	15
chr11	65411000	65456000	1
chr1	44788400	44833400	1
chr15	40890800	40935800	15
chr10	101047400	101092400	15
chr16	66677000	66722000	15
chr19	12922000	12967000	8
chr17	28714400	28759400	8
chr17	56653600	56698600	15
chrX	102735400	102780400	2
chr7	74860000	74905000	2
chr19	55231200	55276200	7
chr3	13626600	13671600	15
chr16	11824000	11869000	4
chr11	70173400	70218400	7
chr11	9652400	9697400	2
chr1	155100200	155145200	15
chr2	158424400	158469400	1
chr1	244827600	244872600	7
chr8	125358800	125403800	15
chr12	131883600	131928600	4
chr8	144774800	144819800	8
chr19	2284000	2329000	15
