chr14	106362600	106387600	12
chr5	169701000	169726000	8
chr17	37921000	37946000	15
chr17	37921400	37946400	15
chr17	37924400	37949400	15
chr9	36984400	37009400	14
chr16	85930800	85955800	3
chr2	60760000	60785000	8
chr7	27181600	27206600	2
chr14	106371200	106396200	12
chr2	60755200	60780200	16
chr9	37013600	37038600	8
chr12	6432000	6457000	8
chr11	33880200	33905200	1
chr11	67035000	67060000	8
chr11	33881600	33906600	1
chr14	106373600	106398600	12
chr9	117123000	117148000	10
chr16	57666600	57691600	7
chr10	73509200	73534200	1
chr2	60765200	60790200	8
chr12	6426200	6451200	8
chr21	34762200	34787200	14
chr11	128366800	128391800	1
chr14	93118600	93143600	1
chr21	34763000	34788000	14
chr8	134064600	134089600	8
chrX	37638800	37663800	17
chr2	233932400	233957400	10
chr17	38000000	38025000	15
chr9	36976600	37001600	14
chr19	50826600	50851600	12
chr2	12856000	12881000	15
chr10	11210200	11235200	12
chr17	38001400	38026400	15
chr12	54673800	54698800	16
chr1	207078600	207103600	4
chr16	57660800	57685800	4
chr2	28612600	28637600	17
chr6	24910400	24935400	1
chr16	84626800	84651800	2
chr1	207079600	207104600	4
chr12	120661400	120686400	15
chr2	66651000	66676000	11
chr2	60719600	60744600	3
chr1	44869400	44894400	14
chr7	27172800	27197800	2
chr22	37616800	37641800	10
chr22	40343000	40368000	15
chr17	47812800	47837800	10
chr12	111101400	111126400	15
chr21	34767400	34792400	14
chr22	40342600	40367600	15
chr12	111102400	111127400	15
chr1	198610600	198635600	10
chr16	10968400	10993400	4
chr2	68594000	68619000	8
chr1	169656400	169681400	8
chr11	64619800	64644800	4
chr2	145257800	145282800	15
chr17	47808800	47833800	10
chr12	32027400	32052400	1
chr7	5443000	5468000	16
chr2	68595000	68620000	8
chr2	133011200	133036200	15
chr2	145248200	145273200	1
chr7	50410800	50435800	10
chr1	27937200	27962200	8
chr18	74807200	74832200	3
chr17	33804000	33829000	14
chr1	167601400	167626400	8
chr1	31210200	31235200	8
chr17	47803200	47828200	8
chr15	75068600	75093600	10
chr22	37686600	37711600	8
chr7	27197000	27222000	2
chr19	50822200	50847200	10
chr7	5442400	5467400	16
chr17	46651800	46676800	2
chr22	42303600	42328600	10
chr19	51626000	51651000	8
chr11	33895600	33920600	1
chr1	198635800	198660800	8
chr2	233946800	233971800	8
chr10	11219600	11244600	12
chr1	206732400	206757400	8
chr1	40507600	40532600	4
chr22	42312400	42337400	1
chr11	128332400	128357400	8
chr5	139026400	139051400	4
chr10	14589600	14614600	1
chr10	8088000	8113000	1
chr19	51627000	51652000	8
chr16	10964800	10989800	4
chr12	6438200	6463200	8
chr1	12226600	12251600	2
chr20	39781000	39806000	15
chr6	387200	412200	14
chr2	37873000	37898000	12
chr12	6421800	6446800	8
