chr15	25294200	25319200	8
chr19	58697000	58722000	8
chr12	133615800	133640800	8
chr19	58753200	58778200	8
chr12	133709800	133734800	8
chr10	42375600	42400600	8
chr19	58481600	58506600	8
chr19	44977000	45002000	8
chr12	133661000	133686000	8
chr19	37028600	37053600	8
chr21	10778200	10803200	8
chr15	25319400	25344400	8
chr19	37109600	37134600	8
chr19	37365200	37390200	8
chr19	37911200	37936200	8
chr21	10803400	10828400	8
chr4	49633200	49658200	8
chr2	89848600	89873600	8
chr10	38772600	38797600	8
chr19	38046800	38071800	8
chr10	42791000	42816000	8
chr19	9440400	9465400	8
chr20	29804000	29829000	8
chr10	39076600	39101600	8
chr19	58629800	58654800	8
chr19	37300800	37325800	8
chr21	10830200	10855200	8
chr10	39104000	39129000	8
chr4	49098200	49123200	8
chr12	133759800	133784800	8
chr10	39129800	39154800	8
chr3	75777800	75802800	8
chr2	172948600	172973600	11
chr10	102973600	102998600	11
chr4	424200	449200	8
chr19	37617000	37642000	8
chr12	115116600	115141600	11
chr7	96631400	96656400	11
chr4	111538800	111563800	12
chr15	53075200	53100200	11
chr12	54387800	54412800	11
chr16	68586200	68611200	8
chr14	37114200	37139200	11
chr1	91169800	91194800	11
chr4	174436000	174461000	11
chr14	36971800	36996800	11
chr4	13524200	13549200	10
chr19	56918600	56943600	8
chr7	6714400	6739400	8
chr11	31824400	31849400	10
chr19	37196800	37221800	8
chr2	176947200	176972200	12
chr1	119526400	119551400	11
chr10	102489600	102514600	12
chr7	155240200	155265200	11
chr11	31820400	31845400	10
chr2	223151000	223176000	10
chr6	10402200	10427200	11
chr14	61102400	61127400	11
chr2	119590800	119615800	11
chr8	11547600	11572600	12
chr17	46687800	46712800	10
chr12	54428600	54453600	10
chr7	27170600	27195600	11
chr16	86525800	86550800	11
chr10	8075600	8100600	11
chr7	27210200	27235200	12
chr10	124890200	124915200	11
chr19	8913200	8938200	8
chr10	102880200	102905200	10
chr21	38061200	38086200	11
chr12	114831400	114856400	11
chr17	35282800	35307800	11
chr17	46629200	46654200	13
chr7	27133800	27158800	10
chr19	44339200	44364200	8
chr2	176980800	177005800	11
chr11	44323600	44348600	10
chr15	96864600	96889600	11
chr17	46800800	46825800	11
chr6	100893400	100918400	12
chr19	9476600	9501600	8
chr9	115800600	115825600	8
chr2	177012000	177037000	12
chr10	101279000	101304000	11
chr7	156793000	156818000	12
chr10	119290600	119315600	10
chr5	178492400	178517400	8
chr13	28527800	28552800	11
chr9	37019200	37044200	11
chr19	49922200	49947200	11
chr8	23550200	23575200	11
chr2	219844400	219869400	11
chr19	57072000	57097000	8
chr5	50671400	50696400	11
chr1	18954800	18979800	12
chr6	1603200	1628200	11
chr7	20815000	20840000	11
chr4	147552400	147577400	10
chr21	11109000	11134000	8
