chr22	36723200	36733200	8
chr3	134075800	134085800	8
chr10	42375600	42385600	12
chr2	89866600	89876600	12
chr2	133025000	133035000	14
chr10	42355400	42365400	14
chr21	10795600	10805600	12
chr21	10773800	10783800	12
chr21	11118800	11128800	12
chr15	25300200	25310200	12
chr10	3818200	3828200	8
chr15	25311400	25321400	12
chr16	33949600	33959600	14
chr10	42387000	42397000	14
chr21	10813600	10823600	12
chr19	58765000	58775000	12
chr19	58702000	58712000	12
chr19	58126200	58136200	4
chr16	46385800	46395800	14
chr20	47894000	47904000	8
chr3	75784200	75794200	12
chr4	49148600	49158600	12
chr19	58636400	58646400	12
chr19	58490600	58500600	12
chr12	133621000	133631000	12
chr8	146061800	146071800	12
chr18	18510800	18520800	14
chr19	58715200	58725200	12
chr4	49650000	49660000	14
chr19	1248400	1258400	8
chr17	35290200	35300200	15
chr9	68412400	68422400	14
chr11	65264200	65274200	8
chr21	10850800	10860800	12
chr11	31830000	31840000	14
chr21	10830200	10840200	12
chr19	1266600	1276600	8
chr19	44977400	44987400	12
chr17	35291000	35301000	15
chr19	1252400	1262400	8
chr4	49113200	49123200	12
chr10	38808800	38818800	12
chr16	33954200	33964200	14
chr7	6726800	6736800	12
chr19	54704000	54714000	8
chr19	58080600	58090600	4
chr5	54520400	54530400	14
chr18	55100200	55110200	14
chr5	54520600	54530600	14
chr8	25898800	25908800	14
chr2	73142200	73152200	14
chr15	68112000	68122000	15
chr9	96713000	96723000	14
chr15	25321600	25331600	12
chr19	9636600	9646600	12
chr4	49200	59200	14
chr19	7075800	7085800	12
chr1	197879400	197889400	14
chr2	171670400	171680400	15
chr1	180197400	180207400	14
chr20	45980400	45990400	9
chr6	32935800	32945800	8
chr9	37025200	37035200	14
chr10	39137400	39147400	12
chr11	31826200	31836200	14
chr10	3820400	3830400	8
chr3	138655800	138665800	14
chr1	50884000	50894000	14
chr16	68591000	68601000	12
chr17	46124600	46134600	8
chr10	124892200	124902200	14
chr10	42808000	42818000	12
chr3	137481000	137491000	14
chr4	10109400	10119400	3
chr14	69253200	69263200	8
chr1	150543000	150553000	8
chr5	179681400	179691400	12
chr14	37123400	37133400	14
chr21	38064200	38074200	14
chr7	100806800	100816800	15
chr7	57546800	57556800	12
chr18	19744200	19754200	14
chr9	79628000	79638000	14
chr7	27282200	27292200	14
chr2	43445200	43455200	3
chr11	118787000	118797000	3
chr10	38776800	38786800	12
chr12	133762200	133772200	12
chr4	10094600	10104600	8
chr4	113430200	113440200	14
chr1	91182400	91192400	14
chr19	27731800	27741800	14
chr17	79475800	79485800	8
chr19	12052800	12062800	12
chr4	10094800	10104800	8
chr10	39078600	39088600	12
chr7	155165000	155175000	15
chr13	79174000	79184000	14
chr17	77770000	77780000	4
chr11	44330400	44340400	14
