chr3	134352158	134377158	3
chr10	41838008	41863008	14
chr10	8040037	8065037	3
chr12	114664795	114689795	8
chr7	27163381	27188381	15
chr7	27094381	27119381	15
chr17	48589438	48614438	14
chr4	110610444	110635444	1
chr12	54008216	54033216	14
chr2	132254227	132279227	14
chr2	132254427	132279427	14
chr4	4851073	4876073	3
chr19	1250201	1275201	3
chr19	1247801	1272801	3
chr10	8042237	8067237	3
chr2	172078472	172103472	3
chr3	128472957	128497957	15
chr8	11689491	11714491	1
chr2	44931461	44956461	15
chr17	79790801	79815801	15
chr15	96321371	96346371	9
chr18	48928430	48953430	3
chr2	89815590	89840590	12
chr9	123999121	124024121	14
chr1	205293472	205318472	3
chr1	205297072	205322072	3
chr11	31795852	31821053	14
chr17	48541238	48566238	3
chr15	96329571	96354571	10
chr4	173514249	173539249	15
chr4	8854874	8879874	15
chr6	1603565	1628565	15
chr6	10402167	10427167	3
chr10	99518243	99543243	15
chr4	49631183	49656183	12
chr13	99967546	99992546	3
chr7	155448305	155473305	15
chr2	222288681	222313681	3
chr14	36643995	36668995	14
chr1	18629506	18654506	14
chr1	90706043	90731043	14
chr7	156999906	157024906	14
chr10	101215043	101240043	15
chr10	100727643	100752643	15
chr11	118905891	118930891	3
chr21	10714456	10739456	12
chr1	42931929	42956929	4
chr2	118831824	118856824	14
chr10	123130684	123155684	14
chr5	88671182	88696383	14
chr16	34139733	34164733	14
chr2	176079072	176104072	14
chr16	86492394	86517394	15
chr12	57218817	57243817	4
chr4	49096183	49121183	12
chr11	65484729	65509729	3
chr17	48718238	48743238	14
chr11	44301850	44326850	14
chr2	70883870	70908870	14
chr14	36502195	36527195	15
chr6	100446324	100471324	14
chr7	97002488	97027488	14
chr10	101121043	101146043	15
chr6	108154596	108179596	15
chr10	8049037	8074037	3
chr20	22563162	22588162	15
chr2	176114672	176139672	14
chr2	104849742	104874742	14
chr14	56793882	56818882	14
chr14	60634482	60659482	14
chr9	126608121	126633121	15
chr9	63810866	63835866	14
chr13	27958863	27983863	15
chr2	176148472	176173472	15
chr17	48623038	48648038	14
chr2	218979678	219004678	15
chr2	236155556	236180757	3
chr19	1746801	1771801	15
chr15	52783003	52808003	15
chr16	73046901	73071901	9
chr21	36688100	36713100	15
chr17	7833882	7858882	3
chr10	38508272	38579269	14
chr10	21504871	21529871	3
chr13	112051486	112076486	1
chr10	75393842	75418842	14
chr10	8049637	8074637	3
chr15	89356769	89381769	15
chr1	47427128	47452128	15
chr3	147388613	147413613	14
chr12	114393795	114418795	15
chr5	173225397	173250397	15
chr3	50236368	50261368	3
chr13	99971346	99996346	3
chr7	1224164	1249164	15
chr19	41911248	41936248	14
chr1	27553089	27578089	3
chr3	181707212	181732212	15
chr15	89393769	89418769	15
chr10	117530689	117555689	14
