chr2	133011400	133036400	11
chr14	22995600	23020600	3
chr5	133448000	133473000	3
chr14	99712000	99737000	3
chr14	99711600	99736600	3
chr11	128366200	128391200	3
chr7	27189600	27214600	11
chr7	27188200	27213200	11
chr11	128362000	128387000	3
chr11	128333400	128358400	3
chr11	128335200	128360200	3
chr6	24909600	24934600	3
chr2	133019800	133044800	11
chr10	8084000	8109000	11
chr14	22963000	22988000	3
chr1	198610400	198635400	3
chr4	109071200	109096200	12
chr10	8086600	8111600	11
chr2	172944200	172969200	11
chr8	134063000	134088000	3
chr12	32113800	32138800	3
chr5	169699800	169724800	3
chr14	99685200	99710200	3
chr4	43400	68400	12
chr2	145258000	145283000	3
chr2	60760400	60785400	10
chr11	67034800	67059800	3
chr16	33941400	33966400	11
chr10	11208600	11233600	3
chr1	198613600	198638600	3
chr8	134065600	134090600	3
chr10	124892000	124917000	10
chr10	11204800	11229800	3
chr17	77764600	77789600	11
chr16	33950000	33975000	11
chr2	145261400	145286400	3
chr1	206732400	206757400	3
chr10	73508800	73533800	3
chr1	226902000	226927000	3
chr17	79358800	79383800	10
chr5	35852800	35877800	3
chr5	133436400	133461400	3
chr2	158273600	158298600	3
chr6	24917000	24942000	3
chr11	31818600	31843600	10
chr17	46653200	46678200	11
chr1	44868000	44893000	11
chr2	197013200	197038200	3
chr22	40343000	40368000	6
chr9	117124400	117149400	3
chr22	37614800	37639800	3
chr19	58693400	58718400	1
chr1	207074200	207099200	3
chr17	37919800	37944800	1
chr4	40199600	40224600	3
chr7	5452400	5477400	10
chr7	27173600	27198600	11
chr21	43824000	43849000	3
chr2	12855600	12880600	1
chr19	58196000	58221000	1
chr4	13526200	13551200	11
chr7	27222200	27247200	11
chr7	50412200	50437200	8
chr9	37014600	37039600	11
chr19	58497000	58522000	8
chr17	37923200	37948200	1
chr15	25319600	25344600	8
chr12	47597800	47622800	3
chr11	60739200	60764200	3
chr1	226898800	226923800	3
chr5	156605200	156630200	3
chr2	158276400	158301400	3
chr12	9806200	9831200	8
chr22	40346000	40371000	6
chr4	109064400	109089400	13
chr11	31815600	31840600	10
chr10	102973400	102998400	11
chr4	40195600	40220600	3
chr1	169656400	169681400	3
chr12	133655800	133680800	2
chr19	1066200	1091200	3
chr10	42375800	42400800	8
chr10	102973000	102998000	11
chr5	35849600	35874600	3
chr12	47596400	47621400	3
chr2	175186800	175211800	10
chr14	100531600	100556600	3
chr4	10093400	10118400	3
chr19	58041600	58066600	8
chr14	99648000	99673000	6
chr11	64619800	64644800	3
chr19	58749600	58774600	8
chr5	39185800	39210800	1
chr14	100530800	100555800	3
chr11	64620400	64645400	3
chr14	93118800	93143800	3
chr4	120200	145200	2
chr19	52465600	52490600	2
chr17	35284800	35309800	11
chr19	52802600	52827600	8
