chr7	5567800	5568000	3	13.2534	1	(3,3)	13.0999	1	13.4069
chr22	39917600	39917800	3	12.4856	1	(3,3)	11.9574	1	13.012
chr17	79477800	79478000	3	12.1669	1	(3,3)	11.4071	1	12.9423
chr6	32942400	32942600	3	12.4427	1	(3,3)	11.9574	1	12.9261
chr17	39846400	39846600	3	12.4105	1	(3,3)	11.9574	1	12.8688
chr1	234743200	234743400	3	12.087	1	(3,3)	11.4071	1	12.769
chr6	58779000	58779200	11	6.9433	1	(8,11)	7.91414	1	12.7177
chr20	47896600	47896800	3	9.42525	1	(3,3)	6.66285	1	12.7143
chr1	121484400	121484600	11	8.71191	1	(8,11)	6.28687	1	12.7112
chr1	91852800	91853000	11	8.71844	1	(8,11)	6.28687	1	12.6368
chr12	20704400	20704600	11	7.80648	1	(8,11)	7.12994	1	12.599
chr19	3984200	3984400	3	11.7189	1	(3,3)	10.8707	1	12.5711
chr2	133025600	133025800	11	7.75244	1	(8,11)	7.12994	1	12.5558
chr14	35872400	35872600	3	11.6684	1	(3,3)	10.8707	1	12.4908
chr6	58776600	58776800	11	6.64657	1	(8,11)	7.59437	1	12.4518
chr19	1251600	1251800	3	11.3743	1	(3,3)	10.3483	1	12.413
chr19	49376800	49377000	3	11.3157	1	(3,3)	10.3483	1	12.3106
chr12	56553800	56554000	3	11.3039	1	(3,3)	10.3483	1	12.3083
chr17	73774800	73775000	3	10.7612	1	(3,3)	9.34492	1	12.2289
chr20	47897600	47897800	8	6.03352	1	(3,8)	6.88985	1	12.2268
chr14	69257200	69257400	3	10.7303	1	(3,3)	9.34492	1	12.2034
chr17	41382000	41382200	8	6.38262	1	(8,11)	6.74689	1	12.1725
chr16	14580800	14581000	8	7.04607	1	(8,11)	7.12994	1	12.1622
chr21	9827400	9827600	8	5.94285	1	(8,11)	7.24914	1	12.0763
chr20	29611200	29611400	8	7.14709	1	(8,11)	5.69933	1	12.0316
chr2	43451400	43451600	3	10.1432	1	(3,3)	8.39651	1	12.0012
chr11	65273000	65273200	3	10.8856	1	(3,3)	9.83971	1	11.966
chr9	68412600	68412800	11	9.02139	1	(11,11)	6.53348	1	11.9324
chr1	145440400	145440600	3	10.6073	1	(3,3)	9.34492	1	11.9222
chr12	125398000	125398200	3	9.83447	1	(3,3)	7.94279	1	11.905
chr14	88237600	88237800	11	7.14811	1	(8,11)	5.86859	1	11.898
chr10	74034800	74035000	3	10.3433	1	(3,3)	8.86387	1	11.8959
chr1	35656400	35656600	3	10.3077	1	(3,3)	8.86387	1	11.8777
chr10	3824000	3824200	3	10.843	1	(3,3)	9.83971	1	11.8682
chr8	70602400	70602600	11	6.01967	1	(8,11)	6.64152	1	11.8372
chr20	42087800	42088000	3	10.2709	1	(3,3)	8.86387	1	11.7842
chr12	54676800	54677000	3	9.73454	1	(3,3)	7.94279	1	11.755
chr5	179048800	179049000	3	10.0221	1	(3,3)	8.39651	1	11.7535
chr5	71146800	71147000	8	5.98536	1	(8,11)	6.8392	1	11.7312
chr11	122931200	122931400	3	10.0101	1	(3,3)	8.39651	1	11.7246
chr22	50356400	50356600	3	10.2408	1	(3,3)	8.86387	1	11.7127
chr9	79186800	79187000	11	6.90366	1	(8,11)	5.49155	1	11.7067
chr12	6645400	6645600	3	9.68941	1	(3,3)	7.94279	1	11.705
chr19	2271600	2271800	3	10.2342	1	(3,3)	8.86387	1	11.6993
chr1	150549600	150549800	3	9.50833	1	(3,3)	7.50264	1	11.6958
chr8	146016600	146016800	3	10.2106	1	(3,3)	8.86387	1	11.6608
chrX	136520400	136520600	11	7.15041	1	(8,11)	5.31026	1	11.6535
chr19	49469600	49469800	3	9.71217	1	(3,3)	7.94279	1	11.641
chr11	85195000	85195200	8	7.2009	1	(8,11)	6.3262	1	11.6311
chr12	127650400	127650600	11	6.34275	1	(8,11)	5.7774	1	11.5806
chr16	89628000	89628200	3	9.90849	1	(3,3)	8.39651	1	11.5673
chr6	30458200	30458400	3	8.92096	1	(3,3)	6.66285	1	11.5616
chr7	61969400	61969600	8	8.4146	1	(8,8)	5.70714	1	11.5552
chr6	36565000	36565200	3	9.89532	1	(3,3)	8.39651	1	11.5524
chr10	98561400	98561600	8	5.75931	1	(8,11)	6.22137	1	11.544
chr2	133029200	133029400	8	5.33277	1	(8,11)	5.69933	1	11.5363
chr9	140136800	140137000	3	9.6412	1	(3,3)	7.94279	1	11.5235
chr16	30078600	30078800	3	9.61614	1	(3,3)	7.94279	1	11.5211
chr2	133015200	133015400	8	6.36178	1	(8,11)	5.86859	1	11.5168
chr3	186502800	186503000	3	9.16111	1	(3,3)	7.07601	1	11.5163
chr17	33478200	33478400	11	5.94744	1	(8,11)	5.95989	1	11.5143
chr2	232576600	232576800	3	9.07176	1	(3,3)	7.07601	1	11.4608
chr19	13050800	13051000	3	9.07176	1	(3,3)	7.07601	1	11.4608
chr19	39898600	39898800	3	9.63306	1	(3,3)	7.94279	1	11.44
chr1	156186200	156186400	8	8.57639	1	(8,8)	6.05279	1	11.4208
chr20	47899200	47899400	3	4.84808	1	(3,8)	4.63929	1	11.3823
chr17	7477600	7477800	3	9.56853	1	(3,3)	7.94279	1	11.374
chr14	102551800	102552000	3	9.05856	1	(3,3)	7.07601	1	11.3707
chr16	33957200	33957400	8	5.15442	1	(8,11)	5.69933	1	11.3659
chr5	172196600	172196800	3	9.33763	1	(3,3)	7.50264	1	11.3271
chr6	58777600	58777800	8	5.12341	1	(8,11)	5.73835	1	11.3229
chr19	18389800	18390000	3	9.54782	1	(3,3)	7.94279	1	11.3187
chr19	49992800	49993000	3	9.53234	1	(3,3)	7.94279	1	11.2885
chr1	45242400	45242600	3	9.50138	1	(3,3)	7.94279	1	11.2181
chr19	14627000	14627200	3	8.99013	1	(3,3)	7.07601	1	11.2125
chr6	30584600	30584800	3	8.33661	1	(3,3)	5.87665	1	11.2102
chr19	50000800	50001000	3	9.23535	1	(3,3)	7.50264	1	11.1983
chr13	28033800	28034000	11	6.00519	1	(8,11)	5.95989	1	11.1948
chrX	153627600	153627800	3	8.5044	1	(3,3)	6.26308	1	11.1575
chr6	35437600	35437800	3	9.22471	1	(3,3)	7.50264	1	11.1248
chr2	70315400	70315600	3	8.06401	1	(3,3)	5.50349	1	11.1219
chr9	139620600	139620800	3	8.43385	1	(3,3)	6.26308	1	11.1055
chrX	61717800	61718000	8	7.77153	1	(8,8)	5.04908	1	11.087
chr2	133023200	133023400	8	5.54066	1	(8,11)	5.54344	1	11.0749
chr8	43831600	43831800	8	8.1916	1	(8,8)	5.70714	1	11.0715
chr19	59057200	59057400	3	8.4666	1	(3,3)	6.26308	1	11.0646
chr19	55898600	55898800	3	8.9209	1	(3,3)	7.07601	1	11.0596
chr19	1274800	1275000	3	8.66838	1	(3,3)	6.66285	1	11.0314
chr11	8705600	8705800	3	8.64428	1	(3,3)	6.66285	1	11.0113
chr12	127650600	127650800	8	4.58214	1	(8,11)	3.90436	1	11.0112
chr16	29820000	29820200	3	8.14316	1	(3,3)	5.87665	1	10.9921
chr11	62650400	62650600	3	7.88322	1	(3,3)	5.50349	1	10.9756
chr19	36066600	36066800	8	5.81977	1	(8,11)	5.2844	1	10.96
chr16	2013800	2014000	3	8.44142	1	(3,3)	6.26308	1	10.9595
chr19	27732000	27732200	8	9.63258	1	(8,8)	8.36285	1	10.9471
chr22	39713400	39713600	3	7.65083	1	(3,3)	5.14353	1	10.9386
chr9	136216000	136216200	3	8.64419	1	(3,3)	6.66285	1	10.9231
chrX	108297400	108297600	8	5.87115	1	(8,11)	5.2844	1	10.9218
chr14	103802000	103802200	3	9.1353	1	(3,3)	7.50264	1	10.9157
chr17	4849600	4849800	3	8.61108	1	(3,3)	6.66285	1	10.9103
