chr14	22537255	22548854	3
chr2	132267427	132277427	11
chr2	132266227	132276227	12
chr20	49278863	49288863	3
chr5	134115909	134125909	3
chr2	132269827	132279827	11
chr11	65496929	65506929	3
chr2	132261627	132271627	12
chr5	35858698	35868698	3
chr16	34151733	34161733	11
chr2	172094272	172104272	11
chr18	20931039	20941039	8
chr1	150570324	150580324	3
chr6	36596223	36606223	3
chr11	128465505	128475505	3
chr10	8042437	8052437	11
chr1	111189178	111199178	3
chr7	5419969	5429969	10
chr15	25066253	25076253	8
chr15	81297659	81307659	3
chr6	36596823	36606823	3
chr8	125938556	125948556	3
chr8	98939372	98949372	11
chr11	117986885	117996885	3
chr6	5994767	6004767	11
chr19	51890747	51900747	8
chr10	41839408	41849408	8
chr19	44476783	44487590	8
chr19	51964547	51974547	8
chr7	5418169	5428169	10
chr1	111190178	111200178	3
chr17	36932500	36943301	11
chr19	58188833	58198833	8
chr12	133044414	133054414	8
chr1	197910070	197920070	11
chr2	170813690	170823690	11
chr8	98938372	98948372	11
chr11	31808652	31818652	10
chr19	58203033	58213234	8
chr19	36710498	36720498	8
chr19	11941785	11951785	8
chr10	123141684	123151684	10
chr16	68554697	68564697	8
chr19	36546698	36556698	8
chr22	31280414	31290414	3
chr19	52312947	52322947	8
chr19	57530432	57540432	8
chr19	57771432	57781432	8
chr19	57748032	57758032	8
chr19	57614632	57624632	2
chr5	134127109	134137109	3
chr19	37234698	37244698	8
chr5	170285796	170295796	3
chr7	150736112	150746112	3
chr19	57979032	57989032	8
chr12	133186814	133196814	8
chr10	41854208	41864208	8
chr19	58255434	58265434	8
chr12	133099014	133109014	8
chr6	159035568	159045568	3
chr11	117988885	117998885	3
chr11	128509705	128519705	3
chr19	9562724	9572724	8
chr9	37028203	37038203	11
chr2	89830790	89840790	8
chr12	133004414	133014414	8
chr5	170286396	170296396	3
chr11	31809852	31820053	10
chr7	6688169	6698169	8
chr19	10286524	10296524	11
chr22	31281814	31291814	3
chr11	128475705	128485705	3
chr15	76335259	76345259	11
chr19	7076189	7086189	8
chr4	49647983	51794034	8
chr2	174333472	174343472	12
chr4	47004	57707	10
chr6	137488463	137498463	11
chr6	32842023	32852023	3
chr12	133080614	133090614	8
chr4	46604	57307	10
chr4	46404	57107	10
chr10	41878408	42104752	8
chr19	52950547	52960547	8
chr19	52033147	52043147	8
chr19	19672191	19682191	8
chr19	52115347	52125347	8
chr1	116759178	116769178	3
chr5	35861298	35871298	3
chr19	19709591	19719591	8
chr4	49144583	49154583	8
chr9	37029203	37039203	11
chr11	123054692	123064692	3
chr2	172089672	172099672	11
chr19	57543232	57553232	8
chr8	125941556	125951556	3
chr11	123054892	123064892	3
chr19	9335324	9345324	8
chr15	44709802	44719802	3
chr19	58127033	58137033	8
