chr5	3594000	3604000	8
chr2	63274400	63284400	8
chr2	63274800	63284800	8
chr2	223154600	223164600	3
chr7	27178600	27188600	12
chr2	91812000	91822000	8
chr5	140797000	140807000	11
chr17	59473600	59483600	2
chr8	29197600	29207600	3
chr15	76627400	76637400	3
chr12	132312000	132322000	11
chr10	8093000	8103000	3
chr12	4378000	4388000	3
chr12	4378200	4388200	3
chr10	8096200	8106200	3
chr15	76629800	76639800	3
chr8	99952000	99962000	12
chr16	87890400	87900400	1
chr12	4379800	4389800	3
chr15	39872600	39882600	3
chr1	32040800	32050800	3
chr2	145268000	145278000	11
chr7	27203600	27213600	3
chr2	19549400	19559400	11
chr12	115108800	115118800	3
chr6	170595800	170605800	3
chr12	4381400	4391400	3
chr2	145271800	145281800	11
chr8	99953200	99963200	12
chr20	47894000	47904000	8
chr16	86599200	86609200	3
chr7	100806400	100816400	11
chr5	2746600	2756600	3
chr5	50677000	50687000	12
chr6	1387400	1397400	3
chr4	52800	62800	8
chr10	75668800	75678800	3
chr2	172958800	172968800	3
chr8	29201400	29211400	3
chr2	172958200	172968200	3
chr2	238394400	238404400	10
chr9	68408800	68418800	10
chr1	966800	976800	10
chr6	170594400	170604400	3
chr7	27133800	27143800	12
chr15	76625200	76635200	3
chr17	21194800	21204800	8
chr1	21050200	21060200	11
chr11	119998800	120008800	3
chr22	20776800	20786800	11
chr17	38647600	38657600	10
chr12	66216800	66226800	3
chr12	52908600	52918600	3
chr22	19705200	19715200	8
chr14	61107400	61117400	12
chr1	21049800	21059800	11
chr5	140789400	140799400	11
chr16	2027600	2037600	12
chr6	10400000	10410000	3
chr6	10398600	10408600	3
chr22	20778000	20788000	11
chr12	57628600	57638600	10
chr10	102107600	102117600	3
chr22	46473400	46483400	3
chr5	2745200	2755200	3
chr7	27184000	27194000	12
chr22	38373800	38383800	12
chr19	58512400	58522400	2
chr1	156087400	156097400	3
chr12	4384200	4394200	3
chr5	172747400	172757400	11
chr1	209816800	209826800	3
chr22	19702400	19712400	8
chr19	10397400	10407400	10
chr12	54354200	54364200	10
chr4	55091000	55101000	3
chr12	13352200	13362200	3
chr5	3600200	3610200	8
chr12	66218600	66228600	3
chr7	27138400	27148400	12
chr5	50679000	50689000	12
chr16	2026200	2036200	12
chr17	70111800	70121800	3
chr5	3591200	3601200	8
chr17	4991400	5001400	8
chr2	171670200	171680200	10
chr3	75714800	75724800	8
chr17	73716800	73726800	3
chr17	1952400	1962400	11
chr11	119995000	120005000	3
chr4	111535200	111545200	12
chr12	52909600	52919600	3
chr6	1378200	1388200	11
chr5	72738000	72748000	2
chr12	54379000	54389000	10
chr10	102108400	102118400	3
chr7	130586400	130596400	3
chr7	27222800	27232800	12
chr17	35289000	35299000	12
chr3	50191800	50201800	12
