chr19	36543298	36568298	20
chr19	58185433	58210634	20
chr19	58236234	58261234	20
chr15	25049253	25074253	20
chr19	57530032	57555032	20
chr15	25074453	25099453	20
chr12	132989214	133014214	20
chr19	52299147	52324147	20
chr19	37420298	37445298	20
chr4	443411	468411	20
chr12	133132614	133157614	20
chr12	133082614	133107614	20
chr19	36812498	36837498	20
chr19	51962347	51987347	20
chr5	180246600	180271600	20
chr4	336011	361011	20
chr19	52064347	52089347	20
chr12	133035814	133060814	4
chr19	37562498	37587699	20
chr19	20540194	20565194	20
chr19	44473583	44501148	20
chr19	52110747	52135747	20
chr4	126119	161010	4
chr19	36703498	36728498	20
chr19	51879747	51904747	20
chr19	36636298	36661298	20
chr19	56600632	56625632	20
chr19	23361998	23386998	20
chr19	9322924	9347924	1
chr19	23333998	23358998	20
chr19	23217398	23242398	20
chr16	31734279	31759279	20
chr19	36887298	36912298	20
chr19	52015747	52040747	20
chr19	37078898	37103898	20
chr19	36741898	36766898	20
chr19	52542747	52567747	20
chr19	37145498	37170498	20
chr19	36855698	36880698	20
chr19	58121633	58146633	20
chr19	37224498	37249498	20
chr19	57978832	58003832	20
chr19	9555124	9580124	20
chr19	56406831	56431831	20
chr1	247140898	247165898	20
chr19	57682632	57707632	4
chr12	133180814	133205814	20
chr19	23653198	23678198	20
chr19	57769032	57794032	20
chr19	53058347	53083347	20
chr19	53431147	53456346	20
chr16	68548897	68573897	20
chr19	53471946	53496946	20
chr19	36390898	36415898	20
chr19	44152447	44177447	20
chr19	37373698	37398698	20
chr7	6674969	6699969	20
chr16	3386600	3411600	1
chr7	64324222	64349222	20
chr19	36504698	36529698	4
chr19	9403924	9428924	20
chr16	31905679	31930679	20
chr19	37454098	37479098	20
chr19	53332547	53357547	1
chr7	6673969	6698969	20
chr19	57854032	57879032	20
chr19	36734098	36759098	20
chr5	178865599	178890599	20
chr19	57492032	57517032	1
chr15	24962653	24987653	20
chr19	36930698	36955698	20
chr12	133005214	133030214	20
chr19	58114433	58139433	20
chr19	52372947	52397947	20
chr19	51951147	51976147	20
chr16	68552697	68577697	20
chr9	96747318	96772318	20
chr16	3285200	3310200	20
chr19	52312547	52337547	20
chr19	43834848	43859848	20
chr19	56537631	56562631	1
chr12	133068014	133093014	20
chr11	3354970	3379970	1
chr5	179065199	179090199	20
chr19	43835248	43860248	20
chr19	53134947	53159947	1
chr19	9332124	9357124	20
chr19	52101747	52126747	20
chr19	19661391	19686391	20
chr19	37377298	37402298	20
chr19	37631899	37656899	1
chr19	58169833	58194833	20
chr19	36862898	36887898	20
chr19	36500298	36525298	20
chr19	9285724	9310724	1
chr11	128495905	128520905	9
chr19	37473098	37498098	20
chr7	64514022	64539022	20
chr19	36619098	36644098	20
chr19	56552431	56577632	20
