chr20	49278863	49288863	8
chr11	65430929	65440929	6
chr7	94396688	94406688	3
chr12	46361617	46371617	3
chr5	151675839	151685839	3
chr12	4271634	4281634	3
chr2	215425877	215435877	3
chr11	114058478	114068478	3
chr12	4272234	4282234	3
chr10	62050641	62060641	3
chr18	48940230	48950230	3
chr7	94406888	94416888	3
chr22	46081520	46091520	3
chr11	114057278	114067278	3
chr11	114297678	114307678	3
chr15	49426403	49436403	3
chr21	34877303	34887303	3
chr4	137520846	137530846	3
chr2	132265627	132275627	11
chr10	17228201	17238201	3
chr2	150475286	150485286	3
chr8	26036684	26046684	11
chr7	97015888	97025888	3
chr6	36595423	36605423	3
chr8	26037284	26047284	11
chr5	141418233	141428233	1
chr11	122090292	122100292	3
chr2	132267427	132277427	11
chr17	50191639	50201639	3
chr12	4267634	4277634	3
chr11	65498329	65508329	3
chr12	4274634	4284634	3
chr16	34147133	34157133	11
chr3	112629553	112639553	3
chr10	3775608	3785608	3
chr16	34148933	34158933	11
chr15	39581199	39591199	3
chr5	151670239	151680239	3
chr16	9093143	9103143	3
chr2	38065657	38075657	8
chr11	65437329	65447329	1
chr1	150570724	150580724	3
chr7	94412488	94422488	3
chr1	234602054	234612054	3
chr15	88803969	88813969	10
chr6	36597223	36607223	3
chr2	102141940	102151940	3
chr15	60388801	60398801	3
chr9	19116402	19126402	3
chr2	215409077	215419077	3
chr12	68807220	68817220	3
chr17	50189839	50199839	3
chr3	158097411	158107411	3
chr2	132260427	132270427	11
chr1	8868541	8878541	3
chr20	31711997	31721997	3
chr6	32971623	32981623	3
chr7	64989822	64999822	9
chr3	134363158	134373158	3
chr5	73441773	73451975	3
chr21	46097486	46107486	8
chr17	64497482	64507482	3
chr16	9091143	9101143	3
chr2	102144740	102154740	3
chr7	130901241	130911241	3
chr12	91167623	91177623	3
chr4	173521449	173531449	6
chr10	62055241	62065241	3
chr2	150468486	150478486	3
chr15	88806369	88816369	6
chr9	72356084	72366084	3
chr15	96333771	96343771	3
chr19	12186185	12196185	8
chr11	114069878	114079878	11
chr3	120438953	120448953	3
chr9	19118402	19128402	3
chr11	114156078	114166078	11
chr19	58180033	58190033	8
chr14	53947282	53957282	3
chr15	80780059	80790059	3
chr15	60372201	60382201	3
chr9	101400118	101410118	3
chr6	100456724	100466724	10
chr7	116526146	116536146	3
chr5	150895638	150905638	8
chr5	122066505	122076505	3
chr15	39583799	39593799	3
chr11	62879928	62889928	3
chr1	8867341	8877341	3
chr3	112624153	112634153	3
chr11	114071078	114081078	11
chr3	44711908	44721908	1
chr6	170287112	170297112	11
chr5	122066905	122076905	3
chr12	13199666	13209666	3
chr4	137518446	137528446	3
chr19	51939747	51949747	8
chr19	57994032	58004032	2
chr8	144838815	144848815	6
chr12	133038614	133048614	1
