chr14	22948000	22998000	4
chr14	99688000	99738000	23
chr22	40309200	40359200	3
chr5	156605000	156655000	18
chr13	99691400	99741400	23
chr4	109037400	109087400	4
chr1	167438400	167488400	18
chr4	109047000	109097000	9
chr3	18439800	18489800	22
chr1	167396800	167446800	18
chr5	156614600	156664600	13
chr15	60833200	60883200	4
chr11	60737800	60787800	23
chr17	46622000	46672000	22
chr2	85057200	85107200	21
chr12	9805600	9855600	4
chr12	9806400	9856400	4
chr13	99990600	100040600	13
chr6	41972000	42022000	4
chr17	37909200	37959200	24
chr5	133425800	133475800	23
chr10	6594600	6644600	22
chr1	100869000	100919000	4
chr9	123650600	123700600	9
chr1	160575000	160625000	18
chr5	39149400	39199400	4
chr17	65429400	65479400	18
chr5	39140000	39190000	13
chr18	60859600	60909600	11
chr1	100872600	100922600	4
chr6	143187400	143237400	18
chr8	134490800	134540800	18
chr8	134485600	134535600	18
chr14	61933000	61983000	13
chr14	61838400	61888400	3
chr3	186703400	186753400	22
chr14	61899400	61949400	13
chr12	47582600	47632600	22
chr14	22998200	23048200	3
chr2	68978800	69028800	20
chr4	143276200	143326200	3
chr6	143218800	143268800	18
chr5	156953600	157003600	4
chr6	112052600	112102600	3
chr3	186713600	186763600	22
chr5	79472800	79522800	3
chr5	133415200	133465200	23
chr10	6585800	6635800	22
chr2	204568200	204618200	22
chr15	60821400	60871400	3
chr4	108985000	109035000	4
chr11	118068800	118118800	10
chr17	65435200	65485200	18
chr1	226868800	226918800	18
chr16	57015200	57065200	4
chr15	38809400	38859400	9
chr10	63775600	63825600	18
chr10	63795800	63845800	14
chr16	57024200	57074200	3
chr14	61793400	61843400	4
chr1	226871800	226921800	18
chr17	65438400	65488400	18
chr2	68988200	69038200	4
chr20	31124600	31174600	16
chr11	95921000	95971000	3
chr20	31092600	31142600	4
chr3	15305800	15355800	13
chr1	66792600	66842600	18
chr3	71403600	71453600	18
chr3	71497200	71547200	20
chr4	40185200	40235200	4
chr14	98629000	98679000	9
chr17	37928600	37978600	24
chr5	131787400	131837400	13
chr2	99303800	99353800	20
chr13	99929400	99979400	13
chr2	213964200	214014200	22
chr15	63765000	63815000	4
chr14	22929200	22979200	4
chr10	63789800	63839800	14
chr6	143131800	143181800	13
chr16	81829200	81879200	18
chr9	132614800	132664800	13
chr15	91093800	91143800	18
chr2	197992400	198042400	18
chr2	106448000	106498000	20
chr10	63798000	63848000	14
chr3	71105400	71155400	18
chr3	16325000	16375000	14
chr16	27412400	27462400	18
chr13	99928200	99978200	13
chr14	100522800	100572800	4
chr18	60880200	60930200	18
chr9	123635000	123685000	13
chr11	117839200	117889200	4
chr3	16324400	16374400	14
chr11	117839400	117889400	4
chr3	186729000	186779000	22
chr5	131767800	131817800	13
chr1	12200200	12250200	18
