chr7	94396688	94406688	3
chr12	46361417	46371417	3
chr11	65429529	65439529	3
chr5	151674239	151684239	3
chr10	62050241	62060241	3
chr2	215426677	215436677	3
chr4	137520446	137530446	3
chr10	17227601	17237601	3
chr7	94406888	94416888	3
chr11	65496729	65506729	3
chr11	114295278	114305278	3
chr21	34877503	34887503	3
chr22	46081920	46091920	3
chr20	49278063	49288063	3
chr6	36596423	36606423	3
chr1	234602254	234612254	3
chr19	56406831	56416831	8
chr19	52061947	52071947	8
chr19	37415898	37425898	8
chr19	37475898	37485898	8
chr19	37633899	37643899	8
chr19	43837048	43847048	8
chr19	9525724	9535724	8
chr2	89825590	89835590	8
chr19	58255634	58265634	8
chr19	44473583	44484189	8
chr19	58245434	58255434	8
chr19	56568631	56578832	8
chr19	58183833	58193833	8
chr19	58125633	58135633	8
chr19	57990232	58000232	8
chr19	9370324	9380324	8
chr12	132921814	132931814	8
chr19	57974032	57984032	8
chr18	35299436	35309436	8
chr19	9289524	9299524	8
chr19	8804724	8814724	8
chr10	41874608	41884608	8
chr16	68548897	68558897	8
chr4	63908	74507	8
chr4	75907	86910	8
chr12	133185614	133195614	8
chr15	25049053	25059053	8
chr12	133096814	133106814	8
chr9	113039920	113049920	8
chr15	25059253	25069253	8
chr15	25069453	25079453	8
chr9	96755718	96765718	8
chr15	25079653	25089653	8
chr8	144834215	144844215	8
chr12	133049614	133059614	8
chr12	133039414	133049414	8
chr7	64336822	64346822	8
chr7	6685369	6695369	8
chr7	5057769	5067769	8
chr5	180252200	180262200	8
chr5	179071599	179081599	8
chr5	178879199	178889199	8
chr5	178711799	178721799	8
chr5	150894438	150904438	8
chr4	49641783	49651783	8
chr4	451211	461211	8
chr4	435211	445211	8
chr4	425011	435011	8
chr19	11943585	11953585	8
chr12	132940014	132950014	8
chr19	37234898	37244898	8
chr2	95208852	95218852	8
chr19	36812498	36822498	8
chr10	41849608	41859608	8
chr19	23341598	23351598	8
chr19	23353998	23363998	8
chr19	24119198	24129198	8
chr10	42298752	42308752	8
chr19	36884298	36894298	8
chr19	21807198	21817198	8
chr19	36711298	36721298	8
chr19	20542594	20552594	8
chr19	36534898	36544898	8
chr10	42308952	42318952	8
chr19	36545098	36555098	8
chr10	41839408	41849408	8
chr5	151670239	151680239	3
chr17	50191839	50201839	3
chr19	58204433	58214634	8
chr19	57615232	57625232	8
chr16	9093143	9103143	3
chr10	3776008	3786008	3
chr19	36745298	36755298	8
chr2	95145655	95155655	8
chr19	12522186	12532186	8
chr6	36597223	36607223	3
chr19	56513031	56523031	8
chr19	51963947	51973947	8
chr19	36644498	36654498	8
chr19	37561298	37571298	8
chr11	3357770	3367770	8
chr18	48940030	48950030	3
chr19	56417031	56427031	8
chr4	49111183	49121183	8
