chr2	19351239	19351439	15	7.99006	1	(7,15)	12.4343	1	15.5246
chr19	58004432	58004632	8	7.97721	1	(8,12)	12.8172	1	15.513
chrX	48940529	48940729	7	7.42955	1	(7,14)	6.3405	1	15.1469
chr19	47729143	47729343	8	10.1894	1	(8,14)	9.38226	1	14.8805
chr10	130301936	130302136	1	7.50966	1	(1,13)	13.2124	1	14.8202
chr19	57706432	57706632	12	6.97597	1	(8,12)	6.07528	1	14.8077
chr22	20978911	20979111	12	6.5709	1	(12,15)	5.49421	1	14.7898
chr10	130302136	130302336	13	7.17315	1	(3,13)	6.66484	1	14.7881
chr19	45779142	45779342	8	7.19557	1	(8,15)	6.32268	1	14.7743
chrX	115888667	115888867	14	6.52997	1	(8,14)	6.05985	1	14.6531
chr2	89826790	89826990	14	6.52997	1	(8,14)	6.05985	1	14.6531
chr10	42304352	42304552	14	6.52997	1	(8,14)	6.05985	1	14.6531
chr2	19352239	19352439	7	7.22707	1	(7,14)	6.3405	1	14.5914
chr22	18892687	18892887	15	7.60048	1	(12,15)	11.6551	1	14.5552
chr3	46845110	46845310	3	9.39204	1	(3,13)	10.2897	1	14.5369
chr2	132238827	132239027	12	6.38704	1	(8,12)	6.07528	1	14.5101
chr11	54527879	54528079	12	6.38704	1	(8,12)	6.07528	1	14.5101
chr10	41848808	41849008	12	6.38704	1	(8,12)	6.07528	1	14.5101
chr2	219425278	219425478	8	9.99028	1	(8,17)	8.98403	1	14.4823
chr1	161988010	161988210	12	7.28808	1	(9,12)	12.3217	1	14.4663
chr11	11057653	11057853	12	7.28808	1	(9,12)	12.3217	1	14.4663
chr10	29830071	29830271	12	7.28808	1	(9,12)	12.3217	1	14.4663
chr19	57706632	57706832	4	7.22948	1	(4,12)	11.9112	1	14.3123
chr19	57683432	57683632	4	7.22948	1	(4,12)	11.9112	1	14.3123
chr19	57476632	57476832	4	7.22948	1	(4,12)	11.9112	1	14.3123
chr12	133081814	133082014	4	7.22948	1	(4,12)	11.9112	1	14.3123
chr16	86477994	86478194	15	7.26448	1	(8,15)	6.32268	1	14.2861
chr12	133079414	133079614	12	6.94191	1	(1,12)	6.00716	1	14.2722
chr2	87396677	87396877	12	6.75397	1	(3,12)	6.80916	1	14.2453
chr16	15972343	15972543	12	6.81238	1	(8,12)	6.07528	1	14.2116
chr19	58001032	58001232	12	6.63492	1	(4,12)	5.62226	1	14.1305
chr9	93959718	93959918	15	10.1049	1	(1,15)	7.98731	1	14.0986
chr9	93953118	93953318	15	10.1049	1	(1,15)	7.98731	1	14.0986
chr2	219485478	219485678	7	6.99872	1	(7,15)	5.88379	1	14.0931
chr19	7450714	7450914	12	6.86144	1	(8,12)	6.07528	1	14.0756
chr1	146160594	146160794	12	6.86144	1	(8,12)	6.07528	1	14.0756
chr3	196898729	196898929	14	9.31716	1	(8,14)	9.38226	1	14.0083
chr17	43323632	43323832	14	9.31716	1	(8,14)	9.38226	1	14.0083
chr17	43304851	43305051	14	9.31716	1	(8,14)	9.38226	1	14.0083
chr12	10139	10339	14	9.31716	1	(8,14)	9.38226	1	14.0083
chr22	39235595	39235795	15	6.74947	1	(12,15)	5.49421	1	14.0003
chrX	115887067	115887267	14	6.03742	1	(13,14)	5.45668	1	13.9627
chr1	220885058	220885258	8	6.37651	1	(8,15)	6.32268	1	13.9597
chr19	7450914	7451114	7	7.04392	1	(7,12)	11.453	1	13.8976
chr19	58000832	58001032	7	7.04392	1	(7,12)	11.453	1	13.8976
chr16	3404400	3404600	7	7.04392	1	(7,12)	11.453	1	13.8976
chr1	146160794	146160994	7	7.04392	1	(7,12)	11.453	1	13.8976
chr17	80473200	80473400	7	7.12958	1	(7,16)	11.6244	1	13.8712
chr1	1353620	1353820	7	7.12958	1	(7,16)	11.6244	1	13.8712
chrX	154749725	154749925	12	3.94911	1	(1,12)	2.83692	1	13.8682
chr2	74505473	74505673	7	9.30377	1	(7,15)	9.11817	1	13.8629
chr12	11866466	11866666	12	6.60587	1	(8,12)	6.07528	1	13.794
chr3	184379012	184379212	15	9.95236	1	(3,15)	7.68213	1	13.7934
chr3	169149012	169149212	15	9.95236	1	(3,15)	7.68213	1	13.7934
chr15	78619458	78619658	15	9.95236	1	(3,15)	7.68213	1	13.7934
chr2	205798476	205798676	8	6.303	1	(8,12)	6.07528	1	13.7845
chr22	30971414	30971614	4	6.23956	1	(4,12)	5.62226	1	13.7352
chr14	105480063	105480263	15	6.88477	1	(8,15)	6.32268	1	13.7106
chr4	57307	57507	12	6.52185	1	(12,15)	5.49421	1	13.7003
chr6	26471372	26471572	7	6.16853	1	(7,12)	5.39319	1	13.6641
chr16	3285800	3286000	7	6.16853	1	(7,12)	5.39319	1	13.6641
chr19	44284447	44284647	12	6.57181	1	(1,12)	6.00716	1	13.6137
chr1	15427504	15427704	3	8.92709	1	(3,5)	9.35983	1	13.607
chr7	27185381	27185581	15	7.23616	1	(1,15)	10.9264	1	13.6028
chr7	27183781	27183981	15	7.23616	1	(1,15)	10.9264	1	13.6028
chr7	27174581	27174781	15	7.23616	1	(1,15)	10.9264	1	13.6028
chr7	27169381	27169581	15	7.23616	1	(1,15)	10.9264	1	13.6028
chr2	176104872	176105072	15	7.23616	1	(1,15)	10.9264	1	13.6028
chr2	176104072	176104272	15	7.23616	1	(1,15)	10.9264	1	13.6028
chr20	31237797	31237997	12	8.8768	1	(8,12)	9.40541	1	13.5795
chr19	58004632	58004832	12	8.8768	1	(8,12)	9.40541	1	13.5795
chr11	74865755	74865955	12	8.8768	1	(8,12)	9.40541	1	13.5795
chr4	121103845	121104045	12	6.31533	1	(12,15)	5.49421	1	13.5662
chr7	3027166	3027366	15	6.36848	1	(13,15)	5.64735	1	13.5257
chr2	231679490	231679690	12	4.02027	1	(3,12)	3.23791	1	13.5212
chr17	2060306	2060506	8	6.60593	1	(8,14)	6.05985	1	13.5078
chr17	47169834	47170034	7	6.29354	1	(7,12)	5.39319	1	13.4913
chr19	27249092	27249292	12	8.82571	1	(1,12)	9.30323	1	13.4773
chr1	121615402	121615602	12	8.82571	1	(1,12)	9.30323	1	13.4773
chr20	49280663	49280863	8	6.25281	1	(8,12)	6.07528	1	13.467
chr2	19353039	19353239	14	3.8366	1	(5,14)	3.215	1	13.4621
chr19	13008986	13009186	8	6.4267	1	(8,15)	6.32268	1	13.4483
chr2	219482878	219483078	8	6.35862	1	(8,16)	6.18653	1	13.4474
chr3	38030309	38030509	15	7.03271	1	(3,15)	10.5195	1	13.444
chr1	976020	976220	15	7.03271	1	(3,15)	10.5195	1	13.444
chr10	99520843	99521043	15	7.03271	1	(3,15)	10.5195	1	13.444
chr1	84604517	84604717	3	5.86891	1	(3,12)	6.80916	1	13.4232
chr19	34961096	34961296	12	6.21204	1	(7,12)	5.39319	1	13.4098
chr9	134442154	134442354	15	9.75284	1	(9,15)	7.28309	1	13.3944
chr10	46467850	46468050	15	9.75284	1	(9,15)	7.28309	1	13.3944
chr16	86019194	86019394	13	3.71945	1	(13,15)	2.65701	1	13.3578
chr8	102287372	102287572	7	6.88121	1	(1,7)	11.1276	1	13.3484
chr19	58229634	58229834	4	8.97708	1	(4,12)	8.72587	1	13.34
chr19	58001232	58001432	4	8.97708	1	(4,12)	8.72587	1	13.34
chr19	57748432	57748632	4	8.97708	1	(4,12)	8.72587	1	13.34
chr19	57707432	57707632	4	8.97708	1	(4,12)	8.72587	1	13.34
chr19	56670432	56670632	4	8.97708	1	(4,12)	8.72587	1	13.34
chr19	56568431	56568631	4	8.97708	1	(4,12)	8.72587	1	13.34
chr19	44498948	44499148	4	8.97708	1	(4,12)	8.72587	1	13.34
chr19	36668498	36668698	4	8.97708	1	(4,12)	8.72587	1	13.34
