chr2	89827990	89837990	22
chr2	89829990	89839990	22
chr2	132267627	132277627	23
chr16	86491194	86501194	9
chr2	132264627	132274627	23
chr7	6694369	6704369	6
chr19	57771232	57781232	20
chr13	27961463	27971463	9
chr1	1031220	1041220	6
chr22	39229995	39239995	23
chr19	9569724	9579724	20
chr7	138556455	138566455	20
chr19	57615032	57625032	4
chr19	58198833	58209034	20
chr12	132987414	132997414	4
chr13	27962663	27972663	9
chr19	58184233	58194233	4
chr19	57991432	58001432	4
chr19	58229634	58239634	4
chr19	57746232	57756232	4
chr9	136660748	136670748	22
chr12	132944214	132954214	20
chr19	58127033	58137033	20
chr10	41854608	41864608	22
chr16	3284200	3294200	20
chr19	7074789	7084789	20
chr12	133081814	133091814	4
chr19	51893547	51903547	4
chr8	144835015	144845015	20
chr19	57681432	57691432	4
chr12	133039214	133049214	20
chr19	57978632	57988632	20
chr19	51964547	51974547	20
chr19	57530232	57540232	20
chr19	58239834	58249834	20
chr19	58252834	58262834	20
chr16	68550497	68560497	20
chr15	25080653	25090653	20
chr15	25070453	25080453	20
chr15	25050053	25060053	20
chr19	52312147	52322147	20
chr15	25060253	25070253	20
chr19	52950147	52960147	20
chr19	52033147	52043147	20
chr19	9526924	9536924	20
chr19	37234498	37244498	20
chr12	133182214	133192214	4
chr19	44490349	44500948	4
chr19	44476983	44487790	20
chr5	178712799	178722799	20
chr12	133005614	133015614	20
chr19	11941785	11951785	20
chr12	133096814	133106814	20
chr5	180247200	180257200	20
chr19	57542632	57552632	20
chr19	36752298	36762298	20
chr19	36710498	36720498	20
chr19	52015547	52025547	20
chr19	1065401	1075401	11
chr19	8804724	8814724	20
chr7	27174181	27184181	23
chr19	21808798	21818798	20
chr19	53342547	53352547	20
chr19	52547947	52557947	20
chr19	9412524	9422524	20
chr5	178873999	178883999	20
chr22	20428713	20438713	22
chr19	36228498	36238498	20
chr19	43835048	43845048	20
chr19	23343398	23353398	20
chr19	52063547	52073547	20
chr1	202009272	202019272	1
chr19	9293724	9303724	20
chr11	719400	729400	23
chr19	20543594	20553594	20
chr19	37424498	37434498	20
chr19	52404147	52414147	20
chr2	95145655	95155655	20
chr16	86495194	86505194	10
chr19	36546898	36556898	20
chr19	52374347	52384347	20
chr22	30968814	30978814	6
chr17	47948834	47958834	22
chr19	57699432	57709432	4
chr19	52117747	52127747	20
chr19	9376124	9386124	20
chr4	463211	473211	4
chr19	36818698	36828698	20
chr19	53066147	53076147	20
chr19	12181985	12191985	20
chr9	96758318	96768318	20
chr19	44227047	44237047	20
chr19	56408431	56418431	20
chr16	34147533	34157533	22
chr19	51992747	52002747	20
chr19	12523586	12533586	20
chr18	22170839	22180839	18
chr19	58431033	58441033	4
chr19	52799947	52809947	20
chr22	20426913	20436913	23
