chr1	158800000	158810000	22
chr19	53570400	53580400	20
chr19	9671200	9681200	20
chr15	25295200	25305200	20
chr19	37914400	37924400	20
chr19	9523200	9533200	20
chr4	440400	450400	20
chr12	133759400	133769400	20
chr12	133720400	133730400	20
chr12	133673200	133683200	20
chr12	133658600	133668600	20
chr12	133615800	133625800	20
chr15	25305400	25315400	20
chr19	52518800	52528800	20
chr12	133577400	133587400	20
chr12	133565800	133575800	20
chr5	178139800	178149800	20
chr19	58696000	58706000	20
chr12	32124000	32134000	20
chr19	52496200	52506200	20
chr11	3379000	3389000	20
chr19	52876200	52886200	20
chr19	9404600	9414600	20
chr19	52567600	52577600	20
chr19	52467800	52477800	20
chr15	25315600	25325600	20
chr16	68583600	68593600	20
chr19	58638800	58648800	20
chr19	58747400	58757400	20
chr19	58757600	58767600	20
chr19	58490200	58500200	20
chr19	58767800	58777800	20
chr19	52628000	52638000	20
chr19	52617800	52627800	20
chr19	52784400	52794400	20
chr19	58282600	58292600	20
chr19	58260400	58270400	20
chr19	7074600	7084600	20
chr19	37724400	37734400	20
chr19	8921000	8931000	20
chr19	52802400	52812400	20
chr19	37870000	37880000	20
chr15	25325800	25335800	20
chr4	333600	343600	20
chr19	52814600	52824600	20
chr5	178296000	178306000	20
chr19	58706200	58716200	20
chr19	37136000	37146000	20
chr8	146060600	146070600	20
chr19	38126200	38136200	20
chr19	58041400	58051400	20
chr9	99521200	99531200	20
chr19	19781800	19791800	20
chr7	6726400	6736400	20
chr19	52392000	52402000	20
chr19	19821600	19831600	20
chr19	44978200	44988200	20
chr19	20726600	20736600	20
chr19	12050400	12060400	20
chr19	53079400	53089400	20
chr19	37050000	37060000	20
chr19	37034000	37044000	20
chr19	56918200	56928200	20
chr19	58053600	58063600	20
chr19	44731200	44741200	20
chr19	37005000	37015000	20
chr19	21991600	22001600	20
chr1	247319400	247329400	20
chr19	52905400	52915400	20
chr19	23561600	23571600	20
chr19	12291200	12301200	20
chr19	53841000	53851000	20
chr19	53453600	53463600	20
chr19	37964800	37974800	20
chr19	23836400	23846400	20
chr19	52434000	52444000	20
chr5	179674200	179684200	20
chr19	53047800	53057800	20
chr5	179684400	179694400	20
chr19	37238400	37248400	20
chr19	37196800	37206800	20
chr7	138238400	138248400	20
chr19	58126400	58136400	4
chr19	36882800	36892800	20
chr2	136882600	136892600	13
chr19	44994200	45004200	20
chr19	58210200	58220200	20
chr19	52659000	52669000	20
chr19	36719800	36729800	20
chr19	37944400	37954400	20
chr4	457200	467200	20
chr19	37380400	37390400	20
chr19	58193000	58203000	4
chr16	31917000	31927000	20
chr4	124600	134600	4
chr19	53303200	53313200	20
chr19	23526400	23536400	20
chr12	133516800	133526800	20
chr19	36830000	36840000	20
chr19	52536400	52546400	20
