chr6	170055400	170055600	13	6.56786	1	(13,20)	8.96452	1	26.1673	0
chr6	170055200	170055400	1	6.86613	-1	(1,20)	5.7883	-1	26.114	0
chrX	115004600	115004800	11	4.86608	1	(3,11)	7.98978	1	25.0885	0
chr19	3404800	3405000	10	5.25356	-1	(5,18)	6.08502	1	24.2961	7.24565e-07
chr20	62573600	62573800	18	8.72989	1	(18,18)	5.53295	1	24.0037	1.25152e-06
chr11	63975400	63975600	3	4.23977	-1	(10,11)	4.67703	1	23.7662	1.44913e-06
chr6	170054600	170054800	1	5.66591	-1	(1,20)	4.5591	-1	23.6663	1.44913e-06
chr12	48206800	48207000	9	6.40954	-1	(1,9)	4.9398	-1	23.5869	1.515e-06
chrX	64417000	64417200	18	7.00329	1	(1,18)	11.1831	1	23.3756	1.91022e-06
chrX	130863400	130863600	22	5.81281	-1	(11,20)	6.96505	1	23.364	1.91022e-06
chr18	77906400	77906600	22	7.53097	-1	(11,22)	5.10966	-1	23.363	1.91022e-06
chr17	7755600	7755800	23	8.03278	1	(11,23)	9.38191	1	23.3499	1.97609e-06
chr1	153506800	153507000	12	4.91801	1	(12,23)	6.33871	1	23.338	2.04195e-06
chr7	30361000	30361200	3	3.76467	1	(5,22)	3.32046	-1	23.2957	2.04195e-06
chr19	1855400	1855600	9	7.68417	-1	(10,22)	8.37857	1	23.2221	2.04195e-06
chr17	27482200	27482400	10	5.25642	1	(10,13)	6.49401	1	23.2029	2.10782e-06
chr19	50059400	50059600	22	8.94756	1	(11,18)	6.99896	-1	23.1182	2.17369e-06
chr13	56152200	56152400	9	9.21155	1	(9,9)	7.45174	1	23.0423	2.56891e-06
chr19	55603200	55603400	11	7.19247	-1	(11,11)	8.3907	-1	23.0281	2.56891e-06
chr1	145441600	145441800	4	6.23749	1	(9,11)	7.70788	-1	23.0077	2.76652e-06
chr12	81171800	81172000	11	6.13361	1	(11,22)	7.33923	1	22.9882	2.83239e-06
chr1	36644600	36644800	11	6.95806	-1	(18,22)	8.77037	1	22.9042	2.96413e-06
chr5	170845400	170845600	14	7.59853	1	(4,14)	7.62966	1	22.8932	2.96413e-06
chr4	89198200	89198400	20	3.33343	1	(9,20)	3.60932	1	22.8297	3.03e-06
chr12	54745000	54745200	23	5.9092	1	(11,23)	8.37857	1	22.8187	3.09587e-06
chr5	140800600	140800800	20	6.87048	-1	(1,20)	5.7883	-1	22.8177	3.09587e-06
chr17	36621200	36621400	18	7.68698	1	(18,18)	5.53295	1	22.8023	3.22761e-06
chr2	120550800	120551000	4	6.13298	1	(4,10)	5.32093	1	22.7714	3.49108e-06
chr6	32160200	32160400	4	7.40803	-1	(4,15)	5.40539	-1	22.7586	3.55695e-06
chr15	85147000	85147200	9	7.47405	1	(9,9)	4.68927	1	22.7409	3.62282e-06
chr1	145441800	145442000	9	5.18851	-1	(9,11)	7.70788	-1	22.7174	3.8863e-06
chr9	91033400	91033600	10	6.93643	1	(10,20)	6.95605	1	22.6988	4.01804e-06
chr19	10464000	10464200	1	7.55203	1	(1,13)	7.62396	1	22.6779	4.01804e-06
chr6	131318600	131318800	14	5.7212	1	(3,14)	7.09985	1	22.6008	4.67673e-06
chr1	53753800	53754000	13	6.0227	-1	(11,14)	7.35544	1	22.5551	4.80847e-06
chr3	87776200	87776400	13	5.79633	1	(13,20)	5.80922	1	22.5477	4.87434e-06
chr1	27217400	27217600	11	6.12669	-1	(11,11)	8.08158	-1	22.5453	4.87434e-06
chr6	42106600	42106800	14	7.66507	-1	(10,14)	6.7893	-1	22.5404	4.87434e-06
chr4	78080400	78080600	9	5.81574	-1	(4,11)	5.49478	1	22.4978	5.00608e-06
chr7	73117800	73118000	13	5.98364	1	(13,16)	4.74008	1	22.4846	5.07195e-06
chr19	50060200	50060400	11	6.95806	-1	(13,22)	8.32014	1	22.4779	5.07195e-06
chr22	39414400	39414600	13	6.4029	1	(13,13)	4.51111	1	22.4604	5.13782e-06
chr5	140889000	140889200	14	11.198	1	(14,14)	11.198	1	22.4301	5.33543e-06
chr9	130285000	130285200	9	4.61746	-1	(9,20)	6.04415	-1	22.3817	5.73065e-06
chr17	73041000	73041200	13	5.24096	1	(3,13)	6.63671	1	22.3724	5.73065e-06
chr1	27895000	27895200	22	7.87929	1	(22,22)	4.27665	1	22.3642	5.79652e-06
chr1	59246400	59246600	9	5.20159	-1	(4,23)	3.41875	1	22.3331	5.92826e-06
chr1	173831600	173831800	11	7.47217	-1	(18,19)	5.92262	1	22.282	6.32347e-06
chr16	3147200	3147400	9	9.2179	1	(9,9)	7.45174	1	22.2716	6.38934e-06
chr1	173444200	173444400	22	5.96653	1	(14,22)	2.73552	1	22.2659	6.38934e-06
chr11	46303000	46303200	9	5.74942	-1	(3,10)	3.94843	1	22.2469	6.38934e-06
chr19	17691000	17691200	16	4.74543	1	(11,11)	5.7418	-1	22.2458	6.38934e-06
chr16	69142000	69142200	9	8.64342	1	(9,9)	7.45174	1	22.2448	6.38934e-06
chr19	10464600	10464800	1	8.20981	1	(1,1)	6.0279	1	22.2434	6.38934e-06
chr19	46031200	46031400	13	8.90273	1	(13,13)	7.18449	1	22.2379	6.38934e-06
chr10	22265600	22265800	13	5.9026	1	(2,13)	5.28899	1	22.2266	6.45521e-06
chrX	130880800	130881000	13	3.67106	1	(11,13)	6.75627	1	22.2253	6.45521e-06
chr7	24442000	24442200	9	9.21155	1	(9,9)	7.45174	1	22.2248	6.45521e-06
chr19	17437400	17437600	11	6.79696	1	(11,16)	10.4506	1	22.2244	6.45521e-06
chr10	99239800	99240000	18	11.3766	1	(18,18)	12.6896	1	22.2092	6.52108e-06
chrX	113834600	113834800	4	7.40479	1	(4,11)	7.02177	1	22.2061	6.52108e-06
chr1	228362400	228362600	22	5.50391	-1	(11,22)	6.52122	-1	22.2011	6.58695e-06
chr1	1287000	1287200	9	8.37441	-1	(9,9)	5.7253	-1	22.1774	6.78456e-06
chrX	48777200	48777400	9	8.48467	1	(9,9)	7.45174	1	22.1689	6.78456e-06
chr17	17613800	17614000	23	6.61436	1	(10,23)	7.04528	1	22.1668	6.78456e-06
chr8	26495200	26495400	11	9.33368	-1	(11,11)	11.1506	-1	22.166	6.78456e-06
chr4	93192000	93192200	9	9.30254	1	(9,9)	7.45174	1	22.1598	6.78456e-06
chr17	8061800	8062000	18	4.95555	1	(11,11)	5.7418	-1	22.1487	6.85043e-06
chr1	176126600	176126800	10	7.25451	1	(10,20)	6.95605	1	22.1396	6.85043e-06
chr19	44284200	44284400	12	6.3571	1	(12,16)	8.84265	1	22.1372	6.85043e-06
chr1	32528400	32528600	9	8.07898	-1	(11,13)	8.00384	1	22.135	6.85043e-06
chr7	555600	555800	9	6.7658	1	(1,9)	3.32152	1	22.1189	7.04804e-06
chr1	44308000	44308200	20	4.16368	-1	(11,18)	5.72649	1	22.1141	7.04804e-06
chr17	7741800	7742000	9	8.09417	-1	(9,9)	7.95655	-1	22.1086	7.04804e-06
chr1	66819800	66820000	14	5.25651	1	(3,14)	4.5661	1	22.1052	7.11391e-06
chr10	116285200	116285400	16	4.97265	1	(9,16)	4.49012	1	22.1026	7.17978e-06
chr1	160067200	160067400	9	6.46947	1	(9,13)	4.85094	1	22.0997	7.17978e-06
chr22	39413800	39414000	13	4.83145	1	(9,13)	6.21697	1	22.099	7.17978e-06
chr17	7755400	7755600	11	6.47516	-1	(23,23)	5.43056	1	22.0773	7.24565e-06
chr19	1361600	1361800	11	6.82964	1	(11,11)	7.26138	1	22.0711	7.24565e-06
chr16	85644200	85644400	9	6.18681	1	(4,14)	5.83751	-1	22.0471	7.44325e-06
chr16	89976800	89977000	18	9.02151	1	(18,18)	8.71726	1	22.0454	7.44325e-06
chr12	113599800	113600000	11	8.21042	-1	(11,11)	8.3907	-1	22.0443	7.44325e-06
chr13	49594600	49594800	15	4.0162	1	(15,20)	5.49189	1	22.0365	7.50912e-06
chr17	79475600	79475800	18	4.91609	1	(4,11)	4.19331	-1	22.0332	7.50912e-06
chr4	89198600	89198800	2	3.85533	-1	(2,20)	4.77739	-1	22.0308	7.50912e-06
chr19	50305800	50306000	13	7.0797	1	(13,13)	7.01676	1	22.012	7.50912e-06
chr1	36643800	36644000	13	7.11486	1	(13,13)	4.51111	1	21.9729	7.64086e-06
chr5	154133600	154133800	3	6.49701	1	(3,16)	6.11125	1	21.9665	7.70673e-06
chr16	1814000	1814200	11	7.04683	-1	(11,22)	8.92553	-1	21.9664	7.70673e-06
chr2	157487600	157487800	13	9.3664	1	(13,13)	7.18449	1	21.9659	7.70673e-06
chr13	39598000	39598200	11	7.76534	-1	(11,11)	10.8415	-1	21.965	7.70673e-06
chr19	50003600	50003800	11	8.32867	-1	(9,13)	6.21697	1	21.9596	7.7726e-06
chr8	73923800	73924000	9	9.30254	1	(9,9)	7.45174	1	21.9536	7.7726e-06
chr17	17644800	17645000	2	4.6804	1	(3,15)	3.40027	-1	21.9474	7.83847e-06
chr7	130645200	130645400	10	5.06899	1	(18,22)	2.74714	-1	21.943	7.83847e-06
chrX	113834000	113834200	11	5.32865	1	(4,11)	6.25445	1	21.9385	7.90434e-06
chr19	1584600	1584800	4	7.61946	1	(4,20)	7.45111	1	21.9324	7.97021e-06
chr2	216793000	216793200	11	9.49007	1	(11,11)	10.8839	1	21.9289	7.97021e-06
chrX	130880600	130880800	22	4.17998	-1	(11,11)	5.9999	1	21.9203	8.10195e-06
