chr5	141382633	141432633	11
chr5	141326233	141376233	10
chr5	141376833	141426833	11
chr2	132238627	132288627	12
chr15	25045853	25095853	8
chr12	53961016	54011016	10
chr10	41837608	42103952	8
chr21	10688256	10738256	8
chr19	58227434	58277434	11
chr12	133078814	133128814	3
chr16	34132533	34182533	11
chr19	57963432	58013432	3
chr4	38999	92313	10
chr9	134696554	134746554	12
chr10	113612841	113662841	1
chr12	53987416	54037416	10
chr19	36513498	36563498	2
chr19	58169833	58220034	2
chr12	53950616	54000616	10
chr19	36708298	36758298	8
chr10	129927136	129977136	3
chr2	91580343	91633974	8
chr19	58049032	58099233	7
chr19	37413298	37463298	8
chr19	58047632	58097833	7
chr2	91588758	91641374	8
chr5	178917799	178967799	11
chr19	56535031	56585232	3
chr15	96320171	96370171	3
chr2	176091472	176141472	10
chr10	86667043	86717043	3
chr9	134640754	134690754	3
chr19	36609498	36659498	8
chr19	37546098	37596299	8
chr10	38493072	38589069	8
chr6	26191772	26241772	12
chr4	8077873	8127873	3
chr4	8067273	8117273	3
chr20	62511144	62589193	3
chr2	132253227	132303227	12
chr12	132904214	132954214	15
chr14	100858063	100908063	3
chr10	129932336	129982336	3
chr17	50163839	50213839	3
chr19	51959347	52009347	7
chr19	36855698	36905698	8
chr19	36717498	36767498	8
chr19	36790898	36840898	8
chr15	25015253	25065253	8
chr2	132255627	132305627	12
chr13	110298453	110348453	3
chr10	38799469	38849469	8
chr20	30395124	31243197	8
chr19	37085098	37135098	8
chr19	9323124	9373124	2
chr7	27167381	27217381	10
chr9	134749554	134799554	6
chr19	9336724	9386724	1
chr4	423811	473811	3
chr19	37403298	37453298	8
chr20	62495744	62573793	3
chr16	3364400	3414400	10
chr4	421011	471011	8
chr19	57925632	57975632	11
chr10	129918736	129968736	3
chr19	12994786	13044786	3
chr14	93936654	93986654	11
chr19	56399031	56449031	8
chr4	8033873	8083873	12
chr14	23387191	23437191	3
chr14	93937254	93987254	11
chr19	57528032	57578032	3
chr4	8038873	8088873	12
chr2	89787797	89844190	8
chr7	27122781	27172781	3
chr19	56408831	56458831	8
chr17	48577238	48627238	10
chr2	217817077	217867077	3
chr4	8031673	8081673	12
chr13	110300853	110350853	3
chr14	100819263	100869263	3
chr22	46062320	46112320	3
chr13	110263053	110313053	3
chr3	75723249	75773249	8
chr12	54008016	54058016	10
chr14	23383791	23433791	3
chr12	132898414	132948414	15
chr21	9027367	9077367	10
chr19	51858147	51908147	8
chr19	23330798	23380798	4
chr12	4262834	4312834	3
chr17	79771801	79821801	10
chr12	4260834	4310834	3
chrX	47142001	47192001	8
chr19	52027147	52077147	3
chr21	10365456	10415456	8
chr2	219412478	219462478	10
chr12	133143614	133193614	1
chr4	49105783	49155783	8
chr12	133142414	133192414	1
