chr7	27179000	27229000	1
chr15	25293200	25343200	8
chr17	46642000	46692000	11
chr2	132996000	133046000	11
chr12	54365800	54415800	11
chr15	96864000	96914000	3
chr5	140762200	140812200	1
chr19	58738800	58788800	2
chr4	40200	90200	8
chr10	42355200	42405200	8
chr6	10380600	10430600	11
chr2	133002000	133052000	11
chr17	77766000	77816000	11
chr13	100601600	100651600	11
chr4	34800	84800	8
chr2	176956000	177006000	11
chr16	33934200	33984200	8
chr2	91771800	91821800	11
chr12	133655600	133705600	8
chr19	58679800	58729800	1
chr8	11533400	11583400	12
chr22	46438800	46488800	3
chr21	10773000	10823000	8
chr16	46385800	46435800	8
chr5	92903200	92953200	11
chr19	58475000	58525000	5
chr3	147093200	147143200	11
chr19	1238200	1288200	3
chr19	1238000	1288000	3
chr19	37004400	37054400	2
chr19	13105400	13155400	11
chr10	8068400	8118400	10
chr21	10783200	10833200	8
chr4	418400	468400	2
chr2	89830600	89880600	8
chr12	115093800	115143800	11
chr19	13118200	13168200	11
chr19	1225200	1275200	3
chr4	174413600	174463600	10
chr19	52496000	52546000	2
chr22	46450200	46500200	3
chr15	89903000	89953000	11
chr19	52363800	52413800	7
chr19	52868200	52918200	1
chr19	58041200	58091200	2
chr10	102468000	102518000	11
chr19	37201400	37251400	8
chr16	729200	779200	11
chr16	46383000	46433000	8
chr19	1250800	1300800	3
chr2	223136800	223186800	11
chr9	126758400	126808400	11
chr12	58117600	58167600	11
chr16	67183600	67233600	11
chr19	52356800	52406800	1
chr17	21178400	21228400	8
chr19	37281800	37331800	1
chr10	8077400	8127400	10
chr2	177007800	177057800	10
chr19	37105800	37155800	8
chr17	77779000	77829000	6
chr19	1222400	1272400	3
chr10	39104800	39154800	8
chr19	23518000	23568000	8
chr19	37208800	37258800	8
chr5	42991400	43041400	11
chr22	36719800	36769800	6
chr2	219717600	219767600	11
chr15	25265000	25315000	8
chr11	31812000	31862000	11
chr14	99695400	99745400	12
chr19	52861000	52911000	1
chr7	27237200	27287200	10
chr4	331600	381600	2
chr12	57589200	57639200	11
chr19	37346600	37396600	8
chr2	91782000	91832000	8
chr8	145002600	145052600	12
chr12	54416000	54466000	11
chr19	13164200	13214200	11
chr17	36714000	36764000	11
chr8	145003400	145053400	12
chr19	58668000	58718000	1
chr12	133610600	133660600	2
chr17	46786800	46836800	11
chr21	11097400	11147400	8
chr19	56885400	56935400	2
chr17	21189000	21239000	1
chr19	57044800	57094800	2
chr10	118885600	118935600	11
chr1	832400	882400	11
chr2	45144000	45194000	10
chr16	3053600	3103600	11
chr3	75688200	75738200	11
chr4	408000	458000	8
chr2	219821400	219871400	11
chr19	37903400	37953400	8
chr11	802800	852800	11
chr19	1741400	1791400	11
chr3	75772200	75822200	8
