chr11	128462305	128487305	8
chr14	22520222	22553461	8
chr2	172081872	172106872	14
chr9	114360520	114385520	8
chr21	10705456	10730456	12
chr4	49632983	51794034	14
chr10	38483472	38508472	12
chr20	30418524	31241597	12
chr10	38517472	38588469	14
chr10	41841408	41866408	14
chr10	38783469	38808469	12
chr21	10651656	10676656	12
chr10	38829269	38854269	14
chr2	89815590	89840590	14
chr10	42295152	42320152	12
chr19	58190433	58215634	12
chr5	170268596	170293596	8
chr15	25055053	25080053	12
chr5	134116109	134141109	8
chr10	8033437	8058437	14
chr7	27150381	27175381	14
chr12	133040014	133065014	12
chr7	62333949	62358949	12
chr14	99247263	99272263	8
chr14	99248463	99273463	8
chr21	10789256	10814256	12
chr4	49096183	49121183	14
chr10	101213843	101238843	14
chr7	27146781	27171781	14
chr12	133100214	133125214	12
chr14	100084063	100109063	8
chr12	53985016	54010016	14
chr16	46397288	46422288	14
chr10	101212643	101237643	14
chr10	123132284	123157284	14
chr11	31797652	31822853	14
chr16	34074933	34099933	12
chr4	430211	455211	12
chr2	157414088	157439088	8
chr7	50322604	50359702	8
chr21	10376656	10401656	12
chr7	50306804	50343902	8
chr10	8045037	8070037	14
chr11	31795452	31820653	14
chr2	157415888	157440888	8
chr14	22542657	22573300	8
chr3	75720249	75745249	12
chr11	67266329	67291329	2
chr1	206558472	206584068	8
chr7	27182581	27207581	14
chr19	51959947	51984947	12
chr22	37219560	37244560	8
chr4	13524376	13549376	14
chr19	36707898	36732898	12
chr10	41866608	42107952	14
chr14	100086863	100111863	8
chr2	157419488	157444488	8
chr6	98823924	98848924	14
chr4	10092976	10117976	1
chr5	35852698	35877698	8
chr19	44470983	44498548	12
chr6	24855372	24880372	8
chr2	174320872	174345872	14
chr7	62294949	62319949	12
chr13	99971346	99996346	15
chr7	50370102	50395102	8
chr19	36870498	36895498	12
chr1	116745778	116770778	8
chr19	37112498	37137498	12
chr19	37555898	37581099	12
chr1	24907909	24932909	8
chr10	71749043	71774043	8
chr19	58247634	58272634	12
chr14	99220263	99245263	8
chr11	128501505	128526505	8
chr19	36540298	36565298	12
chr17	36928100	36954100	14
chr17	48594838	48619838	14
chr11	117985685	118010685	8
chr19	52306947	52331947	12
chr17	79790201	79815201	2
chr8	133043555	133068555	8
chr12	4268634	4293634	8
chr2	176082472	176107472	14
chr11	128488305	128513305	8
chr8	133050755	133075755	8
chr5	157208589	157233790	8
chr2	176116872	176141872	14
chr15	81285059	81310059	8
chr19	23339398	23364398	12
chr1	90706043	90731043	14
chr19	51869747	51894747	12
chr17	58328239	58353239	8
chr5	157207589	157232790	8
chr17	48717438	48742438	14
chr9	114345920	114370920	8
chr6	30442823	30467823	14
chr6	32835023	32860023	8
chr19	9328524	9353524	12
chr19	57527032	57552032	1
