chr2	133025000	133035000	12
chr2	133022400	133032400	12
chr2	133019600	133029600	12
chr16	33949800	33959800	11
chr4	49200	59200	10
chr13	110955400	110965400	3
chr20	61148200	61158200	3
chr10	131751800	131761800	3
chr5	140793000	140803000	8
chr14	23894800	23904800	3
chr2	91812000	91822000	8
chr10	131755600	131765600	3
chr17	48270400	48280400	3
chr19	15302400	15312400	3
chr20	61150800	61160800	3
chr21	9904200	9914200	11
chr10	17268800	17278800	3
chr21	9902800	9912800	11
chr9	139555800	139565800	3
chr13	110952600	110962600	3
chr2	91799600	91809600	13
chr12	4377800	4387800	3
chr9	139557200	139567200	3
chr4	46000	56000	10
chr12	4378200	4388200	3
chr20	47894400	47904400	3
chr10	131759000	131769000	3
chr7	23505000	23515000	12
chr10	88426000	88436000	3
chr5	140717400	140727400	10
chr6	41021200	41031200	3
chr11	2154400	2164400	3
chr2	133015600	133025600	12
chr19	45818000	45828000	3
chr20	61152400	61162400	3
chr5	140736200	140746200	8
chr19	55652400	55662400	10
chr6	17281800	17291800	3
chr5	140774400	140784400	10
chr21	9906200	9916200	11
chr11	113928400	113938400	3
chr14	101290200	101300200	3
chr11	1941400	1951400	3
chr9	139558200	139568200	3
chr2	5830000	5840000	12
chr17	27940000	27950000	3
chr12	4380000	4390000	3
chr1	95385400	95395400	3
chr12	89740600	89750600	3
chr11	1888200	1898200	13
chrX	135281000	135291000	10
chrX	135281800	135291800	10
chr19	48216800	48226800	11
chr6	100901400	100911400	11
chr11	65190400	65200400	3
chr1	228395200	228405200	3
chr5	176513200	176523200	3
chr7	57546000	57556000	8
chr9	68410200	68420200	10
chr5	176513600	176523600	3
chr1	95384800	95394800	3
chr2	176995400	177005400	12
chr2	176995600	177005600	1
chr5	140730600	140740600	8
chr5	141697000	141707000	3
chr1	18957600	18967600	10
chr16	33946200	33956200	8
chr16	33958400	33968400	11
chr19	15300000	15310000	10
chr1	18957400	18967400	10
chr9	137533000	137543000	3
chr1	63783000	63793000	10
chr13	110430400	110440400	3
chr9	137532800	137542800	3
chr4	111549600	111559600	1
chr6	100903000	100913000	13
chr9	137534000	137544000	3
chr19	58563400	58573400	7
chr19	46911200	46921200	3
chr6	100903600	100913600	13
chr1	207986800	207996800	3
chr5	140746400	140756400	8
chr3	42725400	42735400	3
chr19	58507800	58517800	3
chr10	131748400	131758400	3
chr7	130125600	130135600	3
chr11	69450800	69460800	3
chr17	59473000	59483000	13
chr4	55091200	55101200	15
chr7	130125800	130135800	3
chr6	26195400	26205400	2
chr14	101346600	101356600	3
chrX	25026200	25036200	10
chr6	26196800	26206800	2
chr1	18959200	18969200	10
chr11	1890000	1900000	13
chr10	42791000	42801000	8
chr11	113926600	113936600	3
chr21	10774200	10784200	8
chr19	46907400	46917400	3
