chr7	79496000	79521000	6
chr3	88198200	88223200	6
chr7	79508000	79533000	6
chr3	34642000	34667000	6
chr13	83714400	83739400	1
chr3	88208000	88233000	6
chr12	49373400	49398400	6
chr1	42683400	42708400	9
chr13	78180000	78205000	6
chr11	24075200	24100200	1
chr9	91359600	91384600	3
chr7	70345800	70370800	3
chr17	85604200	85629200	3
chr2	38335200	38360200	1
chr6	6853000	6878000	6
chr2	71522400	71547400	6
chr11	119034400	119059400	3
chr9	91350800	91375800	3
chr11	119035200	119060200	3
chr12	56516200	56541200	3
chr14	122461200	122486200	6
chr2	116051600	116076600	1
chr2	105665600	105690600	6
chr12	56511200	56536200	3
chr17	85609000	85634000	3
chr5	106446200	106471200	3
chr13	116291400	116316400	3
chr2	105664400	105689400	6
chr9	91370000	91395000	6
chr8	12379400	12404400	6
chr5	111413600	111438600	1
chr7	137302600	137327600	3
chr4	22475400	22500400	6
chr7	70330400	70355400	6
chr7	70334800	70359800	6
chr8	84765000	84790000	6
chr2	105657400	105682400	3
chr12	86878000	86903000	6
chr5	75065800	75090800	3
chr2	147174200	147199200	3
chr8	108693600	108718600	3
chr8	105254200	105279200	3
chr8	108693000	108718000	3
chr11	24070600	24095600	1
chr5	142800200	142825200	6
chr1	78195600	78220600	3
chr4	114901800	114926800	3
chr2	36086600	36111600	3
chr8	12377800	12402800	6
chr15	98785200	98810200	3
chr11	84512400	84537400	4
chr9	74845800	74870800	3
chr5	123131400	123156400	6
chr4	89286400	89311400	3
chr5	123131800	123156800	6
chr4	82490200	82515200	1
chr12	73031600	73056600	3
chr9	63131400	63156400	3
chr13	78165000	78190000	6
chr2	26483200	26508200	6
chr13	21995200	22020200	3
chr1	89917600	89942600	3
chr13	40722400	40747400	3
chr2	165864800	165889800	6
chr1	74783600	74808600	3
chr5	41743800	41768800	3
chr2	74691800	74716800	3
chr5	28156400	28181400	3
chr19	45220800	45245800	3
chr7	131536600	131561600	9
chr1	155727000	155752000	3
chr8	70486600	70511600	3
chr3	34632800	34657800	6
chr15	98968800	98993800	6
chr2	9871400	9896400	3
chr5	29465800	29490800	3
chr8	121069200	121094200	3
chr19	44732600	44757600	3
chr5	35377200	35402200	3
chr10	80136400	80161400	1
chr9	118465600	118490600	3
chr8	78418800	78443800	3
chr11	69395000	69420000	6
chr4	139812000	139837000	3
chr5	101643800	101668800	3
chr19	43593600	43618600	3
chr1	74878400	74903400	3
chr3	129191600	129216600	3
chr2	26484200	26509200	6
chr2	31632000	31657000	3
chr5	37812800	37837800	3
chr2	30701800	30726800	6
chr6	83694000	83719000	3
chr2	74738800	74763800	3
chr13	53454200	53479200	3
chr12	86800600	86825600	6
chr6	52197000	52222000	3
chr6	52167600	52192600	3
chr10	50888400	50913400	3
chr12	57531600	57556600	3
