chr15	25045853	25095853	8
chr10	41839408	42105752	8
chr21	10688256	10738256	8
chr2	89787797	89844190	8
chr3	75704049	75754049	8
chr3	147375413	147425413	2
chr19	58164833	58215034	8
chr3	75700649	75750649	8
chr21	10653456	10703456	8
chr12	133078814	133128814	1
chr19	36710098	36760098	8
chr19	58228034	58278034	2
chr2	91580143	91633774	10
chr10	38808469	38858469	8
chr16	34133533	34183533	11
chr10	100707843	100757843	12
chr12	133032014	133082014	8
chr4	41199	94513	10
chr4	418811	468811	8
chr19	9336924	9386924	8
chr21	10364056	10414056	8
chr2	217812077	217862077	3
chr12	53923016	53973016	10
chr4	408811	458811	8
chr2	176091072	176141072	10
chr10	38486672	38582669	8
chr10	38814869	41696808	8
chr13	99948746	99998746	10
chr19	57960432	58010432	8
chr7	27095181	27145181	11
chr20	30398924	31246997	8
chr19	58105433	58155433	2
chr2	132238627	132288627	11
chr7	27150781	27200781	2
chr21	10775856	12977279	10
chr17	48576638	48626638	11
chr2	217896277	217946277	1
chr19	36617698	36667698	1
chr22	36321355	36371355	6
chr2	132245627	132295627	11
chr19	44447412	44501348	8
chr15	96320771	96370771	3
chr22	36319955	36369955	6
chr6	10377367	10427367	2
chr14	37574395	37624395	11
chr4	110599644	110649644	11
chr4	49105183	49155183	8
chr16	46380881	46430888	8
chr15	89369369	89419369	2
chr19	44453414	44507148	8
chr19	37535698	37585899	8
chr20	30392924	31240997	8
chr4	57507	111315	12
chr11	31793252	31843654	11
chr19	37106898	37156898	8
chr2	118820824	118870824	11
chr2	217887877	217937877	3
chr1	90698043	90748043	2
chr4	49116383	49166383	8
chr13	112039086	112089086	10
chr10	117125889	117175889	2
chr9	37003803	37053803	10
chr2	176144872	176194872	2
chr5	178920999	178970999	1
chr19	9344724	9394724	8
chr2	104838142	104888142	11
chr14	36482595	36532595	11
chr19	37523898	37573898	8
chr6	27248021	27298021	2
chr2	44906261	44956261	12
chr2	218956078	219006078	2
chr14	36634595	36684595	11
chr20	22550762	22600762	12
chr7	96988888	97038888	11
chr19	37123298	37173298	1
chr10	95388443	95438443	2
chr12	133145614	133195614	8
chr10	99509243	99559243	2
chr19	36849498	36899498	2
chr1	90706643	90756643	2
chr7	155427705	155477705	10
chr19	37382098	37432098	8
chr19	37383698	37433698	8
chr1	18612706	18662706	10
chr5	88652382	88702583	11
chr16	86471594	86521594	11
chr17	48705238	48755238	12
chr7	27204981	27254981	11
chr19	36513298	36563298	2
chr19	36696698	36746698	8
chr6	28767223	28817223	11
chr4	8852674	8902674	11
chr4	110614844	110664844	11
chr4	189557446	189607446	8
chr10	117512089	117562089	12
chr11	114057078	114107078	2
chr6	99588124	99638124	11
chr19	36789498	36839498	8
chr3	75638049	75688049	11
chr10	101112243	101162243	1
