chr15	25291400	25341400	8
chr10	42355000	42405000	8
chr19	58677800	58727800	8
chr21	10774000	10824000	8
chr19	58739000	58789000	8
chr2	89830400	89880400	8
chr12	133617000	133667000	8
chr10	39104600	39154600	8
chr12	133674000	133724000	8
chr16	46386000	46436000	8
chr19	58471800	58521800	8
chr19	58666800	58716800	8
chr19	37200600	37250600	8
chr4	414800	464800	8
chr19	58040800	58090800	8
chr3	75753200	75803200	8
chr2	176931800	176981800	11
chr10	38771400	38821400	8
chr19	44955200	45005200	8
chr3	75758400	75808400	8
chr19	37004400	37054400	8
chr19	44954400	45004400	8
chr4	403600	453600	8
chr12	54321200	54371200	11
chr19	38027000	38077000	8
chr16	46399800	46449800	8
chr21	10824200	10874200	8
chr19	58607800	58657800	8
chr21	11097600	11147600	8
chr19	58605000	58655000	8
chr10	102467800	102517800	11
chr19	52496000	52546000	8
chr19	37108400	37158400	1
chr4	49104400	49154400	8
chr19	37349400	37399400	8
chr17	46675200	46725200	11
chr16	33930000	33980000	11
chr12	133574400	133624400	8
chr19	9447600	9497600	8
chr19	57047400	57097400	1
chr19	37614000	37664000	8
chr12	133724200	133774200	8
chr13	100602600	100652600	11
chr19	58450800	58500800	8
chr12	133757800	133807800	8
chr17	46785200	46835200	11
chr7	27203800	27253800	11
chr19	37874800	37924800	8
chr19	52358400	52408400	1
chr16	3420400	3470400	1
chr16	33938000	33988000	11
chr12	133484000	133534000	8
chr12	54371400	54421400	10
chr19	37282000	37332000	8
chr3	147092800	147142800	11
chr6	10379200	10429200	10
chr19	56914600	56964600	1
chr19	37214000	37264000	2
chr4	46400	96400	10
chr19	37877200	37927200	8
chr4	49115800	49165800	8
chr19	52353800	52403800	8
chr5	178353800	178403800	1
chr4	330200	380200	1
chr19	52790600	52840600	1
chr7	155228200	155278200	11
chr19	9455200	9505200	8
chr4	338800	388800	8
chr2	132995800	133045800	11
chr19	53700200	53750200	1
chr10	42380000	42430000	8
chr2	132995200	133045200	11
chr19	37929000	37979000	1
chr5	140762000	140812000	8
chr19	57058400	57108400	8
chr16	3330600	3380600	2
chr21	10746200	10796200	8
chr4	60600	110600	8
chr19	1733400	1783400	12
chr10	102874400	102924400	11
chr2	119570600	119620600	11
chr11	31815800	31865800	11
chr7	96614600	96664600	11
chr7	1258400	1308400	12
chr17	7117200	7167200	1
chr15	96863800	96913800	3
chr12	133478400	133528400	8
chr10	118885600	118935600	11
chr19	52872800	52922800	1
chr5	178360400	178410400	1
chr7	6697200	6747200	8
chr6	28735200	28785200	10
chr2	219821200	219871200	11
chr9	126758000	126808000	11
chr8	11533000	11583000	11
chr5	140753000	140803000	8
chr19	1237000	1287000	3
chr9	35700400	35750400	1
chr2	176982000	177032000	11
chr19	1230200	1280200	3
