chr1	23999200	24040400	3
chr22	39692200	39734800	3
chr6	36544400	36586800	3
chr20	42067800	42108000	3
chr17	36987600	37029200	3
chr17	7457400	7498400	3
chr17	39825800	39866600	3
chr8	145996000	146037000	3
chr9	127602200	127643600	3
chr9	136196000	136236600	3
chr12	54655200	54698200	3
chr6	32920200	32963000	3
chr6	31487800	31528400	3
chr7	5547400	5589400	3
chr16	31173800	31214400	3
chr5	177612600	177653800	3
chr19	54685400	54727200	3
chr19	3963600	4004800	3
chr19	59037000	59078200	3
chr20	37042400	37083200	3
chr16	89607800	89649000	3
chr5	180648600	180690200	3
chr9	130191000	130233000	3
chr19	49971800	50013200	3
chr11	8685200	8726000	3
chr22	39897200	39938200	3
chr3	52008600	52049000	3
chr6	74208000	74250400	3
chr17	56062600	56103400	3
chr17	73754200	73795000	3
chr12	125378000	125418400	3
chr11	62600800	62642400	3
chr1	35635800	35677600	3
chr5	179027400	179069400	3
chr1	150529000	150570000	3
chr20	47875600	47918000	3
chr6	33221000	33261600	3
chr6	30563800	30605000	3
chr11	65247800	65292200	3
chr1	40019800	40061000	3
chr2	232555800	232597400	3
chr17	74710400	74752600	3
chr17	79456200	79499200	3
chr6	35416800	35458400	3
chr14	103781800	103822600	3
chr12	56533400	56574600	3
chr16	1993400	2034400	3
chr11	67332200	67373000	3
chr6	31784600	31826000	3
chr1	28813600	28855600	3
chr3	12861200	12901600	3
chr12	6624600	6665800	3
chr2	3604000	3644400	3
chr6	30669400	30710600	3
chr6	34372600	34412800	3
chr9	140116800	140157200	3
chr20	60859400	60899600	3
chr1	145020200	145060600	11
chr1	145055000	145095600	11
chr3	186482000	186524200	3
chr6	133116200	133158000	3
chr6	44196600	44237200	3
chr4	152002000	152042800	3
chr15	66775400	66815800	3
chr2	38956600	38997200	3
chr20	34308400	34348600	3
chr9	19358200	19399400	3
chr2	43430600	43472800	3
chr19	55897200	55938200	3
chr19	13030200	13071000	3
chr6	139673800	139715000	3
chr13	45893800	45934600	3
chr1	173814600	173856400	3
chr10	74014800	74055400	3
chr1	45222000	45263200	3
chr2	70295200	70336000	3
chr17	27028000	27069000	3
chr14	102531400	102572200	3
chr19	42344800	42385800	3
chr14	50030800	50071400	3
chr11	118943600	118984200	3
chr11	93451800	93492600	3
chr11	10808400	10848600	3
chr7	26216800	26257400	3
chr13	91982400	92023000	3
chr20	2614800	2655000	3
chr2	101599800	101640600	3
chr12	46743000	46785200	3
chr11	122910800	122952200	3
chr11	75092200	75133400	3
chr1	234723000	234763800	3
chr2	217344400	217385200	3
chr17	16323000	16363800	3
chr5	40813200	40854600	3
chr17	4829600	4870400	3
chr5	138591800	138632400	3
chr16	30058200	30098800	3
chr4	53559600	53601000	3
chr19	49356800	49397000	3
chr1	145019000	145059400	11
