chr2	132267427	132277427	11
chr16	34147333	34157333	11
chr4	48604	59307	10
chr17	61396039	61406039	11
chr18	22165039	22175039	3
chr4	44804	55306	10
chr18	22167439	22177439	3
chr7	27142781	27152781	1
chr11	65498129	65508129	3
chr8	98939372	98949372	10
chr7	27164181	27174181	10
chr9	63813266	63823266	11
chr9	63813866	63823866	11
chr17	61400839	61410839	11
chr11	31808452	31818452	11
chr4	43399	54106	10
chr4	173521449	173531449	11
chr16	86506994	86516994	12
chr3	75665649	75675649	11
chr3	75665849	75675849	11
chr10	8049237	8059237	11
chr10	8049437	8059437	11
chr7	23465181	23475181	11
chr20	49278663	49288663	3
chr18	15410401	20940639	8
chr2	172094072	172104072	10
chr3	128483557	128493557	11
chr7	155803106	155813106	11
chr2	63047265	63057265	11
chr6	5999367	6009367	11
chr2	91623774	91633774	8
chr4	54225033	54235033	11
chr17	48589238	48599238	11
chr15	76334259	76344259	10
chr11	31804052	31814052	11
chr15	96332171	96342171	3
chr2	91623574	91633574	8
chr8	98941172	98951172	10
chr6	1604565	1614565	11
chr6	1604765	1614765	11
chr1	207812455	207822455	3
chr1	220876858	220886858	4
chr5	141413033	141423033	8
chr14	36654395	36664395	11
chr14	37590395	37600395	11
chr1	200033472	200043472	11
chr2	132273627	132283627	8
chr17	72115659	72125659	3
chr2	66437068	66447068	10
chr10	99527643	99537643	10
chr2	170814090	170824090	11
chr7	27095181	27105181	2
chr19	10286724	10296724	11
chr18	57432968	57442968	11
chr11	114058278	114068278	3
chr15	76337659	76347659	10
chr6	170287112	170297112	11
chr16	54927888	54937888	10
chr6	10409967	10419967	12
chr17	48576038	48586038	10
chr7	27108181	27118181	1
chr17	36931900	36942503	12
chr8	26040484	26050484	10
chr19	57699632	57709632	1
chr2	19350039	19360039	11
chr1	197910270	197920270	11
chr19	10286124	10296124	11
chr5	93578894	93588894	11
chr11	69636032	69646032	3
chr2	63050465	63060465	11
chr7	27183381	27193381	11
chr1	207814255	207824255	3
chr15	40925602	40935602	10
chr14	36653795	36663795	11
chr12	57235017	57245017	11
chr4	13539576	13549576	11
chr21	8986767	8996767	11
chr2	176128272	176138272	10
chr8	11700291	11710291	12
chr9	93950718	93960718	11
chr15	74127659	74137659	11
chr9	62798976	62808976	11
chr2	74497273	74507273	11
chr14	60647082	60657082	11
chr14	99265263	99275263	11
chr6	1386765	1396765	11
chr7	157002106	157012106	11
chr6	133887662	133897662	11
chr10	129956136	129966136	12
chr1	220875258	220885258	4
chr2	172095872	172105872	10
chr17	48541038	48551038	10
chr3	134363158	134373158	3
chr19	1465001	1475001	11
chr20	21505362	21515362	10
chr2	199461877	199471877	11
chr5	141410033	141420033	8
chr2	174333272	174343272	11
chr5	154473240	154483240	11
chr2	45004461	45014461	11
