chr11	120194200	120219200	11
chr1	225821000	225846000	11
chr17	40811000	40836000	1
chr15	71045000	71070000	11
chr14	61172000	61197000	11
chr14	53396600	53421600	11
chr2	136871400	136896400	3
chr11	46918800	46943800	11
chr1	8064200	8089200	11
chr14	89290200	89315200	1
chr4	13526400	13551400	11
chr4	160022800	160047800	1
chr5	131806200	131831200	3
chr14	89006000	89031000	1
chr1	227486800	227511800	1
chr17	36883600	36908600	11
chr17	46173600	46198600	2
chr15	81576600	81601600	3
chr13	30945400	30970400	2
chr6	5994600	6019600	11
chr16	50698800	50723800	8
chr19	52378600	52403600	8
chr12	64234600	64259600	1
chr6	43137800	43162800	2
chr16	72114000	72139000	1
chr2	216286800	216311800	11
chr11	12693200	12718200	11
chr4	78972000	78997000	11
chr19	12714200	12739200	1
chr17	56405200	56430200	3
chr17	58583000	58608000	1
chr12	56414200	56439200	1
chr3	183871200	183896200	2
chr10	75748800	75773800	2
chr6	52261200	52286200	2
chr11	114308800	114333800	2
chr9	114338000	114363000	1
chr5	106992600	107017600	11
chr6	31310200	31335200	3
chr3	160278000	160303000	1
chr17	8829000	8854000	8
chr15	85130200	85155200	2
chr1	108719000	108744000	1
chr5	78788800	78813800	11
chr1	151122000	151147000	2
chr9	35725800	35750800	2
chr3	48106200	48131200	1
chr1	170037000	170062000	1
chr17	3538400	3563400	1
chr8	81471000	81496000	11
chr19	49645800	49670800	11
chr7	50342200	50367200	1
chr12	54119800	54144800	1
chr8	74880200	74905200	1
chr3	122500600	122525600	1
chr2	223725000	223750000	1
chr2	178393600	178418600	1
chr5	102575000	102600000	1
chr2	207119000	207144000	11
chr5	114857600	114882600	2
chr4	151913000	151938000	2
chr1	10269600	10294600	2
chr22	25341400	25366400	1
chr15	49252000	49277000	11
chr6	107801800	107826800	11
chr2	46523400	46548400	11
chr1	94866400	94891400	1
chr4	95367600	95392600	1
chr14	31483600	31508600	1
chr1	21479000	21504000	1
chr16	30176600	30201600	3
chr1	40722200	40747200	1
chr2	85351600	85376600	1
chr12	77255800	77280800	11
chr8	37539200	37564200	11
chr19	18313600	18338600	1
chr9	131689200	131714200	1
chr7	99623400	99648400	1
chr8	30655800	30680800	2
chr18	61631800	61656800	1
chr1	110525200	110550200	1
chr7	44241000	44266000	1
chr17	1609800	1634800	1
chr7	135170800	135195800	1
chr19	55964400	55989400	1
chr4	1991800	2016800	1
chr10	33615200	33640200	11
chr7	116153000	116178000	11
chr22	31476800	31501800	2
chr9	100394200	100419200	1
chr15	75175400	75200400	2
chr10	98590000	98615000	2
chr5	72090000	72115000	1
chr20	36133800	36158800	2
chr16	3549800	3574800	2
chr3	87255200	87280200	2
chr1	220421600	220446600	2
chr17	42887000	42912000	11
chr14	21535000	21560000	11
chr10	21799400	21824400	11
