chr6	58777800	58778000	8	6.29243	1	(8,11)	5.62841	1	15.8624
chr1	121484200	121484400	11	9.4671	1	(11,11)	5.06132	1	15.6916
chr6	58777400	58777600	11	7.77727	1	(8,11)	6.91271	1	15.6588
chr2	133025200	133025400	11	9.14934	1	(8,11)	6.044	1	15.6267
chrX	136520200	136520400	11	8.79595	1	(8,11)	5.2474	1	15.6148
chr6	58778600	58778800	11	8.51659	1	(8,11)	7.77722	1	15.579
chr10	98561200	98561400	11	8.56711	1	(8,11)	6.9516	1	15.572
chr13	28033600	28033800	11	8.02054	1	(8,11)	6.94562	1	15.5181
chr12	127650600	127650800	8	5.52744	1	(8,11)	4.26167	1	15.5004
chr2	133027000	133027200	11	7.35835	1	(8,11)	5.94108	1	15.4736
chr8	70602400	70602600	11	9.02586	1	(8,11)	8.07601	1	15.4719
chr5	71146800	71147000	11	9.07375	1	(8,11)	8.12064	1	15.4259
chr17	41400200	41400400	11	5.9623	1	(8,11)	3.57785	1	15.3975
chr1	91852800	91853000	11	10.6987	1	(8,11)	7.5085	1	15.3556
chr12	20704400	20704600	11	9.25832	1	(8,11)	8.5136	1	15.3553
chr9	79186600	79186800	11	7.42499	1	(8,11)	6.10042	1	15.3131
chr20	47896800	47897000	3	10.4865	1	(3,3)	6.7391	1	15.3008
chr17	31149800	31150000	11	6.18219	1	(8,11)	4.91065	1	15.2856
chr12	34372400	34372600	11	6.06249	1	(8,11)	4.86129	1	15.2756
chr16	14580800	14581000	8	7.28267	1	(8,11)	8.30783	1	15.2438
chr17	33478200	33478400	11	9.4487	1	(8,11)	6.21502	1	15.2418
chr9	68414200	68414400	8	5.09011	1	(8,11)	3.91631	1	15.2009
chr16	33957400	33957600	8	6.24624	1	(8,11)	5.78756	1	15.1995
chrX	108297400	108297600	11	6.71433	1	(8,11)	6.10488	1	15.1883
chr14	88237800	88238000	11	7.4323	1	(8,11)	6.90217	1	15.1827
chr21	9827400	9827600	11	8.16219	1	(8,11)	8.40712	1	15.1712
chr16	33957200	33957400	11	7.59526	1	(8,11)	7.40212	1	15.1206
chr2	133029400	133029600	8	7.53631	1	(8,12)	5.19838	1	15.1088
chr12	127650800	127651000	11	7.44299	1	(8,11)	5.59578	1	15.0339
chr12	127650400	127650600	11	8.00098	1	(8,11)	6.41737	1	15.0324
chr19	36066600	36066800	11	7.69801	1	(8,11)	7.25541	1	15.0251
chr2	133026600	133026800	8	5.97039	1	(8,11)	4.22522	1	15.0168
chr3	75718200	75718400	8	6.01883	1	(8,10)	3.42222	1	14.9955
chr21	9825800	9826000	8	6.26677	1	(8,11)	3.23217	1	14.9814
chr3	75719800	75720000	8	4.62268	1	(8,11)	2.91784	1	14.9588
chr20	26190000	26190200	11	8.90854	1	(11,11)	5.0292	1	14.9461
chr20	47897600	47897800	8	7.39697	1	(3,8)	8.17788	1	14.9408
chr3	75719600	75719800	11	4.76413	1	(8,11)	3.50451	1	14.91
chr2	133027200	133027400	8	5.53047	1	(8,12)	2.53211	1	14.8051
chr2	133015000	133015200	8	6.41773	1	(8,11)	5.40799	1	14.7988
chr17	41381800	41382000	8	8.123	1	(8,11)	6.50644	1	14.7876
chr9	79186400	79186600	8	4.11564	1	(8,10)	1.89329	1	14.7466
chr9	68414000	68414200	11	6.39028	1	(8,11)	4.1343	1	14.7435
chr5	140800600	140800800	8	6.61637	1	(8,10)	2.93522	1	14.7228
chr2	133023600	133023800	8	6.87946	1	(8,12)	3.0811	1	14.721
chr4	80274400	80274600	8	6.2152	1	(8,11)	4.75848	1	14.709
chr20	29611200	29611400	8	7.20225	1	(8,11)	5.08659	1	14.7085
chr20	26189600	26189800	12	4.1485	1	(8,12)	2.51518	1	14.6772
chr3	75721000	75721200	8	4.06889	1	(8,10)	2.24629	1	14.6755
chr2	230045400	230045600	8	6.76952	1	(8,11)	7.17178	1	14.6335
chr20	26189000	26189200	11	5.86125	1	(8,11)	3.17743	1	14.6288
chr19	58741000	58741200	8	5.395	1	(3,8)	3.8559	1	14.61
chr4	53400	53600	8	7.1513	1	(8,10)	5.14633	1	14.5958
chr20	26189400	26189600	8	3.69461	1	(8,13)	2.22607	1	14.5248
chr3	75721400	75721600	10	3.843	1	(8,10)	2.16956	1	14.4693
chr4	76807200	76807400	8	3.61057	1	(8,11)	1.45909	1	14.4374
chr5	140750000	140750200	8	5.0185	1	(8,10)	2.44658	1	14.4372
chr8	82754600	82754800	11	10.5343	1	(11,11)	7.54508	1	14.4312
chr5	140793200	140793400	8	5.83104	1	(8,11)	3.4937	1	14.4256
chr20	26189200	26189400	13	3.69467	1	(8,13)	2.14539	1	14.4
chr6	31323000	31323200	3	8.02612	1	(3,3)	4.07493	1	14.3626
chr19	58259800	58260000	8	6.70549	1	(3,8)	3.23298	1	14.3515
chr2	91816800	91817000	12	3.97408	1	(8,12)	2.36428	1	14.3437
chr5	140811000	140811200	8	6.55169	1	(8,11)	2.78167	1	14.3422
chr17	31149400	31149600	8	3.76442	1	(8,11)	1.5532	1	14.3306
chr5	140739800	140740000	8	5.36776	1	(8,10)	3.01566	1	14.3273
chr14	69257000	69257200	3	10.7944	1	(3,3)	7.95236	1	14.3086
chr19	16437400	16437600	3	8.11021	1	(3,3)	4.20061	1	14.2999
chr5	174541800	174542000	8	3.90249	1	(8,11)	1.76692	1	14.2992
chr14	75747600	75747800	3	8.4796	1	(3,3)	4.76607	1	14.2912
chr4	70296600	70296800	8	6.67933	1	(8,11)	5.62448	1	14.2679
chr11	85195000	85195200	8	8.70229	1	(8,11)	7.73943	1	14.2679
chr9	44993000	44993200	8	6.51417	1	(8,11)	3.52616	1	14.2671
chr19	58126400	58126600	8	7.39971	1	(2,8)	5.041	1	14.2612
chr3	75717200	75717400	9	3.07954	1	(9,10)	1.40662	1	14.2547
chr1	156186200	156186400	8	8.7628	1	(8,11)	6.50275	1	14.2494
chr2	133012800	133013000	8	8.32106	1	(8,11)	6.72954	1	14.2331
chr16	33955600	33955800	8	7.56926	1	(8,11)	6.37535	1	14.222
chr17	45266400	45266600	11	7.07248	1	(11,11)	3.26982	1	14.2074
chr5	140762200	140762400	8	6.12847	1	(8,10)	3.61564	1	14.1934
chr7	100550800	100551000	13	4.03138	1	(8,13)	2.36842	1	14.16
chr17	41466200	41466400	11	7.73476	1	(2,11)	4.32682	1	14.1485
chr12	127651000	127651200	8	3.55746	1	(8,11)	1.50124	1	14.1451
chr17	76354200	76354400	3	8.72951	1	(3,3)	5.07618	1	14.1431
chr7	5567800	5568000	3	13.8267	1	(3,3)	13.521	1	14.1354
chr6	30458200	30458400	3	11.0973	1	(3,3)	8.53832	1	14.1166
chr17	79478200	79478400	3	13.0882	1	(3,3)	12.1145	1	14.1091
chr19	58695200	58695400	8	7.69899	1	(1,8)	3.65361	1	14.1086
chr17	5000400	5000600	8	4.03059	1	(8,11)	1.9951	1	14.1057
chr1	145441400	145441600	3	11.4171	1	(3,3)	9.13862	1	14.1054
chr15	96877400	96877600	3	6.62429	1	(3,13)	2.98321	1	14.0867
chr9	66455000	66455200	11	7.29616	1	(11,11)	3.62342	1	14.0761
chr2	208632400	208632600	12	3.38361	1	(3,12)	1.83796	1	14.0726
chr14	35871600	35871800	3	13.084	1	(3,3)	12.1578	1	14.0603
chr5	172196200	172196400	3	12.1812	1	(3,3)	10.4984	1	14.0585
chr20	29518800	29519000	8	6.95411	1	(8,8)	2.88676	1	14.0425
chr7	130418400	130418600	10	3.39895	1	(8,10)	1.36812	1	14.0344
chr11	65273000	65273200	3	13.3085	1	(3,3)	12.6285	1	14.0132
chr17	41463600	41463800	8	4.49215	1	(8,11)	1.84186	1	14.0094
chr8	82754800	82755000	10	5.72161	1	(10,11)	3.48733	1	14.0041
