chr11	65264200	65274200	3
chr20	47894000	47904000	3
chr19	58765000	58775000	8
chr2	133025000	133035000	11
chr8	146061400	146071400	8
chr7	6726800	6736800	8
chr12	133621000	133631000	8
chr19	7075800	7085800	8
chr19	58702000	58712000	8
chr19	58126000	58136000	8
chr19	44979800	44989800	8
chr6	32935800	32945800	3
chr19	9673400	9683400	8
chr10	42378200	42388200	8
chr6	32936400	32946400	3
chr19	9636600	9646600	8
chr15	25311400	25321400	8
chr19	58490600	58500600	8
chr10	42390800	42400800	8
chr2	89865200	89875200	8
chr16	33949800	33959800	11
chr5	179681400	179691400	8
chr19	58715200	58725200	8
chr16	46385800	46395800	8
chr12	133763400	133773400	8
chr19	12052800	12062800	8
chr6	36561200	36571200	3
chr18	18510800	18520800	8
chr1	150543000	150553000	3
chr19	37201600	37211600	8
chr19	37037800	37047800	8
chr4	49650000	49660000	8
chr16	3333400	3343400	8
chr10	42355400	42365400	8
chr17	79475800	79485800	3
chr20	47890600	47900600	3
chr19	12633000	12643000	8
chr19	52817200	52827200	8
chr17	79476200	79486200	3
chr21	10799600	10809600	8
chr9	99518400	99528400	8
chr19	52468200	52478200	8
chr12	133674000	133684000	8
chr21	10776200	10786200	8
chr19	52393800	52403800	8
chr4	49147800	49157800	8
chr12	133582400	133592400	8
chr19	58638600	58648600	8
chr19	44994800	45004800	8
chr2	43445800	43455800	3
chr2	43445400	43455400	3
chr7	5097200	5107200	8
chr14	69253600	69263600	3
chr10	3818200	3828200	3
chr12	54671600	54681600	3
chr1	234739400	234749400	3
chr16	68590600	68600600	8
chr4	49113200	49123200	8
chr1	234739200	234749200	3
chr19	52615000	52625000	8
chr19	37236200	37246200	8
chr12	46757800	46767800	3
chr19	27731600	27741600	8
chr19	19818800	19828800	8
chr19	58080600	58090600	8
chr5	179042200	179052200	3
chr19	8917200	8927200	8
chr19	52565400	52575400	8
chr15	96873000	96883000	3
chr9	68412400	68422400	11
chr19	58193000	58203000	8
chr3	75781200	75791200	8
chr1	150540800	150550800	3
chr12	133692600	133702600	8
chr16	3358400	3368400	8
chr5	179041600	179051600	3
chr19	41304000	41314000	3
chr17	35287400	35297400	11
chr19	52495600	52505600	8
chr4	443400	453400	8
chr15	25321600	25331600	8
chr7	26234200	26244200	3
chr11	65260800	65270800	3
chr19	58046000	58056000	8
chr7	57546600	57556600	8
chr19	52534800	52544800	8
chr19	52439600	52449600	8
chr11	66405000	66415000	3
chr1	180196800	180206800	10
chr12	92531400	92541400	3
chr14	69252400	69262400	3
chr16	3430400	3440400	8
chr19	58942000	58952000	2
chr1	23686000	23696000	2
chr19	1266000	1276000	3
chr5	178139400	178149400	8
chr16	3450400	3460400	8
chr19	37726200	37736200	8
chr6	32940400	32950400	3
chr2	95809600	95819600	8
