chr21	10773800	10823800	12
chr10	39104800	39154800	12
chr15	25291000	25341000	12
chr2	89830400	89880400	14
chr10	42355000	42405000	14
chr21	11098200	11148200	12
chr2	176931800	176981800	14
chr21	10824000	10874000	12
chr10	38772000	38822000	12
chr19	58677000	58727000	1
chr3	75753200	75803200	12
chr10	102467800	102517800	15
chr22	36717600	36767600	8
chr12	133613200	133663200	1
chr22	36691000	36741000	8
chr16	33927000	33977000	14
chr19	1237000	1287000	8
chr22	36724400	36774400	8
chr16	46385800	46435800	14
chr17	46675200	46725200	14
chr4	49108600	49158600	12
chr17	46785400	46835400	15
chr19	39154000	39204000	8
chr12	54319200	54369200	14
chr19	58741200	58791200	1
chr19	39164800	39214800	8
chr8	11533200	11583200	14
chr19	1225200	1275200	8
chr19	58471600	58521600	1
chr19	58607800	58657800	1
chr12	133673800	133723800	1
chr19	1244000	1294000	8
chr4	402600	452600	12
chr19	37197000	37247000	12
chr4	10070200	10120200	1
chr17	7117200	7167200	1
chr19	44955400	45005400	1
chr10	42790400	42840400	12
chr3	147083400	147133400	14
chr7	27203600	27253600	14
chr19	37597400	37647400	12
chr13	100601800	100651800	14
chr22	46459400	46509400	2
chr10	102874400	102924400	14
chr19	41767400	41817400	1
chr19	58040800	58090800	1
chr12	133757800	133807800	1
chr9	126758000	126808000	14
chr10	118885600	118935600	4
chr9	35700400	35750400	1
chr15	89905200	89955200	14
chr19	1733800	1783800	16
chr4	44200	94200	14
chr21	10841400	10891400	12
chr19	9447400	9497400	12
chr22	46448000	46498000	2
chr19	38022400	38072400	12
chr6	31587400	31637400	1
chr2	132996000	133046000	14
chr11	31815600	31865600	14
chr4	49120600	49170600	12
chr15	96863600	96913600	1
chr2	219821200	219871200	14
chr11	795400	845400	1
chr12	133484000	133534000	1
chr17	77769600	77819600	1
chr19	57044800	57094800	1
chr7	155227000	155277000	14
chr2	176982000	177032000	14
chr7	1257600	1307600	15
chr6	100031400	100081400	14
chr10	42795400	42845400	12
chr19	39857200	39907200	1
chr19	37875000	37925000	12
chr19	1217800	1267800	1
chr9	36997200	37047200	14
chr19	37003600	37053600	1
chr6	10379000	10429000	14
chr17	27006400	27056400	1
chr12	54370200	54420200	14
chr12	6630200	6680200	1
chr14	102459200	102509200	8
chr5	178354400	178404400	1
chr3	75716200	75766200	14
chr11	44319000	44369000	14
chr10	124877000	124927000	14
chr17	7460600	7510600	1
chr4	10079400	10129400	1
chr8	144984800	145034800	1
chr2	45137600	45187600	14
chr10	102964600	103014600	14
chr4	190488800	190538800	12
chr20	47858000	47908000	1
chr7	96612400	96662400	14
chr19	52358600	52408600	1
chr11	793200	843200	1
chr1	227818400	227868400	12
chr14	74178800	74228800	1
chr1	19405600	19455600	8
chr19	1213400	1263400	1
