chr15	25046453	25096453	20
chr19	58229034	58279034	4
chr12	133079014	133129014	4
chr19	38647160	38697160	22
chr7	27097581	27147581	22
chr7	27100381	27150381	22
chr19	58166833	58217034	4
chr17	48567838	48617838	1
chr17	48541438	48591438	1
chr22	46066520	46116520	22
chr7	27136581	27186581	15
chr19	57963832	58013832	4
chr22	36323755	36373755	9
chr17	48571438	48621438	1
chr4	424611	474611	1
chr19	36710498	36760498	20
chr19	36532498	36582498	20
chr12	53981616	54031616	4
chr19	36616098	36666098	4
chr15	96319971	96369971	9
chr19	57529632	57579632	4
chr12	53979616	54029616	4
chr19	51959147	52009147	4
chr19	56533231	56583432	4
chr2	217894477	217944477	14
chr19	1230401	1280401	23
chr19	37412698	37462698	20
chr1	21894107	21944107	22
chr19	23335798	23385798	20
chr19	36855498	36905498	20
chr19	52364947	52414947	20
chr12	133033214	133083214	4
chr17	40306548	40356548	9
chr19	37123898	37173898	20
chr19	36795298	36845298	12
chr8	143910032	143960032	1
chr22	36305354	36355555	9
chr19	56540831	56591032	4
chr19	37124298	37174298	20
chr4	411411	461411	20
chr19	13011786	13061786	22
chr15	96322771	96372771	9
chr11	62528128	62578128	13
chr12	124374454	124424454	13
chr19	58095033	58145033	23
chr14	73716697	73766697	9
chr19	37531498	37581699	22
chr19	36849498	36899498	4
chr14	73715697	73765697	9
chr19	15245389	15295389	9
chr1	27554489	27604489	1
chr10	79111043	79161043	13
chr19	52086947	52136947	22
chr19	15247189	15297189	9
chr10	124696031	124746031	1
chr7	27164781	27214781	23
chr19	9336924	9386924	22
chr19	58156433	58206433	4
chr17	40063947	40113947	13
chr4	336811	386811	4
chr20	47311856	47361856	13
chr5	180244000	180294000	22
chr19	13051386	13101386	14
chr9	134325954	134375954	22
chr3	50225968	50276169	22
chr5	178915799	178965799	22
chr14	68930683	68980683	4
chr19	51855547	51905547	4
chr11	802000	852000	22
chr1	156462008	156512008	13
chr19	56403031	56453031	4
chr5	139635415	139685415	1
chr19	37404498	37454498	20
chr17	2040906	2090906	22
chr12	108809624	108859624	13
chr17	77362118	77412118	9
chr12	132907414	132957414	20
chr19	36728698	36778698	4
chr16	3370400	3420400	1
chr19	51853747	51903747	22
chr17	77417918	77467918	9
chr10	125112831	125162831	9
chr17	38867347	38917347	22
chr19	15256589	15306589	9
chr9	127520921	127570921	20
chr10	80457644	80507644	18
chr12	124472454	124522454	9
chr12	6924237	6974438	1
chr4	43199	96914	4
chr12	120216397	120266397	22
chr2	217813077	217863077	13
chr1	2226561	2276561	19
chr12	124479054	124529054	9
chr15	67101262	67151262	13
chr15	92881170	92931170	1
chr4	343611	393611	20
chr9	134340954	134390954	9
chr10	79397244	79447244	13
chr9	95043918	95093918	3
chr21	10689656	10739656	21
