chr11	67034200	67059200	2
chr9	117125000	117150000	8
chr22	37616800	37641800	8
chr14	93120400	93145400	8
chr2	172944600	172969600	14
chr1	31210600	31235600	8
chr15	75068600	75093600	8
chr1	155929000	155954000	8
chr2	233924000	233949000	8
chr1	167596200	167621200	8
chr10	11201200	11226200	1
chr17	77763800	77788800	2
chr19	1251600	1276600	1
chr19	1248000	1273000	14
chr7	27220600	27245600	14
chr9	130525200	130550200	2
chr17	76114000	76139000	8
chr17	76116600	76141600	8
chr6	1601600	1626600	14
chr9	126758600	126783600	14
chr11	31817400	31842400	14
chr15	75065200	75090200	2
chr10	73508800	73533800	1
chr9	126760800	126785800	14
chr4	13526200	13551200	14
chr1	197871200	197896200	14
chr7	27189600	27214600	14
chr1	197871000	197896000	14
chr1	169656400	169681400	2
chr11	31820800	31845800	14
chr17	56405600	56430600	8
chr12	122226000	122251000	2
chr2	175186200	175211200	2
chr15	81584200	81609200	8
chr8	134064600	134089600	1
chr19	1066600	1091600	1
chr10	8073600	8098600	14
chr17	35283400	35308400	2
chr17	46686800	46711800	14
chr4	10095200	10120200	1
chr1	91171600	91196600	14
chr12	54388200	54413200	14
chr15	68109000	68134000	14
chr5	87955200	87980200	14
chr10	124890000	124915000	1
chr12	7055400	7080400	8
chr2	63271400	63296400	14
chr12	122227800	122252800	2
chr22	37687800	37712800	8
chr2	63270800	63295800	14
chr1	198607800	198632800	1
chr6	10403800	10428800	2
chr9	134129400	134154400	2
chr14	61102000	61127000	14
chr14	93128600	93153600	8
chr2	68593800	68618800	8
chr4	174421400	174446400	14
chr19	1236200	1261200	14
chr19	49922600	49947600	15
chr2	145257600	145282600	1
chr22	37689200	37714200	8
chr1	28198400	28223400	1
chr2	68595000	68620000	8
chr15	89898600	89923600	14
chr16	9183800	9208800	1
chr6	32804000	32829000	1
chr10	102973200	102998200	14
chr22	36759800	36784800	2
chr6	108478000	108503000	14
chr13	79159600	79184600	14
chr9	134130400	134155400	2
chr5	76919000	76944000	14
chr5	169700400	169725400	1
chr2	68991600	69016600	1
chr2	68991200	69016200	1
chr12	57613000	57638000	14
chr15	53073800	53098800	14
chr6	5992200	6017200	14
chr6	99271800	99296800	14
chr6	30413800	30438800	14
chr1	206730200	206755200	1
chr3	50272400	50297400	2
chr2	105458000	105483000	14
chr10	124885600	124910600	14
chr4	4852200	4877200	14
chr7	20815000	20840000	14
chr10	102972200	102997200	14
chr17	59470600	59495600	14
chr6	108432600	108457600	14
chr2	223156400	223181400	14
chr3	196356600	196381600	8
chr12	111865000	111890000	8
chr2	172938000	172963000	14
chr19	49923800	49948800	15
chr5	92906000	92931000	14
chr4	13520800	13545800	15
chr2	176981000	177006000	14
chr1	150530800	150555800	1
chr1	156449800	156474800	1
chr1	40506000	40531000	1
