chr19	58696800	58721800	20
chr19	37034200	37059200	20
chr19	58747600	58772600	20
chr15	25294400	25319400	20
chr19	58041400	58066400	20
chr15	25319600	25344600	20
chr12	133565800	133590800	20
chr19	52802400	52827400	20
chr19	37911200	37936200	20
chr4	437200	462200	20
chr12	133709200	133734200	20
chr12	133659200	133684200	20
chr19	37303400	37328400	20
chr19	52465600	52490600	20
chr5	179673600	179698600	20
chr19	44978600	45003600	20
chr4	329800	354800	20
chr19	52567600	52592600	20
chr12	133612400	133637400	4
chr19	38053400	38078400	20
chr19	20723000	20748000	20
chr4	125000	150000	20
chr19	52614000	52639000	20
chr19	37194400	37219400	20
chr19	52383000	52408000	20
chr19	37127200	37152200	20
chr19	57112000	57137000	20
chr19	23544800	23569800	20
chr19	9433600	9458600	1
chr19	23516800	23541800	20
chr19	23400200	23425200	20
chr16	31745600	31770600	20
chr19	37378200	37403200	20
chr19	52519000	52544000	20
chr19	37569800	37594800	20
chr19	37232800	37257800	20
chr19	53046000	53071000	20
chr19	37636400	37661400	20
chr19	37346600	37371600	20
chr19	58633000	58658000	20
chr19	37715400	37740400	20
chr19	58490200	58515200	20
chr19	9665800	9690800	20
chr19	56918200	56943200	20
chr1	247304200	247329200	20
chr19	58194000	58219000	4
chr12	133757400	133782400	20
chr19	23836000	23861000	20
chr19	58280400	58305400	20
chr19	53934400	53959400	20
chr19	53561600	53586600	20
chr16	68582800	68607800	20
chr19	36881800	36906800	20
chr19	53975200	54000200	20
chr19	44656600	44681600	20
chr19	37864600	37889600	20
chr7	6714600	6739600	20
chr16	3436600	3461600	1
chr7	63784600	63809600	20
chr19	36995600	37020600	4
chr19	9514600	9539600	20
chr16	31917000	31942000	20
chr19	37945000	37970000	20
chr19	53835800	53860800	1
chr19	58365400	58390400	20
chr7	6713600	6738600	20
chr19	37225000	37250000	20
chr5	178292600	178317600	20
chr15	25207800	25232800	20
chr19	58003400	58028400	1
chr19	37421600	37446600	20
chr12	133581800	133606800	20
chr19	58625800	58650800	20
chr19	52876200	52901200	20
chr19	52454400	52479400	20
chr16	68586600	68611600	20
chr16	3335200	3360200	20
chr9	99509600	99534600	20
chr19	52815800	52840800	20
chr19	44339000	44364000	20
chr19	57049000	57074000	1
chr12	133644600	133669600	20
chr11	3376200	3401200	1
chr5	178492200	178517200	20
chr19	53638200	53663200	1
chr19	44339400	44364400	20
chr19	9442800	9467800	20
chr19	52605000	52630000	20
chr19	19772200	19797200	20
chr19	37868200	37893200	20
chr19	38122800	38147800	20
chr19	58681200	58706200	20
chr19	37353800	37378800	20
chr19	36991200	37016200	20
chr11	128365800	128390800	9
chr19	9396400	9421400	1
chr7	63974400	63999400	20
chr19	37964000	37989000	20
chr19	57064000	57089000	20
chr12	32114000	32139000	20
