chr17	41372600	41382600	14
chr17	45212600	45222600	14
chr17	41392000	41402000	14
chr17	45247000	45257000	14
chr17	45257400	45267400	14
chr3	196624000	196634000	14
chr20	47895400	47905400	8
chr12	85800	95800	14
chr12	133336200	133346200	1
chr7	5563800	5573800	8
chr17	39843800	39853800	8
chr12	2357000	2367000	12
chr5	179042200	179052200	8
chr20	42085200	42095200	1
chr17	76347400	76357400	3
chr11	65266200	65276200	8
chr14	102545800	102555800	8
chr6	32936600	32946600	1
chr7	158378200	158388200	2
chr11	8703000	8713000	8
chr1	203271400	203281400	8
chr16	14577400	14587400	14
chr1	35649600	35659600	7
chr6	74224200	74234200	1
chr5	140691200	140701200	12
chr3	186499800	186509800	1
chr14	69252000	69262000	8
chr2	217362200	217372200	8
chr14	35866600	35876600	8
chr17	56075800	56085800	1
chr17	45230400	45240400	14
chr16	89623000	89633000	8
chrX	115003200	115013200	14
chr22	39917400	39927400	8
chr8	146011200	146021200	8
chr6	133133000	133143000	1
chr20	29610800	29620800	1
chr19	49992400	50002400	8
chr14	70233000	70243000	8
chr14	103798600	103808600	1
chr14	67511000	67521000	14
chr22	18876000	18886000	14
chr6	30455600	30465600	1
chr6	35435200	35445200	8
chr19	27731800	27741800	14
chr2	208626400	208636400	2
chr19	49370200	49380200	8
chr11	62618600	62628600	1
chr17	79475800	79485800	8
chr22	50353000	50363000	8
chr1	145434800	145444800	8
chr18	102400	112400	14
chr17	7477200	7487200	8
chrX	48431600	48441600	8
chr19	1265400	1275400	8
chr3	73156600	73166600	14
chr5	40826800	40836800	1
chr11	64537600	64547600	1
chr2	232570200	232580200	8
chr19	58739200	58749200	1
chr6	36561000	36571000	8
chr9	130205400	130215400	8
chr6	31797200	31807200	8
chr9	72653000	72663000	14
chr18	18510800	18520800	14
chr19	18384600	18394600	8
chr19	2266600	2276600	8
chr19	3978600	3988600	8
chr5	172191600	172201600	8
chr19	42364800	42374800	8
chr11	61730400	61740400	1
chr11	122925800	122935800	1
chr12	6641000	6651000	8
chr1	150540000	150550000	8
chr8	43092800	43102800	14
chr12	54671600	54681600	8
chr12	56546600	56556600	8
chr16	30074400	30084400	8
chr6	31506400	31516400	1
chr3	52020400	52030400	8
chr1	28831400	28841400	8
chr9	136215000	136225000	1
chr19	14624000	14634000	8
chr19	13048200	13058200	8
chr11	66404600	66414600	1
chr21	9825400	9835400	14
chr5	178012400	178022400	14
chr1	11071800	11081800	1
chr2	133025000	133035000	14
chr10	42525600	42535600	14
chr19	55893400	55903400	8
chr19	52390400	52400400	12
chr17	4841400	4851400	8
chr17	41457200	41467200	3
chr8	56753200	56763200	14
chr20	34322400	34332400	1
chr5	180667400	180677400	8
chr21	11177000	11187000	12
chr13	80908200	80918200	1
chr16	31190000	31200000	1
