chr7	6687769	6697769	8
chr15	25069453	25079453	8
chr19	57973832	57983832	8
chr15	25059253	25069253	8
chr15	25049053	25059053	8
chr19	44473583	44484189	8
chr19	58189233	58199233	8
chr12	133100014	133110014	8
chr19	8806724	8816724	8
chr11	65497529	65507529	3
chr12	133039214	133049214	8
chr19	36546898	36556898	8
chr19	58253634	58263634	8
chr19	36889298	36899298	8
chr19	58200033	58210234	8
chr19	9374124	9384124	8
chr12	133056414	133066414	8
chr15	25079653	25089653	8
chr19	19707191	19717191	8
chr10	41843008	41853008	8
chr19	36710498	36720498	8
chr9	96756118	96766118	8
chr5	178712799	178722799	8
chr16	68556497	68566497	8
chr12	133185414	133195414	8
chr9	113042920	113052920	8
chr19	58124833	58134833	8
chr11	31808052	31818052	11
chr19	43960648	43970648	8
chr10	41878408	42104752	8
chr2	95143255	95153255	8
chr19	57615032	57625032	8
chr19	56518231	56528231	8
chr2	95210852	95220852	8
chr19	9335524	9345524	8
chr12	133138414	133148414	8
chr12	133149814	133159814	8
chr10	41853208	41863208	8
chr3	75735049	75745049	8
chr19	37124298	37134298	8
chr19	56572831	56583032	8
chr12	133084414	133094414	8
chr12	133113814	133123814	8
chr5	179026799	179036799	8
chr19	36633698	36643698	8
chr11	66637729	66647729	3
chr21	10720656	10730656	8
chr19	37425698	37435698	8
chr19	51888747	51898747	8
chr17	36931900	36942503	11
chr19	9523324	9533324	8
chr18	57431768	57441768	11
chr19	36816098	36826098	8
chr5	178926799	178936799	8
chr18	57431168	57441168	11
chr19	37146498	37156498	8
chr19	37556498	37566498	8
chr5	180254400	180264400	8
chr19	57984032	57994032	8
chr2	170813490	170823490	11
chr2	170813290	170823290	11
chr8	98939972	98949972	11
chr21	10704656	10714656	8
chr19	7076189	7086189	8
chr19	58428433	58438433	8
chr19	44490549	44501148	8
chr8	26038284	26048284	11
chr10	117537489	117547489	12
chr19	43835048	43845048	8
chr8	26037884	26047884	11
chr11	16604453	16614453	11
chr19	37452698	37462698	8
chr6	36593623	36603623	3
chr4	49111183	49121183	8
chr17	5084505	5094505	8
chr14	36655195	36665195	11
chr14	36655795	36665795	11
chr19	51964747	51974747	8
chr9	93950918	93960918	11
chr19	9291924	9301924	8
chr20	30417124	31225197	8
chr1	197909870	197919870	11
chr2	19353639	19363639	11
chr10	38523872	38579869	8
chr19	57569432	57579432	8
chr5	179073799	179083799	8
chr1	197908470	197918470	11
chr6	6000167	6010167	11
chr15	76335659	76345659	11
chr15	76335859	76345859	11
chr6	36593223	36603223	3
chr1	180228865	180238865	11
chr19	36868898	36878898	8
chr19	14714388	14724388	8
chr8	96152372	96162372	11
chr12	133200614	133210614	8
chr2	172093472	172103472	11
chr3	128484157	128494157	11
chr3	137762158	137772158	10
chr17	41967782	41977782	3
