chr2	132267427	132277427	12
chr2	132264827	132274827	12
chr2	132262027	132272027	12
chr16	34147333	34157333	11
chr13	110303053	110313053	3
chr4	48604	59307	10
chr20	62550993	62560993	3
chr10	129953536	129963536	3
chr5	141413433	141423433	8
chr14	23425591	23435591	3
chr2	91623974	91633974	8
chr10	129957336	129967336	3
chr17	50193039	50203039	3
chr19	15191589	15201589	3
chr21	9065367	9075367	11
chr20	62553593	62563593	3
chr21	9063967	9073967	11
chr10	17226801	17236801	3
chr9	136661348	136671348	3
chr13	110300253	110310253	3
chr2	91611574	91621574	13
chr12	4268634	4278634	3
chr9	136662748	136672748	3
chr12	4269034	4279034	3
chr20	49277863	49287863	3
chr4	45604	56106	10
chr10	129960736	129970736	3
chr7	23465381	23475381	12
chr5	141337833	141347833	10
chr10	86666243	86676243	3
chr6	41053461	41063461	3
chr2	132258027	132268027	12
chr11	2133170	2143170	3
chr19	45314742	45324742	3
chr5	141356633	141366633	8
chr20	62555193	62565193	3
chr19	55141032	55151032	10
chr5	141394833	141404833	10
chr21	9067367	9077367	11
chr6	17281569	17291569	3
chr11	114057678	114067678	3
chr14	100823863	100833863	3
chr11	1920170	1930170	3
chr9	136663748	136673748	3
chr2	5689868	5699868	12
chr17	29612982	29622982	3
chr12	4270834	4280834	3
chr1	94919844	94929844	3
chr12	89346823	89356823	3
chr11	1866970	1876970	13
chrX	136198841	136208841	10
chrX	136199641	136209641	10
chr19	47713543	47723543	11
chr6	100453524	100463524	11
chr11	65422929	65432929	3
chr1	228207499	228217499	3
chr5	177086199	177096199	3
chr7	57486294	57496294	8
chr9	63814466	63824466	10
chr5	177086599	177096599	3
chr1	94919244	94929244	3
chr2	176130672	176140672	12
chr5	141351033	141361033	8
chr2	176130872	176140872	1
chr16	34143733	34153733	8
chr16	34155933	34165933	11
chr1	18631106	18641106	10
chr5	142317435	142327435	3
chr19	15189189	15199189	10
chr1	18630906	18640906	10
chr9	134641154	134651154	3
chr1	63317329	63327329	10
chr13	109778053	109788053	3
chr9	134640954	134650954	3
chr4	110628444	110638444	1
chr6	100455124	100465124	13
chr9	134642154	134652154	3
chr19	58052032	58062032	7
chr5	141366833	141376833	8
chr19	46407943	46417943	3
chr6	100455724	100465724	13
chr3	42683908	42693908	3
chr1	207813455	207823455	3
chr19	57996432	58006432	3
chr10	129950136	129960136	3
chr7	130485759	130495759	3
chr11	69636032	69646032	3
chr17	61395639	61405639	13
chr4	54225033	54235033	15
chr7	130485959	130495959	3
chr6	26195172	26205172	2
chr14	100880263	100890263	3
chr6	26196572	26206572	2
chrX	25008083	25018083	10
chr1	18632706	18642706	10
chr21	10728256	10738256	8
chr10	42295552	42305552	8
chr11	1868770	1878770	13
chr11	114055878	114065878	3
chr19	46404143	46414143	3
