chr8	109435200	109476000	1
chr17	17559000	17611400	1
chr1	203254000	203300800	14
chr7	129401000	129442800	14
chr15	41197800	41239800	14
chr15	81273600	81314400	1
chr6	134253000	134294600	1
chr16	87396000	87437800	1
chr2	84665600	84706800	1
chr10	120946600	120989200	1
chr8	144631600	144672200	14
chr1	210480000	210527400	1
chr2	8802200	8844600	14
chr18	72895800	72943400	14
chr1	51413600	51465800	14
chr1	23675400	23717000	14
chr1	231533200	231578000	14
chr21	38425600	38467200	14
chr11	111452400	111494800	1
chr11	67230200	67271600	1
chr11	62359000	62400800	1
chr11	36510800	36552200	1
chrX	20263200	20304800	1
chrX	153645000	153686400	1
chr13	30402800	30444200	1
chr10	43612800	43655000	1
chr10	15189600	15230600	1
chr2	24279200	24320000	1
chr2	170664000	170705000	1
chr9	96317600	96360600	1
chrX	46968600	47009600	1
chrX	62954000	62994800	1
chr11	17277600	17319200	1
chr1	173663800	173705000	1
chr4	129994600	130035400	1
chr4	4271600	4313000	1
chr10	15881800	15922600	2
chr9	35808600	35850000	2
chr18	47793000	47834800	2
chr2	95804200	95846200	2
chr17	76757200	76798400	2
chr17	36835800	36885000	2
chr1	55161000	55201600	2
chr12	123852000	123893600	2
chr20	32287400	32328600	2
chr12	66675600	66716200	2
chr12	110313600	110359200	14
chr9	1994200	2039000	14
chr2	219240200	219286800	14
chr4	106046800	106090200	14
chr7	100795000	100837000	14
chr17	7955600	7997600	14
chr8	119101000	119144000	14
chr20	25016400	25061200	14
chr12	841400	883800	1
chr4	52688200	52731000	1
chr3	57241800	57283200	1
chr1	110431600	110473600	14
chr1	144573600	144615600	14
chrX	51617200	51658400	1
chr15	63776800	63820400	1
chr3	9831400	9872600	1
chr9	130810400	130851800	1
chr3	39128000	39170000	1
chr17	4615000	4655400	1
chr16	12050400	12091200	1
chr5	1324600	1366200	1
chr2	24694200	24735800	1
chrX	68027800	68072400	14
chr8	28238400	28279600	14
chr10	101276800	101319200	15
chr11	118774400	118817200	4
chr1	33703200	33744000	3
chr1	199984600	200028000	14
chr12	42610800	42652800	1
chr5	67491600	67534200	1
chr7	127011400	127053800	1
chr1	145456600	145499800	1
chr1	33792000	33835400	1
chr12	59292600	59334000	14
chr2	219739200	219781200	15
chr13	28522800	28564600	14
chr19	55931600	55975000	14
chr14	53598200	53640000	1
chr4	114660800	114703000	1
chr3	5209600	5250800	1
chr3	20062000	20103600	1
chr4	89185800	89226600	1
chr17	58020800	58062800	1
chr6	147503200	147544800	1
chrX	13686600	13728400	1
chr9	132783800	132826600	1
chr2	97758200	97799800	1
chr16	558200	599200	1
chr4	44707400	44749200	1
chr21	16417400	16458800	1
chr3	182491400	182532800	1
chr22	20098800	20139600	1
chr10	3194200	3235000	1
chr8	42732000	42774000	1
