chr6	41632462	41657462	8
chr20	62815448	62840448	10
chr20	62815248	62840248	10
chr11	114058478	114083478	8
chr12	47977217	48002217	8
chr11	114141878	114166878	10
chr12	47978817	48003817	8
chr11	114152478	114177478	10
chr11	114169478	114194478	3
chr11	114061278	114086278	8
chr11	35448252	35473252	5
chr11	114103278	114128278	7
chr11	114176078	114201078	3
chr11	114106878	114131878	3
chr11	114053478	114078478	8
chr12	53324216	53349216	8
chr12	53321216	53346216	8
chr15	88801969	88826969	2
chr6	35576223	35601223	8
chr6	35572823	35597823	8
chr6	41639462	41664462	8
chr1	40294728	40319728	1
chr12	53322216	53347216	8
chr1	40293928	40318928	1
chr3	46878910	46903910	1
chr2	105371143	105396143	6
chr6	41626462	41651462	8
chr2	105369343	105394343	6
chr1	203334872	203359872	8
chr2	102143140	102168140	2
chr2	55859065	55884065	5
chr3	86939050	86964050	3
chr2	102144540	102169540	2
chr15	66704262	66729262	4
chr12	47986017	48011017	8
chr11	15146054	15171054	8
chr2	55899665	55924665	2
chr7	134874849	134899849	1
chr11	15143454	15168454	8
chr7	134873249	134898249	1
chr20	6759353	6784353	8
chr1	40301128	40326128	1
chr11	15142454	15167454	8
chr6	33183023	33208023	1
chr1	85526517	85551517	10
chr15	49426003	49451003	1
chr3	86935450	86960450	8
chr1	198904071	198929071	1
chr2	36438857	36463857	6
chr11	114189478	114214478	7
chr6	33184023	33209023	7
chr2	36473857	36498857	8
chr20	6765753	6790753	8
chr6	33174423	33199423	1
chr12	53314416	53339416	8
chr2	224003083	224028083	3
chr2	36444257	36469257	6
chr15	68405261	68430261	4
chr6	45425263	45450263	4
chr15	63045801	63070801	1
chr1	198213670	198238670	11
chr15	49423403	49448403	7
chr1	198213870	198238870	7
chr3	41203109	41228109	1
chr8	13104891	13129891	1
chr11	114239678	114264678	7
chr2	224010083	224035083	3
chr1	85531517	85556517	10
chr6	35587223	35612223	8
chr2	232910890	232935890	1
chr4	168837249	168862249	8
chr2	232910290	232935290	1
chr15	66711262	66736262	8
chr15	63043001	63068001	3
chr8	13092091	13117091	1
chr8	22578687	22603687	4
chr8	13086091	13111091	1
chr2	55868465	55893465	5
chr8	22577887	22602887	4
chr11	76184756	76209756	3
chr2	37643657	37668657	4
chr7	134780849	134805849	1
chr6	33170023	33195023	1
chr13	75638064	75663064	4
chr11	122102492	122127492	3
chr11	122105692	122130692	8
chr15	68401061	68426061	3
chr15	48821203	48846203	5
chr3	134350358	134375358	2
chr5	65055373	65080373	1
chr15	48613803	48638803	3
chr5	111732303	111757303	7
chr2	190882274	190907274	1
chr3	41207509	41232509	3
chr22	36359755	36384755	4
chr11	122144492	122169492	7
chr4	94452849	94477849	4
chr8	121612960	121637960	4
chr11	15186254	15211254	7
chr3	41212309	41237309	3
