chr2	133014200	133039200	12
chr22	46461400	46486400	4
chr22	46461200	46486200	4
chr16	33942200	33967200	8
chr16	87877400	87902400	3
chr10	42373800	42398800	8
chr19	58693400	58718400	8
chr18	46454600	46479600	11
chr7	130579200	130604200	3
chr18	46452800	46477800	11
chr15	25311600	25336600	8
chr22	46470400	46495400	12
chr7	6722600	6747600	8
chr15	60666400	60691400	3
chr16	33951800	33976800	8
chr4	49633200	49658200	8
chr19	58748800	58773800	8
chr4	43600	68600	8
chr17	77762800	77787800	11
chr12	13045800	13070800	12
chr20	30285000	30310000	3
chr8	146053400	146078400	3
chr12	133614800	133639800	1
chr11	65188800	65213800	3
chr21	10774400	10799400	8
chr8	145002000	145027000	3
chr19	44979000	45004000	3
chr2	89855000	89880000	8
chr1	43398400	43423400	3
chr16	46385800	46410800	8
chr19	58491200	58516200	1
chr11	65185200	65210200	3
chr19	9670600	9695600	2
chr10	39127200	39152200	8
chr16	87869200	87894200	3
chr19	37023400	37048400	8
chr19	1250400	1275400	3
chr19	39137800	39162800	2
chr19	52619000	52644000	2
chr12	104680600	104705600	3
chr20	29808000	29833000	8
chr2	133002400	133027400	11
chr11	35161200	35186200	3
chr17	46644000	46669000	7
chr11	3376400	3401400	3
chr3	134071600	134096600	3
chr15	93441200	93466200	3
chr4	49098200	49123200	8
chr20	29804000	29829000	8
chr19	1249000	1274000	3
chr10	39115600	39140600	8
chr12	133692600	133717600	15
chr17	77760600	77785600	11
chr21	10825400	10850400	8
chr19	1248600	1273600	3
chr20	47881200	47906200	8
chr10	38784800	38809800	8
chr12	54380600	54405600	3
chr17	46648000	46673000	7
chr10	39082000	39107000	8
chr16	46419400	46444400	8
chr4	49099600	49124600	8
chr12	133565000	133590000	8
chr8	144994600	145019600	3
chr2	60759800	60784800	10
chr12	122226400	122251400	3
chr2	89844000	89869000	8
chr11	65182000	65207000	3
chr19	52801200	52826200	2
chr20	30288800	30313800	3
chr8	144996800	145021800	3
chr16	46411000	46436000	8
chr2	178101800	178126800	3
chr19	37194400	37219400	8
chr1	16464400	16489400	3
chr9	130305400	130330400	3
chr7	47595800	47620800	9
chr11	62305000	62330000	3
chr12	104677800	104702800	3
chr16	33864800	33889800	8
chr4	440600	465600	8
chr2	75059600	75084600	3
chr19	52517400	52542400	2
chr12	122224000	122249000	3
chr19	22010400	22035400	3
chr11	62306800	62331800	3
chr15	67354800	67379800	3
chr12	13039200	13064200	12
chr3	53265600	53290600	3
chr6	166378800	166403800	8
chr15	96867400	96892400	3
chr17	14199800	14224800	11
chr1	156075800	156100800	3
chr17	46657800	46682800	7
chr2	30455600	30480600	3
chr20	60922800	60947800	11
chr15	60673000	60698000	3
chr11	118777400	118802400	3
chr6	166380000	166405000	8
chr19	52564600	52589600	8
