chr22	39523200	39523400	3	8.7426	-1	(3,3)	10.1825	-1	19.9776	0
chr5	141421000	141421200	8	7.03809	-1	(8,8)	4.80577	-1	19.9714	0
chr2	136115400	136115600	3	11.1404	1	(3,3)	11.5131	1	19.4113	0
chr5	141413600	141413800	11	7.28319	1	(11,11)	5.84906	1	19.3789	0
chr5	141413200	141413400	8	5.30289	-1	(1,8)	3.81522	-1	19.0212	0
chr5	141417800	141418000	8	4.76993	-1	(1,8)	5.64243	-1	18.7319	0
chr4	13544800	13545000	11	8.40261	1	(11,11)	9.9657	1	18.5753	0
chr9	63818200	63818400	11	6.89663	1	(11,11)	8.62132	1	18.5733	0
chr6	31355600	31355800	3	10.3464	1	(3,3)	12.2051	1	18.4498	0
chr4	78058200	78058400	11	10.4829	1	(11,11)	11.6261	1	18.4156	0
chr17	38749600	38749800	11	10.1786	1	(11,11)	10.5901	1	18.3904	0
chr12	92142200	92142400	3	7.63373	1	(3,3)	8.62291	1	18.3784	0
chr10	101067200	101067400	11	9.51529	1	(11,11)	11.2595	1	18.3524	0
chr19	51887400	51887600	8	6.9009	1	(8,8)	7.75722	1	18.2655	0
chr5	93580000	93580200	11	8.23179	1	(11,11)	8.34346	1	18.2243	0
chr14	60724000	60724200	11	10.4062	1	(11,11)	10.6068	1	18.1641	0
chr11	46917200	46917400	11	10.2061	1	(11,11)	10.5901	1	18.1065	0
chr6	10414600	10414800	12	7.79728	1	(12,12)	7.87071	1	17.9984	0
chr22	37561800	37562000	12	8.63121	1	(12,12)	7.99445	1	17.9307	0
chr5	141418000	141418200	13	5.103	1	(1,8)	5.64243	-1	17.9303	0
chr15	96334000	96334200	3	6.30172	-1	(13,13)	5.80612	1	17.8013	0
chr2	219497600	219497800	11	8.58225	1	(11,11)	10.0429	1	17.7929	0
chr12	15788200	15788400	11	9.65767	1	(11,11)	8.53907	1	17.7464	0
chr14	52950400	52950600	11	9.40947	1	(11,11)	8.53527	1	17.7434	0
chr15	96334200	96334400	13	6.58221	1	(13,13)	6.53645	1	17.6971	0
chr5	179622000	179622200	3	6.21915	1	(3,3)	7.21721	1	17.6932	0
chr15	70762600	70762800	11	9.11576	1	(11,11)	8.52918	1	17.6424	0
chr7	116526400	116526600	11	7.54966	1	(11,11)	8.20112	1	17.6393	0
chr6	30491400	30491600	3	8.83268	1	(3,3)	11.1663	1	17.6143	0
chr20	21100400	21100600	11	7.9124	1	(11,11)	9.60433	1	17.5772	0
chr12	57475800	57476000	2	5.36442	1	(2,3)	4.15967	1	17.5558	0
chr15	63044200	63044400	3	4.93311	-1	(12,13)	3.53492	1	17.529	0
chr5	141431000	141431200	8	5.63454	-1	(8,8)	3.61033	-1	17.5251	0
chr17	81343800	81344000	12	8.6526	1	(12,12)	7.09592	1	17.521	0
chr5	141413800	141414000	8	5.65997	-1	(8,8)	3.08225	-1	17.4846	0
chr1	213988400	213988600	11	8.39583	1	(11,11)	6.68723	1	17.4739	0
chr1	67832600	67832800	11	7.20466	1	(11,11)	5.07864	1	17.4735	0
chr11	120337000	120337200	11	9.51254	1	(11,11)	8.53907	1	17.4681	0
chr14	21069000	21069200	11	8.29268	1	(11,11)	6.68657	1	17.4572	0
chr10	68561200	68561400	11	8.08819	1	(11,11)	7.51262	1	17.4399	0
chr14	88554200	88554400	11	7.85825	1	(1,1)	6.17546	-1	17.4362	0
chr4	185128800	185129000	11	8.30035	1	(11,11)	9.16274	1	17.4361	0
chr1	225652200	225652400	11	8.40172	1	(11,11)	6.68723	1	17.4342	0
chr12	53995600	53995800	11	8.56139	1	(11,11)	9.9657	1	17.4329	0
chr14	60722200	60722400	11	8.72736	1	(11,11)	9.27202	1	17.4258	0
chr2	199456400	199456600	12	8.21364	1	(12,12)	7.94766	1	17.4227	0
chr19	13012800	13013000	11	9.91954	1	(11,11)	9.54788	1	17.4124	0
chr14	88554600	88554800	1	7.24303	-1	(1,1)	7.10013	-1	17.4122	0
chr19	49149800	49150000	11	8.94032	1	(11,11)	7.58242	1	17.3918	0
chr22	24953000	24953200	11	7.91278	1	(11,11)	7.48771	1	17.3699	0
chr19	47418800	47419000	10	6.30774	-1	(10,10)	4.25587	-1	17.3335	0
chr7	28409200	28409400	11	8.77304	1	(11,11)	7.57862	1	17.3283	0
chr11	125495000	125495200	11	8.3205	1	(11,11)	8.38157	1	17.3272	0
chr1	67832000	67832200	11	6.57713	1	(11,11)	4.3632	1	17.3057	0
chr5	149141800	149142000	11	8.74414	1	(11,11)	7.57862	1	17.295	0
chr1	148843800	148844000	11	6.67842	1	(11,11)	9.03092	1	17.2894	0
chr5	115169200	115169400	11	9.5191	1	(11,11)	9.50873	1	17.2841	0
chr15	44714200	44714400	3	10.5324	1	(3,3)	11.3829	1	17.2653	0
chr7	116526600	116526800	12	6.22746	1	(11,12)	4.19866	1	17.2627	0
chr6	89083400	89083600	3	8.62535	1	(3,3)	10.4134	1	17.2593	0
chr2	156320400	156320600	12	6.22218	1	(12,12)	4.06438	1	17.2522	0
chr8	66962800	66963000	11	6.84447	1	(11,11)	8.89958	1	17.2506	0
chr14	88551400	88551600	11	7.84066	1	(11,11)	5.85286	1	17.2403	0
chr5	132488400	132488600	3	9.65122	1	(3,3)	11.0446	1	17.223	0
chr15	67835200	67835400	11	8.1216	1	(11,11)	10.3012	1	17.1917	0
chr22	37561000	37561200	11	6.58379	1	(11,11)	5.02961	1	17.1842	0
chr14	77025600	77025800	3	4.97541	-1	(3,3)	4.46775	-1	17.1655	0
chr16	31217200	31217400	12	10.2621	1	(12,12)	10.9916	1	17.1566	0
chr6	107489000	107489200	11	8.53214	1	(11,11)	10.0429	1	17.1456	0
chr3	45226600	45226800	11	6.16258	1	(11,11)	5.56712	1	17.1366	0
chr2	215436400	215436600	11	8.35094	1	(11,11)	7.56314	1	17.1366	0
chr4	112523400	112523600	11	7.00765	1	(11,11)	7.1874	1	17.1361	0
chr12	57475200	57475400	6	7.36508	1	(6,6)	6.28312	1	17.1321	0
chr1	8025400	8025600	11	8.34991	1	(11,11)	6.68723	1	17.1291	0
chr5	93579400	93579600	12	7.85313	1	(12,12)	6.25119	1	17.1239	0
chr11	69641200	69641400	11	7.13435	1	(11,11)	6.56333	1	17.1197	0
chr5	141408200	141408400	13	4.74633	1	(10,13)	4.18499	1	17.1138	0
chr6	125748800	125749000	11	7.66811	1	(11,11)	9.50062	1	17.106	0
chr13	113759600	113759800	11	7.8552	1	(11,11)	9.60433	1	17.0993	0
chr1	67832400	67832600	1	6.08781	-1	(11,12)	4.99569	1	17.0921	0
chr19	16327600	16327800	3	6.93957	1	(3,3)	6.8419	1	17.0569	0
chr13	50130400	50130600	11	7.73457	1	(11,11)	8.08203	1	17.0472	0
chr6	135183600	135183800	2	6.18449	1	(2,2)	6.4388	1	17.0427	0
chr6	27097000	27097200	11	8.39224	1	(11,11)	7.55017	1	17.0114	0
chr17	61403200	61403400	12	4.2569	1	(11,12)	5.27126	1	17.0085	0
chr2	215435600	215435800	11	7.66901	1	(11,11)	7.45852	1	17.006	0
chr2	19351000	19351200	12	8.35469	1	(12,12)	9.57648	1	17.0009	0
chr5	141360200	141360400	10	6.73843	1	(10,10)	4.19825	1	16.9987	0
chr2	46299200	46299400	11	7.42245	1	(11,11)	7.3441	1	16.9938	0
chr5	141419600	141419800	8	7.04684	-1	(13,13)	7.30879	1	16.9837	0
chr19	46077200	46077400	12	6.83651	1	(12,12)	6.17972	1	16.9805	0
chr11	12673800	12674000	11	8.39764	1	(11,11)	6.68723	1	16.9639	0
chr5	113487800	113488000	11	8.13959	1	(11,11)	8.34346	1	16.9629	0
chr2	207767600	207767800	12	6.06411	1	(12,12)	4.06438	1	16.9577	0
chr9	129550400	129550600	11	6.51101	1	(11,11)	5.02961	1	16.9561	0
chr4	51200	51400	2	3.55271	1	(2,8)	5.00655	1	16.9557	0
chr1	247110800	247111000	11	9.17155	1	(11,11)	8.50681	1	16.9557	0
chr1	43531800	43532000	11	6.22143	1	(11,11)	3.70776	1	16.9548	0
chr19	55087400	55087600	11	6.50544	1	(11,11)	5.00884	1	16.9543	0
chr6	128520400	128520600	10	5.64536	1	(1,1)	6.94647	-1	16.9491	0
