chr2	132254227	132279227	14
chr7	27164381	27189381	15
chr7	27094981	27119981	3
chr22	36321555	36346555	8
chr17	48574238	48599238	3
chr2	132249027	132274027	14
chr3	134350958	134375958	8
chr12	53981816	54006816	15
chr12	54009016	54034016	15
chr19	1251601	1276601	8
chr2	172082072	172107072	15
chr4	10090976	10115976	3
chr15	96333771	96358771	15
chr17	61392639	61417639	15
chr22	46067920	46092920	8
chr22	46069320	46094320	3
chr15	96337171	96362171	15
chr19	13009586	13034586	15
chr19	1249201	1274201	8
chr4	110613244	110638244	14
chr10	41837608	41862608	14
chr16	34147533	34172533	14
chr12	114664795	114689795	14
chr13	99967346	99992346	15
chr16	86491794	86516794	15
chr6	10402167	10427167	4
chr8	143929232	143954232	8
chr4	173515049	173540049	15
chr2	132265227	132290227	14
chr14	60635282	60660282	15
chr22	46055320	46080320	8
chr17	48601838	48626838	15
chr11	31796852	31822053	14
chr22	36350755	36375755	8
chr19	38689960	38714960	8
chr16	73046701	73071701	14
chr2	176116272	176141272	14
chr6	1603365	1628365	14
chr1	207803455	207828455	8
chr19	38647160	38672160	8
chr5	93578094	93603094	15
chr4	40199	66708	14
chr18	48922830	48947830	1
chr6	1372165	1397165	15
chr11	114058078	114083078	8
chr17	79790201	79815201	15
chr11	826200	851200	4
chr10	8039837	8064837	14
chr17	2048106	2073106	4
chr16	86563194	86588194	14
chr12	4268434	4293434	3
chr12	4269034	4294034	3
chr1	33326199	33351199	8
chr3	147389013	147414013	14
chr11	118906291	118931291	7
chr22	36333155	36358155	8
chr8	143925632	143950632	8
chr19	38678160	38703160	8
chr11	65484929	65509929	8
chr10	117530889	117555889	15
chr2	222288281	222313281	14
chr10	99519043	99544043	14
chr3	50236768	50261768	3
chr3	181703612	181728612	15
chr5	151662639	151687639	8
chr18	22162039	22187039	1
chr2	104842342	104867342	15
chr11	65417529	65442529	8
chr11	65420129	65445129	8
chr5	88670382	88695583	15
chr7	97002888	97027888	15
chr6	100445524	100470524	15
chr1	118978377	119003377	15
chr11	65486129	65511129	8
chr2	118833624	118858624	15
chr20	31698397	31723397	3
chr16	75233702	75258702	3
chr6	98823724	98848724	15
chr10	129949536	129974536	14
chr8	11690091	11715091	15
chr4	4851073	4876073	14
chr7	156998906	157023906	14
chr5	2735886	2760886	1
chr4	13524576	13549576	15
chr2	44931261	44956261	15
chr12	57219217	57244217	4
chr11	114156078	114181078	3
chr7	27189581	27214581	14
chr11	62536328	62561328	8
chr3	128475157	128500157	15
chr17	61386039	61411039	15
chr11	62535928	62560928	8
chr17	2042506	2067506	4
chr9	123996721	124021721	14
chr11	64852728	64877728	8
chr9	63811466	63836466	14
chr11	64852528	64877528	8
chr5	51375566	51400566	15
chr10	101213443	101238443	14
chr18	22166039	22191039	1
