chr1	176068800	176069200	20
chr19	52470800	52471000	20
chr19	52620000	52620200	20
chr19	52624200	52624600	20
chr19	52621000	52623000	20
chr19	44995000	44996600	20
chr19	58757000	58763600	20
chr19	58754600	58756200	20
chr19	58753200	58753600	20
chr19	58724800	58725600	20
chr19	58722000	58722600	20
chr19	58716600	58717200	20
chr19	58712400	58713200	20
chr19	58649400	58652600	20
chr19	58647600	58648400	20
chr19	58653400	58654600	20
chr19	58704400	58706600	20
chr19	58700200	58701800	20
chr19	58764200	58764600	20
chr19	20728400	20732800	20
chr19	17628200	17628800	20
chr19	17168800	17169400	20
chr19	44997400	44998200	20
chr19	50547000	50550200	20
chr19	52090200	52091400	20
chr19	52626600	52629600	20
chr17	16456200	16456400	20
chr17	80901800	80902600	20
chr17	35622600	35623200	20
chr17	21212000	21212400	20
chr17	20210600	20211000	20
chr17	16457600	16459000	20
chr18	45384000	45384200	20
chr18	48503400	48503800	20
chr18	77491400	77492400	20
chr19	970800	971200	20
chr19	12574800	12575200	20
chr19	53453400	53455600	20
chr19	53384000	53384800	20
chr19	53342600	53343200	20
chr19	53313400	53313800	20
chr19	52960800	52961200	20
chr19	52662000	52663200	20
chr19	52659800	52660200	20
chr19	58641400	58646200	20
chr19	58045200	58045400	20
chr19	57888400	57889600	20
chr19	57116000	57116400	20
chr19	53385800	53386200	20
chr16	68586000	68589400	20
chr19	12460600	12462400	20
chr19	20735200	20736400	20
chr19	23553200	23554200	20
chr19	23529600	23530800	20
chr19	23527600	23528200	20
chr19	23518200	23519400	20
chr19	21999000	21999600	20
chr19	21996600	21996800	20
chr19	21995400	21996000	20
chr19	21993400	21994200	20
chr19	21993000	21993200	20
chr19	21719600	21719800	20
chr19	21718600	21718800	20
chr19	23551800	23552200	20
chr19	23550000	23551200	20
chr19	23549200	23549400	20
chr19	23546800	23547200	20
chr19	23531800	23533800	20
chr20	1431800	1432600	20
chr20	25495200	25495800	20
chr21	19180400	19181400	20
chr22	35829200	35830200	20
chr22	44533000	44533800	20
chr19	44988000	44989800	20
chr19	44990800	44992000	20
chr19	44984600	44986200	20
chr19	23555200	23555800	20
chr19	20733400	20734200	20
chr19	12386600	12387200	20
chr19	8926000	8927200	20
chr19	8924800	8925400	20
chr19	8922600	8923200	20
chr19	8917600	8918800	20
chr19	6454000	6454600	20
chr19	2832400	2833200	20
chr19	8930600	8931000	20
chr19	12384600	12385000	20
chr19	21701600	21703000	20
chr19	12300600	12301200	20
chr19	12296000	12296800	20
chr19	12014200	12014600	20
chr19	21704600	21705000	20
chr19	21717200	21717400	20
chr19	44933600	44934600	20
chr19	44838600	44839800	20
chr19	44935200	44935400	20
chr19	44791400	44791600	20
chr19	44341200	44342800	20
chr19	44339400	44340000	20
chr19	12297200	12299600	20
