chr20	30282800	30307800	8
chr16	87876400	87901400	2
chr1	43397400	43422400	2
chr22	46462600	46487600	8
chr22	46466000	46491000	8
chr7	130579400	130604400	7
chr10	42375800	42400800	12
chr2	133012000	133037000	15
chr22	46467600	46492600	8
chr1	8916800	8941800	8
chr19	1252000	1277000	2
chr19	1251400	1276400	2
chr21	10773000	10798000	12
chr21	10798200	10823200	12
chr4	49634800	49659800	14
chr20	29807200	29832200	12
chr10	38793000	38818000	12
chr15	93441600	93466600	8
chr10	42793000	42818000	12
chr16	46385800	46410800	14
chr16	29814000	29839000	10
chr15	60662600	60687600	8
chr10	39096600	39121600	12
chr10	39122400	39147400	12
chr2	89854400	89879400	12
chr17	57902200	57927200	10
chr16	33934600	33959600	15
chr21	10823400	10848400	12
chr2	178102800	178127800	2
chr16	29812000	29837000	10
chr11	118776800	118801800	8
chr11	62319200	62344200	8
chr4	49098200	49123200	12
chr22	36746800	36771800	10
chr17	77762800	77787800	2
chr19	1255000	1280000	8
chr12	122226800	122251800	8
chr19	44980400	45005400	8
chr18	46454600	46479600	8
chr11	65183400	65208400	3
chr15	25294800	25319800	12
chr16	29810000	29835000	10
chr11	65185200	65210200	3
chr11	65187600	65212600	3
chr11	62306800	62331800	8
chr20	47881200	47906200	8
chr12	122228000	122253000	8
chr19	58753800	58778800	12
chr16	9184000	9209000	2
chr8	146052600	146077600	4
chr12	133612800	133637800	2
chr19	39137800	39162800	2
chr19	58700600	58725600	12
chr11	65251600	65276600	8
chr19	39168600	39193600	1
chr1	156075800	156100800	8
chr16	46431200	46456200	12
chr12	13045800	13070800	15
chr1	156074200	156099200	8
chr19	37032200	37057200	12
chr3	149084400	149109400	8
chr17	37023200	37048200	8
chr10	43881200	43906200	8
chr17	7463600	7488600	8
chr3	53265800	53290800	10
chr12	54371000	54396000	8
chr10	43881000	43906000	8
chr3	149085600	149110600	8
chr7	130593800	130618800	8
chr17	7474000	7499000	8
chr21	40175000	40200000	8
chr12	6431600	6456600	3
chr7	61778400	61803400	12
chr20	17930400	17955400	8
chr20	17931200	17956200	8
chr7	6722600	6747600	2
chr20	17931600	17956600	8
chr3	134072400	134097400	3
chr12	104679600	104704600	9
chr1	16459800	16484800	8
chr4	41000	66000	12
chr1	156084400	156109400	8
chr8	145006800	145031800	8
chr12	133757800	133782800	4
chr6	27775400	27800400	10
chr3	149087000	149112000	8
chr12	6430200	6455200	3
chr6	27775200	27800200	10
chr11	820600	845600	8
chr10	80898600	80923600	8
chr12	122232000	122257000	8
chr1	8924600	8949600	8
chr15	67395600	67420600	8
chr10	74073400	74098400	10
chr5	180664800	180689800	8
chr20	45940600	45965600	10
chr20	30134200	30159200	1
chr15	93451400	93476400	10
chr11	818000	843000	8
chr2	28612000	28637000	10
