chr2	133025000	133035000	14
chr3	134081600	134091600	8
chr22	36723200	36733200	8
chr20	47895600	47905600	8
chr17	59473600	59483600	15
chr17	59477600	59487600	14
chr16	33949800	33959800	14
chr7	27204000	27214000	14
chr19	45252200	45262200	8
chr7	27178600	27188600	1
chr7	23504800	23514800	14
chr7	27146000	27156000	14
chr19	1251400	1261400	8
chr7	23504000	23514000	1
chr18	46464600	46474600	3
chr18	18510800	18520800	14
chr17	46124200	46134200	8
chr1	150540000	150550000	8
chr17	1956600	1966600	16
chr2	133029200	133039200	14
chr19	45250800	45260800	8
chr17	46666400	46676400	15
chr20	30299800	30309800	8
chr1	221049800	221059800	5
chr19	1265400	1275400	8
chr2	172958800	172968800	15
chr10	8091400	8101400	14
chr19	41303800	41313800	8
chr17	46618400	46628400	3
chr8	99951600	99961600	15
chr4	174442600	174452600	15
chr7	2558800	2568800	3
chr10	8092400	8102400	14
chr15	96877400	96887400	8
chr19	1250200	1260200	8
chr11	65266200	65276200	8
chr17	1958000	1968000	16
chr3	128201400	128211400	15
chr17	46647000	46657000	14
chr19	13204400	13214400	14
chr11	825400	835400	15
chr9	68412400	68422400	14
chr6	10410000	10420000	15
chr15	63333600	63343600	8
chr1	150539200	150549200	8
chr1	221051000	221061000	5
chr12	115109400	115119400	8
chr12	57628000	57638000	16
chr19	54705200	54715200	8
chr11	113928800	113938800	8
chr18	19744600	19754600	16
chr11	113929000	113939000	8
chr11	113928600	113938600	8
chr22	46468000	46478000	8
chr20	45976600	45986600	3
chr12	4380800	4390800	8
chr2	133014600	133024600	14
chr6	1387200	1397200	15
chr2	66664200	66674200	15
chr19	41102600	41112600	14
chr10	3817000	3827000	8
chr7	27219000	27229000	15
chr4	49200	59200	14
chr2	145265000	145275000	3
chr12	4379200	4389200	8
chr9	140190600	140200600	3
chr9	140190800	140200800	3
chr17	79475800	79485800	8
chr17	37033200	37043200	8
chr2	172957600	172967600	15
chr12	4378800	4388800	8
chr8	145007800	145017800	8
chr11	69450800	69460800	8
chr19	13119800	13129800	3
chr15	76627400	76637400	14
chr11	118784800	118794800	3
chr1	37937000	37947000	8
chr19	13127600	13137600	3
chr5	92914200	92924200	15
chr17	47072800	47082800	15
chr4	55091200	55101200	14
chr15	96864000	96874000	3
chr6	1605400	1615400	14
chr8	99954000	99964000	15
chr2	63274200	63284200	15
chr2	172957400	172967400	15
chr16	54963000	54973000	15
chr8	145008600	145018600	8
chr16	29817200	29827200	8
chr22	46469000	46479000	8
chr16	86537800	86547800	15
chr6	1605800	1615800	14
chr19	27731800	27741800	14
chr17	77805400	77815400	4
chr9	124042600	124052600	9
chr17	7477200	7487200	8
chr19	2040600	2050600	8
chr15	96864200	96874200	3
chr17	38498600	38508600	8
chr7	25891000	25901000	14
