chr14	100893463	100903463	8
chr14	100833263	100843263	8
chr9	134702154	134712154	8
chr14	100876063	100886063	8
chr20	62549993	62559993	14
chr18	15410201	20940439	14
chr10	41837608	41847608	14
chr20	49275263	49285263	8
chr4	8101673	8111673	16
chr2	132264627	132274627	14
chr16	34147333	34157333	14
chr17	29612982	29622982	8
chr3	134362758	134372758	8
chr20	62556193	62566193	8
chr11	1922170	1932170	8
chr5	141413633	141423633	14
chr2	92126974	92136974	14
chr11	2130170	2140170	8
chr9	136658348	136668348	15
chr11	2130970	2140970	8
chr4	10089576	10099576	8
chr17	81508774	81518774	8
chr19	2039401	2049401	3
chr9	136657948	136667948	15
chr10	3776008	3786008	8
chr19	49064543	49074543	16
chr19	2039801	2049801	3
chr10	86678443	86688443	8
chr19	47714143	47724143	14
chr9	134715754	134725754	8
chr19	27240892	27250892	14
chr5	177086799	177096799	8
chr11	65497529	65507529	8
chr2	132271827	132281827	14
chr14	100726463	100736463	8
chr14	100726663	100736663	8
chr19	15191589	15201589	8
chr9	136657148	136667148	2
chr12	6532034	6542034	8
chr17	2058906	2068906	14
chr19	45314942	45324942	8
chr22	30965614	30975614	7
chr6	100453524	100463524	16
chr1	156488408	156498408	8
chr19	57049632	57059632	13
chr12	124378654	124388654	8
chr17	77140718	77150718	8
chr17	81509974	81519974	8
chr8	143930232	143940232	8
chr13	110303053	110313053	7
chr10	86667243	86677243	14
chr2	42050260	42060260	8
chr9	129138121	129148121	8
chr9	134765754	134775754	8
chr11	64867728	64877728	8
chr2	219416678	219426678	14
chr22	46072320	46082320	8
chr19	46407943	46417943	8
chr16	66918897	66928897	15
chr1	11786943	11796943	8
chr16	67163697	67173697	9
chr8	143422230	143432230	16
chr6	100454724	100464724	16
chr6	41638862	41648862	3
chr19	13007386	13017386	3
chr9	35681603	35691603	8
chr9	134641954	134651954	8
chr20	64047847	64057847	16
chr9	134698154	134708154	8
chr12	54021816	54031816	14
chr2	217815277	217825277	8
chr17	999160	1009160	8
chr17	7573682	7583682	8
chr12	54024016	54034016	14
chr11	114057678	114067678	16
chr11	114293478	114303478	13
chr11	114056678	114066678	8
chr2	219441278	219451278	14
chr1	228209899	228219899	16
chr11	825600	835600	8
chr17	48047038	48057038	8
chr9	134640954	134650954	8
chr1	27592689	27602689	8
chr1	37471199	37481199	7
chr14	105192863	105202863	15
chr17	40342348	40352348	8
chr17	83078524	83088524	14
chr8	26039084	26049084	14
chr15	84818969	84828969	8
chr17	61396039	61406039	14
chr14	100821063	100831063	8
chr19	38705960	38715960	8
chr12	53046016	53056016	8
chr12	55717816	55727816	7
chr9	134730154	134740154	7
chr12	4269034	4279034	8
chr7	128832546	128842546	8
chr2	127061224	127071224	8
chr5	142316835	142326835	14
chr7	128832146	128842146	8
