chr2	132254227	132279227	12
chr16	34139733	34164733	12
chr2	132262827	132287827	12
chr7	27167581	27192581	3
chr5	149406637	149431637	3
chr16	34129333	34154333	12
chr9	93943918	93968918	3
chr22	31082814	31107814	3
chr22	36319955	36344955	3
chr19	58182033	58207234	8
chr15	25049253	25074253	8
chr21	10700456	10725456	8
chr7	27139381	27164381	3
chr4	10091976	10116976	3
chr19	57979832	58004832	3
chr19	58241834	58266834	8
chr9	93947318	93972318	3
chr16	86493594	86518594	3
chr4	173515649	173540649	3
chr19	57531032	57556032	8
chr15	25074453	25099453	8
chr19	44472383	44499948	8
chr15	63043401	63068401	3
chr4	49632983	51794034	8
chr12	133081614	133106614	8
chr1	207804055	207829055	3
chr1	201481672	201506672	3
chr5	141350033	141375033	8
chr12	133038214	133063214	2
chr10	41839408	41864408	8
chr2	89815990	89840990	8
chr19	36809898	36834898	8
chr5	141407833	141432833	8
chr2	217839877	217864877	3
chr17	48594238	48619238	6
chr19	9328324	9353324	8
chr19	36536898	36561898	8
chr19	37562098	37587299	8
chr2	172083472	172108472	12
chr3	123675353	123700353	3
chr19	57683232	57708232	3
chr16	15829943	15854943	3
chr19	58118633	58143633	8
chr11	31797052	31822253	12
chr12	133132614	133157614	8
chr10	101212643	101237643	11
chr19	56404631	56429631	1
chr4	430611	455611	8
chr21	10378856	10403856	8
chr1	201479072	201504072	3
chr19	43834848	43859848	8
chr4	49096183	49121183	8
chr19	52302747	52327747	8
chr3	75728849	75753849	8
chr19	36873098	36898098	8
chr17	48585038	48610038	6
chr9	123996521	124021521	12
chr17	79790001	79815001	11
chr19	36709498	36734498	8
chr19	37420298	37445298	8
chr7	6680369	6705369	2
chr19	58167633	58192633	8
chr11	65418529	65443529	3
chr2	176084872	176109872	12
chr10	41864608	42105952	8
chr15	99108195	99133195	1
chr19	36624298	36649298	8
chr10	8032237	8057237	12
chr15	99107995	99132995	3
chr10	99519243	99544243	2
chr19	56536231	56561231	2
chr10	38509072	38580069	8
chr11	65416329	65441329	3
chr10	42295352	42320352	8
chr16	15815943	15840943	3
chr4	173503049	173528049	3
chr10	38820669	38845669	8
chr3	134350958	134375958	3
chr12	4271634	4296634	3
chr17	2047706	2072706	3
chr16	68550497	68575497	8
chr20	31220397	31245397	8
chr19	51961147	51986147	8
chr5	51375566	51400566	3
chr21	10651656	10676656	8
chr12	132992614	133017614	8
chr10	100725043	100750043	11
chr10	38783469	38808469	8
chr2	118832624	118857624	11
chr19	43902648	43927648	8
chr22	46073120	46098120	3
chr19	44423228	44449212	2
chr19	9370324	9395324	8
chr12	57608617	57633617	3
chr16	3373800	3398800	8
chr7	156998706	157023706	10
chr19	43952248	43977248	1
chr10	117530889	117555889	12
chr19	37092098	37117098	8
chr2	176116472	176141472	2
