chr19	12984600	12984800	23	6.85568	1	(20,23)	4.74454	1	18.0692
chr19	7620600	7620800	13	6.27385	1	(11,13)	3.71167	1	17.6719
chr4	79173400	79173600	20	6.62318	1	(14,20)	4.88011	1	17.6609
chr3	141860000	141860200	20	4.3124	1	(4,20)	2.61181	1	17.4841
chr4	89198400	89198600	20	6.04306	1	(18,20)	2.29197	1	17.3938
chr9	77999000	77999200	20	4.40465	1	(2,20)	1.66827	1	17.2507
chr19	12984400	12984600	11	4.62564	1	(11,23)	3.12494	1	17.2401
chr19	2042200	2042400	18	6.29463	1	(9,18)	4.36475	1	17.2177
chr1	26745600	26745800	1	4.34804	1	(1,9)	3.05205	1	17.1993
chr6	170055200	170055400	13	6.05753	1	(13,20)	4.81411	1	17.1574
chrX	153609600	153609800	18	6.21982	1	(18,22)	3.90004	1	17.0516
chr7	70939600	70939800	18	8.32915	1	(18,20)	9.02528	1	17.0151
chr3	172393800	172394000	19	4.51238	1	(9,19)	1.66827	1	16.9566
chr17	70472800	70473000	18	5.80769	1	(14,18)	2.8217	1	16.9267
chr7	130645400	130645600	10	4.1281	1	(10,18)	2.58625	1	16.9092
chr1	147994000	147994200	18	8.49023	1	(1,18)	9.30615	1	16.9062
chr19	1855400	1855600	10	8.30847	1	(10,22)	9.26948	1	16.8908
chr19	7619600	7619800	22	5.93214	1	(11,22)	4.08726	1	16.8827
chr9	94860600	94860800	18	8.31333	1	(9,18)	5.55229	1	16.857
chr12	32401600	32401800	20	4.83255	1	(17,20)	3.10469	1	16.7714
chrX	113290600	113290800	13	3.92456	1	(9,13)	2.09753	1	16.7621
chr3	65342600	65342800	20	5.9909	1	(20,22)	3.79544	1	16.7556
chr10	21451400	21451600	11	6.32431	1	(11,20)	5.99039	1	16.7343
chr6	170054600	170054800	2	3.77739	1	(2,22)	1.84962	1	16.7337
chr18	77906200	77906400	11	8.21455	1	(11,22)	8.58646	1	16.7303
chr2	67563400	67563600	11	5.84271	1	(11,22)	4.20703	1	16.6628
chr20	46621200	46621400	21	5.87064	1	(14,21)	2.55598	1	16.6489
chr13	49594600	49594800	20	7.78361	1	(15,20)	6.28819	1	16.635
chr12	120633400	120633600	11	4.27881	1	(11,22)	2.89238	1	16.6245
chr7	114866400	114866600	18	9.83387	1	(18,23)	8.05142	1	16.5829
chr19	47352400	47352600	10	6.02232	1	(10,22)	4.55167	1	16.541
chrX	103031800	103032000	11	5.83919	1	(11,20)	4.06636	1	16.5228
chrX	70339800	70340000	20	5.88626	1	(11,20)	3.9917	1	16.5122
chr22	18189800	18190000	22	4.07937	1	(8,22)	2.24784	1	16.51
chr3	87776200	87776400	13	5.95622	1	(13,20)	4.74332	1	16.4943
chr11	28162200	28162400	20	4.26066	1	(15,20)	2.999	1	16.485
chr2	133034600	133034800	23	5.63208	1	(20,23)	4.53236	1	16.4498
chr12	81171800	81172000	11	8.0012	1	(11,22)	8.37941	1	16.4057
chr11	28161400	28161600	11	5.84714	1	(11,20)	3.88045	1	16.3928
chr5	150161400	150161600	9	4.88947	1	(9,16)	3.07253	1	16.3813
chr17	73341000	73341200	18	3.94393	1	(4,18)	1.4216	1	16.3786
chr19	24258800	24259000	20	6.37122	1	(14,20)	2.3208	1	16.3704
chr19	7615600	7615800	11	4.69719	1	(2,11)	3.33654	1	16.3696
chr17	36621400	36621600	9	5.87259	1	(9,10)	3.05583	1	16.3667
chr12	6649200	6649400	14	6.32177	1	(11,14)	6.28929	1	16.3601
chr11	133789600	133789800	11	6.0374	1	(4,11)	3.95646	1	16.3499
chr6	170054800	170055000	22	5.30535	1	(1,22)	2.611	1	16.3346
chr16	51169200	51169400	22	5.67071	1	(11,22)	4.39744	1	16.3344
chr10	70361000	70361200	11	4.08813	1	(3,11)	1.61167	1	16.3325
chr10	29726800	29727000	15	5.66846	1	(15,20)	2.24476	1	16.3308
chr19	24258400	24258600	18	9.59386	1	(18,20)	7.68782	1	16.3271
chr4	88785600	88785800	14	4.09217	1	(14,21)	2.56745	1	16.3151
chr5	171407200	171407400	10	7.23378	1	(10,18)	4.91878	1	16.3143
chr12	54745000	54745200	11	7.98302	1	(11,23)	9.22176	1	16.2897
chr11	28162000	28162200	15	5.69165	1	(15,20)	4.53924	1	16.2771
chr7	11122800	11123000	18	5.74177	1	(15,18)	2.77544	1	16.2693
chr13	54839400	54839600	4	4.03024	1	(4,11)	2.48083	1	16.2693
chr19	50192400	50192600	11	5.71908	1	(11,14)	2.0794	1	16.2679
chr19	17444000	17444200	11	7.79639	1	(11,22)	5.51351	1	16.2569
chr17	76732200	76732400	22	3.9537	1	(5,22)	2.27507	1	16.2487
chr17	17614200	17614400	10	5.83994	1	(10,22)	4.59849	1	16.2325
chr19	3404400	3404600	18	6.07369	1	(10,18)	4.13668	1	16.2229
chr14	91790600	91790800	11	4.40125	1	(11,19)	2.72646	1	16.2094
chr20	46205600	46205800	10	6.02343	1	(10,16)	4.06324	1	16.2076
chr7	150821600	150821800	11	5.95549	1	(11,24)	4.3761	1	16.201
chr11	94386400	94386600	9	4.22071	1	(9,11)	2.67497	1	16.2001
chr5	178673400	178673600	18	4.1118	1	(18,21)	2.60133	1	16.1874
chr1	17945600	17945800	22	4.50574	1	(7,22)	2.79396	1	16.1872
chr3	63946200	63946400	14	4.20268	1	(4,14)	2.72722	1	16.1867
chr10	104159800	104160000	11	8.04021	1	(11,23)	9.13335	1	16.1829
chr10	58982600	58982800	1	4.46589	1	(1,14)	2.89316	1	16.1603
chr11	28162400	28162600	11	6.04032	1	(11,20)	5.88807	1	16.1538
chr13	84516000	84516200	18	7.34057	1	(18,20)	3.10469	1	16.1489
chr8	77613000	77613200	22	3.9326	1	(18,22)	2.46525	1	16.1368
chr19	48395200	48395400	21	4.20198	1	(14,21)	2.87049	1	16.1311
chr3	196000400	196000600	10	5.79173	1	(10,20)	4.69841	1	16.1186
chrX	51597800	51598000	12	4.12346	1	(12,21)	3.11076	1	16.104
chr18	23812200	23812400	10	5.41935	1	(10,20)	4.08212	1	16.0962
chr3	189868400	189868600	22	7.46461	1	(9,22)	5.23813	1	16.0846
chr9	127618600	127618800	18	6.1459	1	(5,18)	5.99425	1	16.082
chrX	138424600	138424800	18	7.89941	1	(1,18)	8.68363	1	16.0775
chrX	113291200	113291400	8	4.02252	1	(4,8)	2.54568	1	16.0703
chrX	130838800	130839000	22	6.0237	1	(7,22)	6.40164	1	16.0696
chr12	7343600	7343800	11	5.95025	1	(11,16)	4.3073	1	16.0695
chr3	42107600	42107800	18	6.02851	1	(10,18)	4.08224	1	16.0583
chr3	162441600	162441800	22	5.72837	1	(18,22)	3.86704	1	16.0561
chr1	113244200	113244400	11	4.37437	1	(11,23)	3.08777	1	16.0559
chr7	30361000	30361200	3	4.04667	1	(3,9)	2.0159	1	16.0489
chr13	54839200	54839400	11	5.63468	1	(11,17)	3.05727	1	16.016
chr19	17178400	17178600	11	7.56671	1	(11,18)	4.9367	1	16.0055
chr6	113908600	113908800	1	7.52423	1	(1,15)	3.08736	1	16.0049
chr7	73959400	73959600	18	3.81058	1	(7,18)	1.40335	1	15.9953
chr14	57268200	57268400	11	5.92008	1	(4,11)	3.62371	1	15.9894
chr9	131145400	131145600	14	5.94493	1	(14,22)	5.8509	1	15.9873
chr17	37333800	37334000	18	7.80796	1	(11,18)	7.70558	1	15.9866
chr11	36115000	36115200	20	7.06068	1	(11,20)	5.28594	1	15.9813
chr15	85146800	85147000	14	5.58962	1	(1,14)	2.14556	1	15.9797
chr4	5594400	5594600	20	4.38029	1	(15,20)	3.08736	1	15.9693
chr4	169770400	169770600	16	4.31301	1	(3,16)	2.73553	1	15.9628
chr11	70959400	70959600	9	7.53344	1	(9,14)	4.75321	1	15.9513
