chr15	25291600	25341600	20
chr19	58740600	58790600	4
chr12	133655600	133705600	22
chr4	418400	468400	20
chr19	58676400	58726400	4
chr19	37004200	37054200	20
chr19	37201400	37251400	20
chr19	58475000	58525000	4
chr19	23518200	23568200	20
chr19	58041000	58091000	4
chr19	57048200	57098200	4
chr19	37109200	37159200	22
chr19	52463000	52513000	4
chr22	36719800	36769800	9
chr12	133609000	133659000	4
chr19	57037200	57087200	4
chr19	39137800	39187800	22
chr19	37349800	37399800	20
chr22	36715600	36765600	9
chr19	39139200	39189200	9
chr19	37903400	37953400	20
chr19	58669000	58719000	4
chr19	58606400	58656400	4
chr19	52358800	52408800	4
chr19	37614800	37664800	22
chr19	37285600	37335600	22
chr4	331200	381200	4
chr4	399800	449800	20
chr19	52590200	52640200	4
chr19	52868200	52918200	4
chr19	38022400	38072400	22
chr19	52354600	52404600	20
chr22	36702400	36752400	9
chr21	10773800	10823800	21
chr5	179670800	179720800	22
chr17	46641000	46691000	1
chr4	46800	96800	4
chr4	337800	387800	20
chr19	9447600	9497600	22
chr19	52786800	52836800	1
chr15	96863800	96913800	1
chr7	27183200	27233200	23
chr19	56914200	56964200	4
chr8	144985400	145035400	1
chr12	133720400	133770400	4
chr17	46629800	46679800	1
chr19	37219800	37269800	4
chr12	133484000	133534000	20
chr7	27175200	27225200	23
chr12	133757000	133807000	4
chr8	144988400	145038400	1
chr12	54374000	54424000	4
chr19	37875000	37925000	20
chr19	1236400	1286400	13
chr19	58461000	58511000	20
chr19	44955600	45005600	4
chr10	42355000	42405000	22
chr19	53706200	53756200	20
chr19	56885400	56935400	4
chr11	62295000	62345000	13
chr15	93424200	93474200	1
chr16	3414600	3464600	6
chr2	89830400	89880400	21
chr17	38462600	38512600	3
chr15	93423400	93473400	1
chr19	15356200	15406200	9
chr19	37335000	37385000	4
chr16	3327600	3377600	4
chr17	75420200	75470200	3
chr20	45940600	45990600	13
chr22	46438600	46488600	22
chr4	123800	173800	4
chr5	140762200	140812200	20
chr17	37023600	37073600	22
chr19	37608800	37658800	20
chr10	120789000	120839000	22
chr10	39104800	39154800	21
chr1	227818400	227868400	20
chr17	75403400	75453400	3
chr14	74178400	74228400	1
chr20	34282600	34332600	1
chr12	120654000	120704000	22
chr1	2158600	2208600	22
chr19	44951400	45001400	20
chr19	15367800	15417800	9
chr9	134268400	134318400	22
chr19	9486600	9536600	22
chr17	7117200	7167200	22
chr17	20898000	20948000	22
chr4	10070600	10120600	1
chr15	72489000	72539000	11
chr2	176952600	177002600	23
chr4	127000	177000	20
chr14	21688600	21738600	22
chr19	56145600	56195600	1
chr19	44339000	44389000	20
chr19	58257400	58307400	4
chr17	7117800	7167800	22
chr20	61529600	61579600	1
chr17	80183200	80233200	16
