chr8	26608484	26658484	8
chr10	38483472	38579469	12
chr10	41839408	42105752	14
chr21	10683056	10733056	12
chr10	38785869	38835869	12
chr15	25045853	25095853	12
chr12	53984816	54034816	15
chr2	89787797	89844190	14
chr21	10363656	10413656	14
chr7	27163981	27213981	15
chr15	96319971	96369971	15
chr17	48584038	48634038	15
chr2	176066472	176116472	14
chr2	176130472	176180472	15
chr16	34129933	34179933	14
chr13	99948946	99998946	14
chr22	46064120	46114120	8
chr19	58165233	58215434	2
chr3	147375213	147425213	15
chr12	133076014	133126014	4
chr10	100707843	100757843	15
chr17	48708038	48758038	15
chr6	10378767	10428767	14
chr4	173494049	173544049	15
chr16	32503879	32553879	12
chr20	30397524	31245597	12
chr11	46646050	46696050	8
chr22	38716595	38766595	8
chr8	11676091	11726091	15
chr19	37412498	37462498	5
chr12	114662995	114712995	15
chr19	56407031	56457031	12
chr7	96977888	97027888	14
chr19	38685360	38735360	8
chr19	9332524	9382524	12
chr2	132238227	132288227	14
chr19	56514631	56564631	2
chr19	37111898	37161898	12
chr4	49102583	49152583	14
chr11	118606885	118658491	8
chr19	37532898	37583099	12
chr15	89359169	89409169	3
chr16	34107133	34157133	14
chr2	132234827	132284827	14
chr1	207803655	207853655	8
chr1	156461408	156511408	8
chr3	75704849	75754849	12
chr2	132240827	132290827	14
chr15	64110601	64160601	8
chr19	51855547	51905547	2
chr19	38676560	38726560	8
chr2	127056024	127106024	8
chr10	38836069	41718008	14
chr4	189550846	189600846	12
chr19	36859298	36909298	5
chr16	36043229	46422688	14
chr19	58227834	58277834	4
chr2	218954478	219004478	15
chr17	20994487	21044487	8
chr22	41495596	41545596	8
chr10	124662831	124712831	8
chr19	44447612	44501548	4
chr4	419611	469611	12
chr2	222271081	222321081	15
chr20	41136160	41186160	8
chr9	133100013	133150013	8
chr19	58096633	58146633	4
chr21	10773656	12975079	12
chr1	109234778	109284778	8
chr19	36512698	36562698	4
chr5	141382433	141432433	12
chr19	36609898	36659898	12
chr4	110606244	110656244	15
chr4	40999	94313	14
chr3	147384613	147434613	15
chr6	27248621	27298621	14
chr19	1733201	1783201	12
chr10	79392244	79442244	8
chr17	41959582	42009582	8
chr10	101114443	101164443	14
chr19	13042786	13092786	8
chr1	204957072	205007072	8
chr17	40061747	40111747	8
chr19	1237801	1287801	8
chr11	118589085	118639882	8
chr17	40063947	40113947	8
chr12	133127014	133177014	12
chr9	127933121	127983121	4
chr19	39340760	39390760	8
chr19	36707098	36757098	12
chr19	24335398	24385398	12
chr1	225833899	225884100	8
chr7	1221164	1271164	15
chr1	43932928	43982928	8
chr20	32436397	32486397	8
chr12	54035016	54085016	14
chr10	101208643	101258643	15
chr9	95055318	95105318	8
chr10	41810808	41860808	14
chr17	38418557	38469959	8
