chr15	25046453	25096453	20
chr12	133079014	133129014	4
chr19	58229634	58279634	1
chr19	36513098	36563098	20
chr19	36712898	36762898	20
chr19	37413098	37463098	20
chr19	36859498	36909498	20
chr19	36616098	36666098	4
chr4	424811	474811	22
chr19	56536831	56587032	4
chr19	57529832	57579832	1
chr19	37536898	37587099	20
chr19	57963432	58013432	4
chr19	58165433	58215634	1
chr19	51959347	52009347	4
chr19	9323324	9373324	4
chr19	56406831	56456831	20
chr19	37123898	37173898	1
chr22	46042520	46092520	4
chr19	36795298	36845298	20
chr17	48540838	48590838	3
chr22	36322955	36372955	9
chr14	68932883	68982883	4
chr2	217892077	217942077	11
chr1	21895107	21945107	22
chr16	3367200	3417200	1
chr19	52364947	52414947	1
chr19	56417831	56467831	20
chr19	23330598	23380598	20
chr17	48554038	48604038	1
chr19	51855747	51905747	4
chr19	58095033	58145033	1
chr19	38647160	38697160	22
chr7	27094981	27144981	1
chr13	110298253	110348253	18
chr10	95375043	95425043	11
chr19	43834848	43884848	20
chr5	180244000	180294000	4
chr19	12994586	13044586	22
chr12	132907414	132957414	20
chr19	43836448	43886448	20
chr8	30383084	30433084	2
chr4	403611	453611	20
chr17	77404518	77454518	9
chr13	110290653	110340653	18
chr17	40306748	40356748	9
chr8	30390084	30440084	9
chr15	96319771	96369771	4
chr12	53982616	54032616	22
chr4	336411	386411	4
chr1	19407706	19457706	9
chr22	36291154	36341355	9
chr19	53203347	53253347	20
chr2	217812277	217862277	9
chr19	58105633	58155633	20
chr14	73716097	73766097	9
chr10	79396444	79446444	1
chr2	217799077	217849077	11
chr1	227630699	227680699	20
chr8	143911432	143961432	1
chr8	143912432	143962432	1
chr19	9349924	9399924	20
chr5	178920799	178970799	1
chr19	44443816	44498148	20
chr19	38673960	38723960	9
chr9	121266122	121316122	1
chr15	92880970	92930970	1
chr11	62514128	62564128	9
chr1	19398706	19448706	9
chr12	133180414	133230414	4
chr19	51848147	51898147	20
chr10	79066243	79116243	1
chr14	68898083	68948083	9
chr15	92880370	92930370	1
chr12	133181614	133231614	4
chr1	226631299	226681299	11
chr17	57898239	57948239	3
chr19	52031947	52081947	1
chr12	124374254	124424254	13
chr11	62528728	62578728	1
chr9	95000918	95050918	22
chr19	15247989	15297989	9
chr2	237687357	237737357	1
chr9	121282722	121332722	1
chr12	124352454	124402454	9
chr1	226639699	226689699	11
chr3	123370153	123420153	13
chr2	205681476	205731476	1
chr1	27554889	27604889	1
chr17	40062147	40112147	18
chr11	114133678	114183678	13
chr1	226637099	226687099	11
chr19	44425628	44477983	20
chr19	58049232	58099433	20
chr2	239263904	239314105	3
chr1	203626672	203676672	1
chr15	92889970	92939970	3
chr15	67101262	67151262	18
chr19	3359202	3409202	1
chr10	79111443	79161443	9
