chr2	85056600	85106600	4
chr3	18439800	18489800	22
chr6	90957800	91007800	18
chr3	18442200	18492200	22
chr15	60815600	60865600	18
chr15	60811600	60861600	18
chr1	100875800	100925800	4
chr12	12616800	12666800	18
chr1	167396000	167446000	8
chr2	204568200	204618200	1
chr12	12618400	12668400	18
chr1	167402600	167452600	8
chr2	213964200	214014200	22
chr2	204568800	204618800	1
chr4	90178400	90228400	4
chr14	98629000	98679000	9
chr17	65416600	65466600	18
chr1	100882000	100932000	4
chr6	128196400	128246400	21
chr14	61955200	62005200	9
chr14	22947800	22997800	18
chr13	99989800	100039800	3
chr15	60805200	60855200	18
chr15	60802200	60852200	18
chr5	156636200	156686200	13
chr5	156951600	157001600	4
chr4	108964400	109014400	9
chr4	143270600	143320600	15
chr12	47583000	47633000	4
chr10	63795800	63845800	4
chr21	32519000	32569000	18
chr12	9806600	9856600	18
chr11	60737800	60787800	14
chr14	98646600	98696600	9
chr4	90184000	90234000	4
chr10	6595800	6645800	18
chr8	134478400	134528400	13
chr8	134484400	134534400	18
chr10	63775600	63825600	14
chr5	110558600	110608600	18
chr20	31099600	31149600	4
chr5	110563200	110613200	18
chr20	31093000	31143000	4
chr10	6067400	6117400	21
chr3	71403600	71453600	18
chr6	41911200	41961200	11
chr9	123650600	123700600	18
chr1	160575000	160625000	22
chr15	38809400	38859400	4
chr6	143116800	143166800	13
chr11	95921600	95971600	18
chr1	66792600	66842600	18
chr11	118072200	118122200	18
chr4	103470800	103520800	18
chr20	37453000	37503000	3
chr9	132615400	132665400	18
chr10	6599200	6649200	18
chr6	143110200	143160200	13
chr13	99691400	99741400	11
chr2	68979400	69029400	4
chr17	37909200	37959200	14
chr17	65445000	65495000	18
chr17	46616600	46666600	4
chr10	116234800	116284800	14
chr5	156616800	156666800	15
chr6	41900800	41950800	11
chr17	62126200	62176200	13
chr6	41972000	42022000	18
chr14	92293600	92343600	9
chr17	37929000	37979000	10
chr17	46624600	46674600	4
chr3	60019400	60069400	22
chr6	90900200	90950200	20
chr14	92295400	92345400	9
chr9	123630000	123680000	11
chr6	143132000	143182000	15
chr11	118739600	118789600	18
chr12	47575000	47625000	4
chr11	128153200	128203200	18
chr20	57718600	57768600	2
chr6	35549200	35599200	13
chr5	39137000	39187000	13
chr18	60860000	60910000	18
chr2	68966000	69016000	4
chr3	71392600	71442600	18
chr2	68988200	69038200	4
chr3	186703800	186753800	18
chr20	43641400	43691400	15
chr20	50107400	50157400	18
chr8	126920400	126970400	20
chr10	6532600	6582600	13
chr3	105461800	105511800	4
chr4	108986000	109036000	15
chr10	121026800	121076800	21
chr13	99973400	100023400	13
chr10	6606200	6656200	18
chr17	46485200	46535200	4
chr2	158259000	158309000	18
chr11	118738400	118788400	18
chr1	111725600	111775600	4
