chr4	416400	466400	21
chr12	133656800	133706800	4
chr19	23507400	23557400	22
chr11	113996800	114046800	23
chr15	25269600	25319600	8
chr11	113997600	114047600	23
chr19	37346400	37396400	20
chr19	37030800	37080800	4
chr19	37901400	37951400	20
chr19	58744400	58794400	11
chr17	46642200	46692200	23
chr19	58471800	58521800	4
chr16	31738800	31788800	20
chr19	37101600	37151600	20
chr19	37194600	37244600	20
chr4	329600	379600	22
chr19	57023200	57073200	22
chr4	49400	99400	22
chr19	37397200	37447200	4
chr19	37614800	37664800	22
chr19	58676600	58726600	4
chr19	9449400	9499400	22
chr19	37285200	37335200	4
chr5	140766800	140816800	23
chr12	54384600	54434600	23
chr1	92215400	92265400	9
chr16	31742600	31792600	20
chr5	179660200	179710200	11
chr19	52872600	52922600	22
chr1	92222600	92272600	19
chr19	56923800	56973800	20
chr19	52560800	52610800	6
chr19	38026400	38076400	22
chr2	239751800	239801800	16
chr12	133484000	133534000	4
chr2	189831000	189881000	11
chr19	52464600	52514600	6
chr4	57900800	57950800	18
chr14	95943400	95993400	9
chr19	58041000	58091000	22
chr2	216219200	216269200	18
chr4	123800	173800	22
chr13	111028400	111078400	14
chr17	46658000	46708000	5
chr6	75797200	75847200	18
chr15	48711000	48761000	11
chr19	44335400	44385400	20
chr2	238228600	238278600	11
chr14	95945400	95995400	9
chr1	92240400	92290400	19
chr19	38018600	38068600	22
chr2	56093600	56143600	4
chr6	112522600	112572600	11
chr5	135353000	135403000	4
chr6	112523400	112573400	11
chr2	56096200	56146200	4
chr15	25319800	25369800	20
chr19	56928400	56978400	20
chr5	178343000	178393000	22
chr2	238231800	238281800	18
chr19	37878600	37928600	20
chr10	33499800	33549800	17
chr1	92187400	92237400	11
chr2	36664000	36714000	20
chr19	57087000	57137000	22
chr7	27191400	27241400	22
chr3	112316800	112366800	11
chr19	58605200	58655200	4
chr11	12180400	12230400	18
chr7	27134200	27184200	16
chr7	63773600	63823600	6
chr5	150272400	150322400	22
chr10	33507200	33557200	17
chr1	227818400	227868400	20
chr11	118472200	118522200	12
chr11	12217600	12267600	11
chr4	131200	181200	22
chr19	12345800	12395800	4
chr19	53702400	53752400	20
chr19	53699800	53749800	22
chr11	114028000	114078000	23
chr11	118470800	118520800	12
chr22	46435800	46485800	22
chr16	31884400	31934400	4
chr9	97806600	97856600	11
chr4	392800	442800	20
chr7	63782000	63832000	6
chr7	134599800	134649800	11
chr19	44341400	44391400	20
chr11	121938000	121988000	18
chr1	92175600	92225600	11
chr15	49716000	49766000	8
chr2	216238400	216288400	11
chr11	113926600	113976600	4
chr6	148812000	148862000	11
chr15	68674200	68724200	18
chr15	68632600	68682600	18
chr11	122019200	122069200	18
chr15	96862600	96912600	22
chr10	81157400	81207400	22
