chr15	25050853	25075853	8
chr19	58189233	58214434	8
chr19	58242034	58267034	8
chr10	41839608	41864608	8
chr12	133039214	133064214	8
chr2	89816190	89841190	8
chr21	10704856	10729856	8
chr4	49632983	51794034	8
chr2	132254227	132279227	11
chr19	44473383	44500948	8
chr4	49096183	49121183	8
chr19	57975032	58000032	8
chr7	6682369	6707369	8
chr16	34139933	34164933	11
chr10	41864808	42106152	8
chr19	58118233	58143233	8
chr12	133083014	133108014	8
chr4	430611	455611	8
chr7	6673769	6698769	8
chr10	38834869	38859869	8
chr10	38510872	38581869	8
chr20	30417124	31240197	8
chr19	36537498	36562498	8
chr10	42297552	42322552	8
chr19	57531432	57556432	8
chr12	133183014	133208014	8
chr3	75717649	75742649	8
chr3	75718449	75743449	8
chr15	25076053	25101053	8
chr10	38783469	38808469	8
chr2	176078672	176103672	11
chr4	50106	76107	8
chr19	36706098	36731098	8
chr12	133133214	133158214	8
chr1	90706043	90731043	11
chr16	68550497	68575497	8
chr11	31798252	31823453	10
chr10	100727643	100752643	12
chr5	180247400	180272400	8
chr10	123131084	123156084	11
chr19	36809698	36834698	8
chr19	58113033	58138033	8
chr19	52304947	52329947	8
chr7	155447505	155472505	11
chr11	44302250	44327250	11
chr19	58168433	58193433	1
chr17	79790201	79815201	12
chr17	79789601	79814601	12
chr10	101213843	101238843	11
chr10	8033237	8058237	11
chr16	46380881	46405888	8
chr2	89789651	89820590	8
chr8	144826015	144851015	8
chr9	63806866	63831866	11
chr14	36502595	36527595	10
chr10	101120843	101145843	11
chr7	156999506	157024506	11
chr15	67816662	67841662	11
chr17	48610238	48635238	11
chr12	132925614	132950614	8
chr15	52782603	52807603	11
chr2	44931061	44956061	11
chr21	10378656	10403656	8
chr10	99519043	99544043	11
chr11	65483329	65508329	3
chr17	48730838	48755838	13
chr19	9559924	9584924	8
chr4	13522976	13547976	10
chr19	52015947	52040947	8
chr8	11688491	11713491	11
chr4	49140983	49165983	8
chr2	218979678	219004678	11
chr9	123996921	124021921	11
chr4	418811	443811	8
chr12	132993214	133018214	8
chr16	86492794	86517794	11
chr14	36643795	36668795	11
chr21	36688500	36713500	11
chr2	172082072	172107072	11
chr6	99594524	99619524	11
chr9	37019003	37044003	11
chr2	176104072	176129072	11
chr1	18628506	18653506	11
chr4	4851073	4876073	11
chr19	9514324	9539324	8
chr19	1250201	1275201	3
chr16	34153333	34178333	11
chr2	118835024	118860024	11
chr17	36923916	36950700	12
chr2	222288681	222313681	11
chr19	57960432	57985432	8
chr12	132991214	133016214	8
chr13	99967546	99992546	12
chr16	68554697	68579697	8
chr7	1224164	1249164	12
chr9	63805466	63830466	11
chr5	88670382	88695583	11
chr5	77623975	77648975	11
chr3	134350958	134375958	3
chr19	1744801	1769801	12
