chr2	133025000	133035000	8
chr2	133024600	133034600	8
chr4	47600	57600	10
chr2	133027400	133037400	8
chr4	46800	56800	10
chr16	33954200	33964200	11
chr2	133019200	133029200	12
chr14	22999200	23009200	3
chr5	133451600	133461600	3
chr14	23010000	23020000	3
chr5	35858800	35868800	4
chr2	145268000	145278000	12
chr2	145268200	145278200	12
chr11	128341400	128351400	3
chr2	60775000	60785000	10
chr11	128380600	128390600	3
chr20	47895400	47905400	3
chr16	33957000	33967000	13
chr2	145271400	145281400	10
chr5	133461800	133471800	3
chr2	60774200	60784200	10
chr1	226915000	226925000	3
chr14	99714400	99724400	3
chr7	5458400	5468400	10
chr7	5459000	5469000	10
chr8	126950800	126960800	3
chr12	32113800	32123800	3
chr11	31830000	31840000	10
chr8	99951800	99961800	11
chr2	171670200	171680200	11
chr5	156610400	156620400	3
chr1	150542000	150552000	3
chr1	206733200	206743200	3
chr2	172959200	172969200	10
chr11	117857200	117867200	3
chr12	32115600	32125600	3
chr19	10397200	10407200	11
chr10	22605600	22615600	11
chr6	1604800	1614800	11
chr10	124901600	124911600	10
chr3	27753600	27763600	12
chr10	8085600	8095600	1
chr2	63274200	63284200	10
chr8	99950600	99960600	11
chr5	35861400	35871400	3
chr4	13541000	13551000	10
chrX	135730400	135740400	3
chr2	197022600	197032600	3
chr2	87014800	87024800	12
chr11	128368800	128378800	3
chr11	31831400	31841400	10
chr11	128330800	128340800	3
chr17	35290400	35300400	11
chr15	81589800	81599800	3
chr6	24922400	24932400	3
chr1	198610600	198620600	3
chr2	60772600	60782600	10
chr1	169668000	169678000	3
chr15	76627400	76637400	11
chr1	117301800	117311800	3
chr18	18510800	18520800	8
chr5	133465000	133475000	3
chr6	170596600	170606600	11
chr2	158282800	158292800	8
chr11	65265000	65275000	3
chr8	126953800	126963800	3
chr7	129417000	129427000	10
chr4	109078200	109088200	3
chr8	126954000	126964000	3
chr22	31678000	31688000	3
chr15	68113000	68123000	12
chr1	197879400	197889400	11
chr19	58211000	58221000	1
chr6	5994800	6004800	11
chr22	31677600	31687600	3
chr4	109077200	109087200	3
chr12	57629000	57639000	11
chr8	145002800	145012800	3
chr11	128349000	128359000	3
chr10	77159600	77169600	10
chr1	111732400	111742400	3
chr4	4854200	4864200	10
chr7	142493000	142503000	3
chr17	59480000	59490000	10
chr2	87013400	87023400	12
chr20	21490000	21500000	11
chr1	111732800	111742800	3
chr14	100535000	100545000	3
chr1	117299400	117309400	3
chr5	169713400	169723400	3
chr4	113435600	113445600	10
chr5	169713200	169723200	3
chr4	113429600	113439600	10
chr4	113435400	113445400	10
chr10	11213600	11223600	3
chr10	22621800	22631800	10
chr19	10527000	10537000	11
chr11	117859600	117869600	3
chr6	24911400	24921400	3
chr3	128202200	128212200	11
