chr22	36327355	36337355	8
chr10	41854608	41864608	14
chr20	49277463	49287463	8
chr19	1248401	1258401	8
chr19	1250801	1260801	8
chr20	49278063	49288063	8
chr10	41839408	41849408	14
chr2	89827790	89837790	12
chr18	15410201	20940439	14
chr10	41874808	41884808	14
chr2	132267427	132277427	14
chr10	3776008	3786008	8
chr10	3775808	3785808	8
chr11	65496729	65506729	8
chr16	34147333	34157333	14
chr21	10728456	10738456	12
chr19	1266601	1276601	8
chr21	10706856	10716856	12
chr21	10383656	10393656	12
chr2	231705490	231715490	8
chr2	43218061	43228061	3
chr19	1254201	1264201	8
chr19	58253634	58263634	12
chr11	118911291	118921291	3
chr15	25054253	25064253	12
chr19	54200133	54210332	8
chr19	40797895	40807895	8
chr11	118916291	118926291	9
chr4	49146583	49156583	12
chr20	47351656	47361656	9
chr19	58190633	58200633	12
chr15	25066253	25076253	12
chr4	49647983	51794034	14
chr17	4938905	4948905	8
chr14	68786883	68796883	8
chr17	4938505	4948505	8
chr21	10393856	10403856	12
chr9	63816666	63826666	14
chr1	150570524	150580524	8
chr19	57613832	57623832	4
chr6	32968023	32978023	8
chr17	81508774	81518774	8
chr12	121797294	121807294	4
chr8	144836415	144846415	12
chr19	27240892	27250892	14
chr19	57979232	57989232	12
chr5	55224572	55234572	14
chr2	63047265	63057265	14
chr19	58125033	58135033	12
chr12	133044414	133054414	12
chr11	31808452	31818452	14
chr19	58203833	58214034	12
chr1	150569724	150579724	8
chr17	7571282	7581282	8
chr17	36931900	36942503	15
chr11	65417529	65427529	8
chr2	132271427	132281427	14
chr1	8870341	8880341	8
chr17	7571682	7581682	2
chr1	234603654	234613654	8
chr17	48047238	48057238	8
chr17	7233681	7243681	3
chr22	39519795	39529795	8
chr2	72915271	72925271	14
chr17	79796201	79806201	14
chr4	49111183	49121183	12
chr7	5418769	5428769	3
chr7	5523969	5533969	8
chr2	218396677	218406677	3
chr16	29803879	29813879	8
chr3	75735049	75745049	12
chr22	36360755	36370755	8
chr2	218396077	218406077	3
chr17	8117482	8127482	14
chr10	38519872	38575869	12
chr21	10651656	10661656	12
chr19	1264001	1274001	8
chr17	79834601	79844601	2
chr21	10668456	10678456	12
chr18	22164239	22174239	14
chr7	101163519	101173519	14
chr6	5994967	6004967	14
chr1	156743208	156753208	3
chr3	134362958	134372958	8
chr11	65415729	65425729	3
chr2	218397677	218407677	3
chr12	6532034	6542034	8
chr12	6531834	6541834	8
chr2	170814090	170824090	14
chr8	26041084	26051084	14
chr1	197910270	197920270	14
chr1	37471399	37481399	8
chr17	79835201	79845201	3
chr6	5994567	6004567	14
chr1	150566724	150576724	8
chr17	79833801	79843801	2
chr8	98939572	98949572	14
chr18	57432968	57442968	14
chr4	46804	57507	12
chr2	132253027	132263027	14
