chr15	25312800	25337800	20
chr19	58041600	58066600	20
chr19	37025600	37050600	20
chr19	58744400	58769400	20
chr12	133658200	133683200	4
chr12	133709000	133734000	20
chr12	133566400	133591400	20
chr5	179671800	179696800	20
chr19	37302400	37327400	20
chr19	38051600	38076600	20
chr19	52465200	52490200	4
chr19	58485200	58510200	20
chr19	58697600	58722600	20
chr19	37911200	37936200	20
chr19	37126000	37151000	20
chr19	37196400	37221400	20
chr16	3436600	3461600	1
chr12	133615600	133640600	20
chr19	56914400	56939400	4
chr19	9437600	9462600	20
chr19	52803800	52828800	20
chr19	58633000	58658000	20
chr19	57045200	57070200	1
chr19	37579800	37604800	20
chr19	37229000	37254000	20
chr19	37375200	37400200	20
chr19	44339000	44364000	20
chr19	37634600	37659600	20
chr19	44980000	45005000	1
chr19	52518800	52543800	20
chr12	133758200	133783200	4
chr4	423600	448600	20
chr12	133505200	133530200	20
chr4	69200	94200	20
chr19	37718800	37743800	20
chr19	9670800	9695800	4
chr19	57112200	57137200	20
chr16	68582800	68607800	20
chr19	58435000	58460000	1
chr19	23515200	23540200	20
chr7	6722400	6747400	1
chr16	3335400	3360400	4
chr19	52560800	52585800	20
chr19	53734400	53759400	1
chr19	56949000	56974000	20
chr19	44928200	44953200	20
chr12	133644600	133669600	20
chr4	343200	368200	20
chr22	46458200	46483200	22
chr19	37865600	37890600	20
chr19	57076600	57101600	4
chr5	178492200	178517200	20
chr19	52877200	52902200	20
chr19	58769600	58794600	1
chr3	44753400	44778400	20
chr2	218782800	218807800	9
chr19	8914400	8939400	20
chr19	58194200	58219200	4
chr19	9473400	9498400	20
chr19	20719800	20744800	20
chr22	36745000	36770000	9
chr1	227827800	227852800	20
chr9	99516400	99541400	4
chr4	128400	153400	20
chr1	22246600	22271600	22
chr14	69401200	69426200	9
chr15	96863200	96888200	4
chr22	31478800	31503800	1
chr15	96863400	96888400	4
chr7	6712000	6737000	20
chr19	53729200	53754200	20
chr19	7068600	7093600	4
chr8	146051200	146076200	1
chr17	46618200	46643200	4
chr19	9514600	9539600	20
chr19	35228600	35253600	20
chr19	56924600	56949600	20
chr5	148783200	148808200	9
chr1	227821000	227846000	20
chr17	38245600	38270600	18
chr14	74206600	74231600	9
chr19	44657800	44682800	1
chr19	44454800	44479800	1
chr19	58622400	58647400	20
chr17	46648800	46673800	1
chr11	65251800	65276800	13
chr1	156083000	156108000	9
chr19	39137800	39162800	22
chr19	44826000	44851000	20
chr19	9625400	9650400	4
chr19	35232800	35257800	20
chr1	201452400	201477400	3
chr8	145008200	145033200	1
chr19	56961600	56986600	20
chr10	97138200	97163200	11
chr19	52360600	52385600	20
chr5	178130000	178155000	20
chr16	70714000	70739000	22
chr5	178349800	178374800	20
chr19	13123600	13148600	9
