chr7	27173981	27183981	15
chr5	149413837	149423837	8
chr7	27185181	27195181	15
chr7	27182981	27192981	15
chr22	36320555	36330555	8
chr9	93951918	93961918	15
chr1	207810655	207820655	8
chr22	36334155	36344155	8
chr1	201488872	201498872	8
chr7	27144381	27154381	3
chr22	31094014	31104014	1
chr2	219477078	219487078	8
chr7	27164381	27174381	15
chr2	45002061	45012061	15
chr10	99519643	99529643	15
chr9	121317522	121327522	8
chr3	134356158	134366158	8
chr2	19350239	19360239	15
chr17	48594238	48604238	3
chr12	4279434	4289434	8
chr3	123687153	123697153	8
chr12	4279034	4289034	8
chr3	134353958	134363958	8
chr17	48595438	48605438	3
chr5	154476640	154486640	16
chr17	40088947	40098947	8
chr22	31086614	31096614	8
chr4	10105776	10115776	8
chr4	10092976	10102976	8
chr9	121322922	121332922	8
chr10	3774608	3784608	8
chr5	149407637	149417637	8
chr2	219479878	219489878	8
chr9	93956918	93966918	15
chr2	176131272	176141272	4
chr1	202562672	202572672	8
chr14	73720897	73730897	8
chr5	154478040	154488040	1
chr7	27141981	27151981	3
chr10	41839408	41849408	14
chr8	123503960	123513960	8
chr6	36596623	36606623	8
chr9	35680403	35690403	8
chr9	35681003	35691003	8
chr10	88937843	88947843	8
chr5	149421637	149431637	8
chr2	217839877	217849877	8
chr2	205719676	205729676	8
chr3	66403776	66413776	8
chr2	176128872	176138872	10
chr8	94252372	94262372	8
chr20	62547593	62557593	3
chr14	73722097	73732097	8
chr19	27240892	27250892	14
chr17	15249883	15259883	8
chr11	117196484	117206484	8
chr20	57393344	57403344	8
chr15	76337459	76347459	14
chr20	62549193	62559193	10
chr15	63053601	63063601	8
chr15	99124995	99134995	8
chr1	150152808	150163804	8
chr11	68932532	68942532	8
chr20	62708248	62718248	15
chr14	90399256	90409256	8
chr19	57700432	57710432	4
chr15	63061201	63071201	8
chr4	13533976	13543976	10
chr19	44282447	44292447	12
chr3	123648953	123658953	8
chr16	1151600	1161600	3
chr16	15822143	15832143	8
chr20	62549793	62559793	10
chr7	27195781	27205781	1
chr9	95080318	95090318	8
chr22	39233795	39243795	15
chr2	217852277	217862277	10
chr10	102396443	102406443	8
chr15	99108595	99118595	8
chr16	15777543	15787543	8
chr17	2059306	2069306	14
chr2	217910477	217920477	8
chr8	30541683	30551683	8
chr19	16079190	16089190	8
chr12	57609217	57619217	7
chr12	57609017	57619017	7
chr7	2521366	2531366	7
chr2	132261227	132271227	12
chr5	177487199	177497199	8
chr2	217857077	217867077	10
chr1	220879458	220889458	8
chr5	50962966	50972966	16
chr17	50189439	50199439	8
chr2	176103472	176113472	15
chr19	11184724	11194724	8
chr5	51381366	51391366	14
chr5	154478840	154488840	1
chr19	1855001	1865001	16
chr22	46084320	46094320	8
chr22	31082414	31092414	8
