chr2	133023000	133033000	11
chr1	121475600	121485600	11
chr17	41392000	41402000	11
chrX	136510600	136520600	11
chr6	58769600	58779600	8
chr13	28024200	28034200	11
chr10	98553600	98563600	11
chr12	20700400	20710400	11
chr1	91846000	91856000	11
chr20	47895200	47905200	3
chr17	33468600	33478600	11
chr8	70593400	70603400	11
chr16	33950000	33960000	8
chr12	127647400	127657400	11
chr14	88228200	88238200	11
chr5	71143600	71153600	11
chr16	14572200	14582200	8
chr17	31146200	31156200	11
chr9	79184400	79194400	11
chr9	68412400	68422400	11
chr4	80265000	80275000	11
chr17	41372600	41382600	8
chr12	34362800	34372800	11
chrX	108295600	108305600	11
chr21	9825400	9835400	11
chr20	26184600	26194600	11
chr19	36059000	36069000	11
chr19	58740800	58750800	8
chr3	75714600	75724600	8
chr2	230043400	230053400	8
chr2	133011800	133021800	8
chr1	203271400	203281400	3
chr17	45257400	45267400	8
chr17	76347600	76357600	3
chr17	41462800	41472800	11
chr8	82745400	82755400	11
chr2	208626400	208636400	1
chr20	29610800	29620800	8
chr2	91811800	91821800	13
chr5	140792400	140802400	8
chr6	30454800	30464800	3
chr19	16433200	16443200	3
chr4	76801200	76811200	8
chr7	100545000	100555000	13
chr14	69253600	69263600	3
chr4	49200	59200	8
chr15	63333600	63343600	1
chr12	89739600	89749600	3
chr5	172191600	172201600	3
chr17	79475800	79485800	3
chr14	75740000	75750000	3
chr20	42085200	42095200	3
chr14	35866600	35876600	3
chr14	67510000	67520000	8
chr7	5563600	5573600	3
chr5	174535200	174545200	8
chr15	96875000	96885000	3
chr2	133033000	133043000	8
chr6	31318600	31328600	3
chr1	145434600	145444600	3
chr1	35649600	35659600	3
chr11	65265400	65275400	3
chr19	58693400	58703400	8
chr9	44988000	44998000	8
chr5	178012400	178022400	13
chr9	66454600	66464600	11
chr6	32936600	32946600	3
chr5	179042200	179052200	3
chr10	3817800	3827800	3
chr22	50352800	50362800	3
chr17	4991200	5001200	8
chr19	58126200	58136200	8
chr19	49370200	49380200	3
chr11	85190400	85200400	8
chr17	39843800	39853800	3
chr22	39917200	39927200	3
chr4	190934200	190944200	13
chr1	234738200	234748200	3
chr12	133658000	133668000	8
chr1	150542000	150552000	3
chr14	103798600	103808600	3
chr12	56546600	56556600	3
chr4	70289600	70299600	8
chrX	153625200	153635200	3
chr6	30577600	30587600	3
chr19	58258800	58268800	8
chr19	39896600	39906600	3
chr6	36562600	36572600	3
chr19	3978400	3988400	3
chr14	70233000	70243000	3
chr12	4377600	4387600	1
chr17	73772400	73782400	3
chr19	13048400	13058400	3
chr4	151499800	151509800	1
chr12	54671600	54681600	3
chr5	140743800	140753800	8
chr5	140802400	140812400	8
chr11	8703000	8713000	3
chr11	122925600	122935600	3
chr3	186500000	186510000	3
