chr5	141319600	141320000	12
chr2	60544000	60546400	8
chr2	132276800	132277200	12
chr7	150519600	150522000	2
chr4	53400	55000	12
chr6	119237200	119237600	12
chr2	74505200	74506200	15
chr16	28986400	28987600	8
chr14	75280200	75281600	8
chr6	30680800	30681000	8
chr17	75777400	75778200	2
chr1	32274600	32276000	8
chr10	125895200	125897000	12
chr20	63284200	63285000	2
chr7	150740200	150744400	8
chr1	206909800	206910600	8
chr2	111123800	111124200	15
chr14	58353400	58353800	1
chr2	113198600	113199600	2
chr11	117988000	117992400	8
chr8	125945400	125946600	8
chr12	31886000	31887400	1
chr14	21266800	21267000	8
chr19	16325800	16328200	8
chr7	64998800	64999400	8
chr17	78357200	78358800	8
chr5	35860600	35864600	2
chr5	68280000	68281800	1
chr19	36331000	36332000	12
chr16	14486800	14487000	4
chr4	49400	50600	12
chr2	132261200	132261400	12
chr5	134115800	134121000	8
chr5	177370600	177371000	8
chr19	51905000	51905200	12
chr16	56934600	56934800	2
chr1	25563800	25564600	8
chr20	53590200	53590600	10
chr1	204406400	204406600	2
chr7	63899800	63901400	12
chr19	10717400	10717800	10
chr19	52095800	52096000	2
chr19	44356600	44357400	2
chr16	89761000	89761200	2
chr11	64270800	64271200	2
chrX	137438000	137438400	12
chr10	38403400	38403800	2
chr19	22051800	22053000	12
chr19	57499600	57499800	2
chr1	16895600	16896000	2
chr19	56670800	56672000	2
chr22	18092000	18092400	1
chr3	128923000	128923600	2
chr20	31547800	31548000	1
chr1	150573600	150574200	7
chr18	76787400	76787800	2
chr19	57707800	57708600	12
chr7	5527000	5527600	8
chr19	58229800	58230000	12
chr6	31269800	31270600	8
chr20	53591000	53591200	2
chr14	99255800	99257800	8
chr15	101334000	101334400	10
chr19	21463200	21464000	14
chr1	1471800	1472200	10
chrX	11762000	11762600	2
chr19	57934600	57935400	12
chr7	100352200	100352600	2
chr19	37550800	37551800	12
chr19	23074800	23075800	12
chr15	79922200	79922400	12
chr6	149749000	149749400	2
chr19	53869800	53870200	10
chr13	48318000	48320800	12
chr5	181160800	181161200	2
chr3	71491200	71492000	8
chr17	61904200	61904800	1
chr12	130797000	130797400	1
chr19	56476600	56476800	12
chr16	31182000	31182200	4
chrX	154378600	154379200	10
chr17	43322600	43323800	14
chr11	72822000	72822200	1
chr14	99248600	99249400	8
chr19	57171600	57172800	2
chr19	44259800	44260600	12
chr2	144514200	144514600	1
chr17	21322600	21322800	2
chr16	30474600	30475400	2
chr22	39521200	39521400	8
chr11	9577800	9578200	1
chr19	44447800	44448800	12
chr12	131808800	131809200	1
chr22	19144800	19145000	2
chr19	53132800	53133000	14
chr6	29944200	29945600	4
chr7	150570000	150571000	8
chr16	18819600	18820000	1
chr17	59842400	59842600	10
chr11	45932200	45933200	2
