chr15	89359369	89384369	3
chr2	132254227	132279227	11
chr12	4268434	4293434	12
chr7	97002688	97027688	12
chr15	89355169	89380169	3
chr9	123997921	124022921	11
chr14	28754794	28779794	11
chr15	89368169	89393169	12
chr2	172081872	172106872	12
chr4	40199	66708	11
chr15	96321371	96346371	11
chr21	10363656	10388656	13
chr4	47204	73508	11
chr3	181706012	181731012	3
chr16	34132133	34157133	11
chr1	44404728	44429728	6
chr16	34130733	34155733	11
chr15	89376369	89401369	11
chr11	31795852	31821053	11
chr2	91608974	91633974	11
chr1	156406208	156431208	3
chr15	96329371	96354371	11
chr4	80182646	80207646	11
chr20	21499562	21524562	11
chr21	10359056	10384056	13
chr12	4264034	4289034	12
chr2	132266027	132291027	11
chr11	31802652	31827853	11
chr2	132247427	132272427	11
chr13	112054286	112079286	12
chr3	147390613	147415613	12
chr10	117531289	117556289	11
chr15	89388569	89413569	12
chr15	89387569	89412569	12
chr6	1602965	1627965	11
chr11	114058278	114083278	3
chr2	44931461	44956461	11
chr17	79790401	79815401	11
chr19	36622098	36647098	8
chr1	207803255	207828255	3
chr9	124005521	124030521	12
chr11	114056878	114081878	3
chr19	9339124	9364124	1
chr14	99250663	99275663	11
chr1	156400608	156425608	3
chr12	4276634	4301634	12
chr22	37965793	37990793	3
chr19	58237034	58262034	8
chr19	37562098	37587299	8
chr19	49417743	49442743	11
chr12	133133814	133158814	8
chr19	36538298	36563298	8
chr20	31220597	31245597	8
chr10	38783469	38808469	8
chr10	38503072	38528072	8
chr21	10714256	10739256	8
chr10	42295552	42320552	8
chr21	10683056	10708056	8
chr12	133081614	133106614	2
chr2	89809790	89834790	8
chr19	58181833	58207034	8
chr4	49631183	49656183	8
chr10	101213443	101238443	11
chr3	181713612	181738612	3
chr10	38810269	38835269	8
chr15	37087399	37112399	10
chr10	38835469	38860469	8
chr21	10651656	10676656	8
chr13	99965746	99990746	11
chr4	80179246	80204246	11
chr19	36811298	36836298	8
chr4	56706	83308	13
chr10	41840008	41865008	8
chr20	63450847	63475847	12
chr19	56404631	56429631	2
chr15	25070453	25095453	8
chr5	178915399	178940399	2
chr21	10394856	10419856	8
chr16	19857678	19882678	3
chr22	46083920	46108920	3
chr16	68552297	68577297	8
chr9	63801666	63826666	11
chr19	44472183	44499748	2
chr10	8033637	8058637	11
chr17	61392439	61417439	12
chr9	63807066	63832066	11
chr5	93588094	93613094	11
chr19	9365324	9390324	8
chr15	67815062	67840062	11
chr5	179060399	179085399	2
chr21	10392256	10417256	13
chr19	37420298	37445298	8
chr19	58121633	58146633	8
chr7	20775180	20800381	11
chr8	26576284	26601284	3
chr19	36883698	36908698	4
chr4	189577446	189602446	13
chr19	57970832	57995832	8
chr19	51879747	51904747	8
chr4	4850873	4875873	11
