chr7	5563600	5573600	3
chr22	39916000	39926000	3
chr17	79475800	79485800	3
chr6	32935800	32945800	3
chr17	39843800	39853800	3
chr1	234739400	234749400	3
chr6	58769400	58779400	8
chr20	47894000	47904000	3
chr1	121475600	121485600	11
chr1	91849400	91859400	11
chr12	20694800	20704800	11
chr19	3977800	3987800	3
chr2	133025000	133035000	11
chr14	35866200	35876200	3
chr19	1248000	1258000	3
chr19	49370600	49380600	3
chr12	56550800	56560800	3
chr17	73772600	73782600	3
chr14	69253600	69263600	3
chr17	41372400	41382400	8
chr16	14572200	14582200	8
chr21	9825200	9835200	8
chr20	29603800	29613800	8
chr2	43445600	43455600	3
chr11	65264200	65274200	3
chr9	68412400	68422400	11
chr1	145434800	145444800	3
chr12	125395000	125405000	3
chr14	88228200	88238200	11
chr10	74028200	74038200	3
chr1	35649400	35659400	3
chr10	3818200	3828200	3
chr8	70598400	70608400	11
chr20	42085400	42095400	3
chr12	54671600	54681600	3
chr5	179042200	179052200	3
chr5	71144200	71154200	8
chr11	122925600	122935600	3
chr22	50352800	50362800	3
chr9	79184400	79194400	11
chr12	6641200	6651200	3
chr19	2268600	2278600	3
chr1	150543000	150553000	3
chr8	146009600	146019600	3
chrX	136510600	136520600	11
chr19	49464600	49474600	3
chr11	85190400	85200400	8
chr12	127648800	127658800	11
chr16	89622800	89632800	3
chr6	30451800	30461800	3
chr7	61967200	61977200	8
chr6	36561200	36571200	3
chr10	98553600	98563600	8
chr9	140129400	140139400	3
chr16	30074600	30084600	3
chr2	133010600	133020600	8
chr3	186500200	186510200	3
chr17	33468400	33478400	1
chr2	232570000	232580000	3
chr19	13048200	13058200	3
chr19	39896000	39906000	3
chr1	156176800	156186800	8
chr17	7474800	7484800	3
chr14	102545200	102555200	3
chr16	33949800	33959800	8
chr5	172191600	172201600	3
chr19	18384600	18394600	3
chr19	49992200	50002200	3
chr1	45240600	45250600	3
chr19	14621200	14631200	3
chr6	30580800	30590800	3
chr13	28024200	28034200	1
chrX	153625200	153635200	3
chr6	35435000	35445000	3
chr2	70307600	70317600	3
chr9	139614000	139624000	3
chrX	61717600	61727600	8
chr8	43821800	43831800	8
chr19	59054600	59064600	3
chr19	55893800	55903800	3
chr19	1266600	1276600	3
chr11	8702600	8712600	3
chr16	29815400	29825400	3
chr11	62647200	62657200	3
chr19	36058800	36068800	8
chr16	2008800	2018800	3
chr19	27731600	27741600	8
chr22	39706800	39716800	3
chr9	136214200	136224200	3
chrX	108296000	108306000	8
chr14	103799400	103809400	3
chr17	4842000	4852000	3
chr17	8057800	8067800	3
chr19	54704000	54714000	3
chr19	42363400	42373400	3
chr3	52020200	52030200	3
chr17	41391800	41401800	11
chr20	26184800	26194800	11
chr12	49517800	49527800	3
chr6	31501000	31511000	3
