chr16	87841394	87866394	2
chr20	31693397	31718397	9
chr22	46066720	46091720	10
chr22	46069920	46094920	8
chr22	46072520	46097520	8
chr22	36350755	36375755	10
chr7	130896041	130921041	10
chr1	42931729	42956729	2
chr18	48923230	48948230	1
chr15	60374601	60399601	10
chr18	48928430	48953430	8
chr2	132254427	132279427	15
chr2	177237072	177262072	2
chr17	79789401	79814401	2
chr19	38647160	38672160	8
chr10	79126443	79151443	10
chr17	40471748	40496748	10
chr16	29802879	29827879	10
chr12	12892866	12917866	15
chr15	92898170	92923170	10
chr19	38674360	38699360	3
chr3	134352558	134377558	4
chr8	143927832	143952832	10
chr19	38664360	38689360	8
chr19	1252601	1277601	8
chr4	42799	69308	12
chr11	65423729	65448729	2
chr11	62537928	62562928	16
chr22	36360555	36385555	10
chr3	58034873	58059873	8
chr11	65420329	65445329	2
chr12	53977416	54002416	8
chr7	47534202	47559202	4
chr17	59824839	59849839	10
chr6	11194367	11219367	10
chr11	118906291	118931291	8
chr19	1236001	1261001	7
chr7	47516402	47541402	4
chr11	35149853	35174853	10
chr7	47559402	47584402	2
chr17	77415718	77440718	10
chr20	31670197	31695197	8
chr21	43409520	43434520	7
chr20	47312056	47337056	10
chr7	47535802	47560802	4
chr11	825600	850600	15
chr20	47313856	47338856	10
chr17	77372918	77397918	10
chr17	38447356	38472759	10
chr22	30238811	30263811	4
chr3	53231784	53256784	10
chr1	230068653	230093653	10
chr7	47506002	47531002	8
chr17	77302518	77327518	8
chr1	156106009	156131009	10
chr17	77380918	77405918	10
chr7	130938641	130963641	1
chr7	130938441	130963441	1
chr7	47562802	47587802	2
chr15	98883371	98908371	7
chr17	77374918	77399918	10
chr7	130909041	130934041	10
chr22	30233811	30258811	14
chr3	172122610	172147610	10
chr11	65417529	65442529	2
chr12	12887866	12912866	8
chr8	143934232	143959232	10
chr7	130939241	130964241	1
chr16	29800079	29825079	10
chr15	66749662	66774662	1
chr19	1254601	1279601	8
chr2	74832073	74857073	8
chr12	104289622	104314622	2
chr1	156104809	156129809	10
chr12	121774694	121799694	8
chr11	62551528	62576528	8
chr17	74736461	74761461	2
chr17	38446556	38471959	10
chr15	67103262	67128262	12
chr9	127537121	127562121	1
chr16	15956743	15981743	13
chr17	45218633	45243633	14
chr7	130937241	130962241	1
chr20	62346744	62371744	13
chr16	89313392	89338392	8
chr8	144827815	144852815	2
chr22	36364355	36389355	10
chr12	121788094	121813094	8
chr1	16137505	16162505	8
chr14	68951883	68976883	8
chr14	68952283	68977283	3
chr17	45223633	45248633	14
chr17	79786201	79811201	14
chr17	38442555	38468159	10
chr17	77369318	77394318	10
chr17	82225324	82250324	2
chr7	55063307	55088307	15
chr19	13831986	13856986	2
chr6	27811422	27836422	2
chr10	79071243	79096243	10
