chr7	27142000	27152000	1
chr7	27144400	27154400	9
chr12	114830600	114840600	23
chr12	114833000	114843000	23
chr17	46648600	46658600	23
chr17	47075200	47085200	12
chr9	139554600	139564600	13
chr9	139555400	139565400	13
chr17	46647400	46657400	23
chr17	47073800	47083800	12
chr14	23894200	23904200	11
chr14	23871600	23881600	1
chr9	139551200	139561200	24
chr2	220492800	220502800	11
chr7	27146600	27156600	9
chr1	2985800	2995800	3
chr14	23896000	23906000	1
chr2	220491600	220501600	11
chr11	113930400	113940400	9
chr2	220491400	220501400	11
chr20	61146200	61156200	1
chr17	46652400	46662400	5
chr4	88442400	88452400	20
chr7	27202600	27212600	4
chr11	113933800	113943800	9
chr18	3210600	3220600	4
chr18	3210200	3220200	4
chr8	11569400	11579400	3
chr1	207984200	207994200	11
chr14	23873800	23883800	1
chr3	119369600	119379600	1
chr12	114843200	114853200	23
chr4	174449000	174459000	23
chr12	114843600	114853600	23
chr3	46897800	46907800	1
chr3	119364400	119374400	4
chr17	46660000	46670000	5
chr7	27175800	27185800	24
chr11	311400	321400	15
chr1	207979400	207989400	13
chr20	61150000	61160000	1
chr6	33704800	33714800	5
chr6	17282800	17292800	14
chr17	46631400	46641400	24
chr17	46643200	46653200	23
chr7	27159400	27169400	13
chr3	123411000	123421000	4
chr10	131751200	131761200	19
chr8	95265400	95275400	8
chr11	86656800	86666800	4
chr14	23887200	23897200	11
chr4	174447600	174457600	23
chr19	13205000	13215000	11
chr16	86604400	86614400	12
chr1	228394600	228404600	17
chr17	37818400	37828400	23
chr4	100569400	100579400	1
chr14	105659200	105669200	18
chr3	123410600	123420600	4
chr12	54375200	54385200	23
chr2	179664000	179674000	19
chr1	40096200	40106200	14
chr17	46627400	46637400	4
chr11	47366800	47376800	14
chr20	62676000	62686000	23
chr6	118870400	118880400	14
chr16	54963200	54973200	9
chr1	201337600	201347600	8
chr8	11571600	11581600	3
chr17	46672800	46682800	23
chr9	124058000	124068000	13
chr5	148801400	148811400	14
chr1	26384800	26394800	22
chr7	35288000	35298000	4
chr10	73520600	73530600	14
chr15	96889800	96899800	14
chr3	46899800	46909800	1
chr10	131747600	131757600	19
chr9	124057800	124067800	13
chr7	95217800	95227800	14
chr19	13203000	13213000	11
chr7	27156800	27166800	13
chr17	46672200	46682200	23
chr8	11532600	11542600	18
chr12	54375800	54385800	23
chr16	86537600	86547600	23
chr16	86610600	86620600	15
chrX	135278800	135288800	2
chr6	41021200	41031200	22
chr11	47367800	47377800	14
chr16	2078200	2088200	22
chr8	142425000	142435000	11
chr20	10628000	10638000	13
chr17	37817000	37827000	23
chr3	39225800	39235800	9
chr2	189838400	189848400	18
chr10	73522000	73532000	14
chr22	36005600	36015600	1
chr17	43298400	43308400	22
chr3	119362800	119372800	4
