chr7	64457400	64467400	4
chr19	53570600	53580600	20
chr4	80885000	80895000	7
chr9	34370600	34380600	1
chr15	65588000	65598000	2
chr17	41372600	41382600	11
chr11	65256000	65266000	3
chr4	113273400	113283400	20
chr19	46023400	46033400	11
chr5	179740600	179750600	22
chr1	7880000	7890000	7
chr19	58600800	58610800	1
chr19	18698600	18708600	2
chr17	7736400	7746400	9
chr15	40261000	40271000	13
chr17	49118400	49128400	3
chr17	40819200	40829200	3
chr3	65340800	65350800	7
chr20	34076400	34086400	7
chr16	2132800	2142800	11
chr19	15302400	15312400	1
chr5	37208800	37218800	22
chr11	65374000	65384000	1
chr2	145146200	145156200	7
chr3	197574600	197584600	11
chr5	140801800	140811800	20
chr20	36003800	36013800	1
chr7	23381400	23391400	22
chr19	46281000	46291000	9
chr5	180251800	180261800	3
chr9	98255600	98265600	5
chr19	52390000	52400000	20
chr19	47726400	47736400	9
chr3	149654600	149664600	8
chr19	38794200	38804200	5
chr15	23807000	23817000	22
chr6	58770200	58780200	19
chr22	38609200	38619200	13
chr19	57049000	57059000	20
chrX	3612800	3622800	1
chr12	122012000	122022000	1
chr5	140043000	140053000	4
chr16	31482200	31492200	1
chr8	61619800	61629800	4
chr11	65405400	65415400	3
chr19	46110200	46120200	2
chr14	99695600	99705600	24
chr1	179106200	179116200	5
chr17	21213600	21223600	2
chr10	103534800	103544800	3
chr17	7160400	7170400	11
chr6	28317000	28327000	22
chr19	19043000	19053000	22
chr17	47103800	47113800	19
chr17	17721000	17731000	9
chr8	8181600	8191600	11
chr19	15288000	15298000	22
chr19	12983200	12993200	1
chr11	63528000	63538000	1
chr5	77881600	77891600	5
chr7	130638800	130648800	5
chr19	57173600	57183600	20
chr19	48224200	48234200	10
chr19	50185800	50195800	11
chr8	48567000	48577000	2
chr18	56554000	56564000	12
chr2	232269800	232279800	2
chr19	13927800	13937800	22
chr19	56986600	56996600	1
chr19	58692200	58702200	20
chrX	130917600	130927600	1
chr12	6333200	6343200	3
chr8	8196600	8206600	2
chr12	85800	95800	19
chr19	14516200	14526200	11
chr19	9608000	9618000	22
chr19	50424600	50434600	3
chr19	53081000	53091000	20
chr5	171425800	171435800	9
chr4	184033000	184043000	5
chr4	41257600	41267600	23
chr19	48750000	48760000	1
chr5	177540400	177550400	1
chr7	70193800	70203800	5
chr5	60703600	60713600	10
chr17	14204200	14214200	3
chr7	137557800	137567800	11
chr7	131185000	131195000	16
chr1	144986400	144996400	13
chrX	130950400	130960400	1
chr1	192774600	192784600	1
chr17	27036800	27046800	1
chr7	150815000	150825000	6
chr1	151128600	151138600	1
chr19	18539000	18549000	22
chr4	290200	300200	22
chr4	170578800	170588800	2
chr10	29723200	29733200	20
chr19	8589800	8599800	1
chr11	65351600	65361600	11
