chr3	147390213	147415213	15
chr3	147388213	147413213	15
chr6	1604165	1629165	10
chr6	1603765	1628765	10
chr15	96333371	96358371	15
chr15	96324171	96349171	15
chr15	89358369	89383369	9
chr3	147392613	147417613	15
chr20	21500562	21525562	15
chr14	28754794	28779794	15
chr15	89355369	89380369	9
chr13	99967346	99992346	15
chr20	21499562	21524562	15
chr3	147404813	147429813	15
chr8	26623484	26648484	8
chr2	44931261	44956261	15
chr11	31795652	31820853	15
chr21	10363456	10388456	14
chr12	4268434	4293434	15
chr20	21505762	21530762	15
chr4	189583046	189608046	16
chr19	38700160	38725160	8
chr20	63447447	63472447	14
chr9	123997921	124022921	15
chr15	89352769	89377769	15
chr21	33018492	33043492	15
chr16	19857278	19882278	8
chr12	4270634	4295634	15
chr10	117531289	117556289	15
chr7	97002688	97027688	15
chr11	31802852	31828053	15
chr3	134352358	134377358	8
chr17	41967982	41992982	1
chr1	109248978	109273978	8
chr1	207803255	207828255	8
chr1	44404728	44429728	8
chr22	38729195	38754195	3
chr21	33020092	33045293	15
chr16	73046701	73071701	15
chr17	41968782	41993782	1
chr17	34996781	35021781	8
chr4	80182446	80207446	15
chr16	34132133	34157133	14
chr20	1912554	1937554	8
chr1	205044672	205069672	8
chr4	17488377	17513377	2
chr2	132256827	132281827	12
chr8	26580084	26605084	8
chr18	76984644	77009644	8
chr11	114061478	114086478	8
chr2	127048824	127073824	8
chr13	99948746	99973746	15
chr11	114060278	114085278	8
chr10	101213443	101238443	15
chr19	38708360	38733360	8
chr1	44630528	44655528	8
chr2	132257427	132282427	12
chr22	41508196	41533196	8
chr6	1372165	1397165	15
chr15	64112801	64137801	8
chr2	172084072	172109072	15
chr13	99947346	99972346	15
chr1	109257378	109282378	8
chr12	122847653	122872653	8
chr11	118610885	118636682	8
chr1	204981272	205006272	8
chr5	176608199	176633199	15
chr11	6392770	6417770	8
chr11	6391370	6416370	8
chr22	41507196	41532196	8
chr9	137137948	137162948	7
chr1	205040672	205065672	8
chr12	4272434	4297434	15
chr1	204439672	204464672	8
chr3	183797812	183822812	8
chr15	96314371	96339371	15
chr21	10396856	10421856	16
chr1	44629528	44654528	8
chr1	225842899	225868100	8
chr19	39351760	39376760	8
chr12	53049616	53074616	8
chr11	118618885	118644682	8
chr11	133933105	133958105	15
chr16	687000	712000	16
chr11	65420729	65445729	8
chr14	99250663	99275663	15
chr6	1594365	1619365	1
chr11	114064278	114089278	8
chr22	37965793	37990793	8
chr22	17861234	17886234	3
chr16	693600	718600	16
chr4	189685246	189710246	4
chr1	204985672	205010672	8
chr22	46088920	46113920	8
chr22	46089520	46114520	8
chr16	86488794	86513794	15
chr1	201480672	201505672	8
chr15	89387169	89412169	3
chr13	112054486	112079486	15
chr18	76990644	77015644	8
