chr2	132267427	132277427	8
chr2	132264627	132274627	8
chr7	5418369	5428369	10
chr5	134115709	134125709	3
chr2	144510633	144520633	3
chr7	5416969	5426969	10
chr4	47004	57707	8
chr11	128510505	128520505	3
chr16	34151733	34161733	11
chr2	144509233	144519233	3
chr2	60547865	60557865	10
chr14	99248063	99258063	3
chr14	22537856	22549656	3
chr2	60546265	60556265	10
chr4	44604	55106	8
chr1	226727299	226737299	3
chr14	99252863	99262863	3
chr1	198640870	198651071	3
chr20	49278863	49288863	3
chr4	108157644	108167644	3
chr1	150569524	150579524	3
chr5	170285796	170295796	3
chr1	206909855	206919855	3
chr11	117986485	117996485	3
chr1	206908655	206918655	3
chr17	81392200	81402200	10
chr12	31960866	31970866	3
chr11	65497529	65507529	3
chr12	92135424	92145424	3
chr2	60549665	60559665	10
chr7	27164381	27174381	11
chr11	128470905	128480905	3
chr17	40555348	40565348	3
chr6	24923972	24933972	3
chr3	128483357	128493357	11
chr5	35856698	35866698	3
chr11	128502705	128512705	3
chr17	40554348	40564348	3
chr8	133053555	133063555	3
chr8	98939372	98949372	11
chr8	133052755	133062755	3
chr7	27159381	27169381	11
chr2	172094072	172104072	11
chr2	196157876	196167876	3
chr14	99261663	99271663	3
chr11	117988285	117998285	3
chr7	142785191	142805516	3
chr5	170288596	170298596	3
chr5	134125909	134135909	3
chr10	11171437	11181437	3
chr11	128474705	128484705	3
chr2	63049665	63059665	10
chr11	31808652	31818652	10
chr1	206559672	206569672	3
chr1	169698859	169708859	3
chr1	44404728	44414728	11
chr2	157432288	157442288	3
chr3	75665049	75675049	8
chr8	125939956	125949956	3
chr15	81296859	81306859	3
chr19	10286524	10296524	11
chr8	125940156	125950156	3
chr1	116756578	116766578	3
chr6	159035368	159045368	3
chr4	108154844	108164844	3
chr1	116755978	116765978	3
chr1	116755778	116765778	3
chr7	27146781	27156781	11
chr6	1604565	1614565	10
chr7	150736312	150746312	3
chr9	37025203	37035203	11
chr15	76334859	76344859	11
chr12	31963266	31973266	3
chr1	226722499	226732499	3
chr2	170814090	170824090	11
chr2	196156076	196166076	3
chr1	111190778	111200778	3
chr12	6951837	6961837	3
chr1	169701259	169711259	3
chr10	3775408	3785408	3
chr3	128481157	128491157	11
chr1	111191178	111201178	3
chr2	30231934	30241934	3
chr2	170813490	170823490	11
chr2	196159676	196169676	3
chr17	81394800	81404800	10
chr8	143928432	143938432	3
chr9	63813266	63823266	11
chr10	75400042	75410042	10
chr10	123142084	123152084	11
chr10	92688443	92698443	3
chr6	24927572	24937572	3
chr14	99225263	99235263	3
chr3	27712109	27722109	12
chr6	170287512	170297512	11
chr9	37029203	37039203	11
chr5	134128509	134138509	3
chr3	50602369	50612369	3
chr10	8043837	8053837	11
chr19	50325343	50335343	11
