chr15	25296400	25321400	8
chr19	58700800	58725800	8
chr19	58753200	58778200	8
chr10	42375800	42400800	8
chr2	133011800	133036800	11
chr19	44977600	45002600	8
chr2	89855000	89880000	8
chr19	58481200	58506200	8
chr12	133616000	133641000	8
chr4	49635000	49660000	8
chr21	10782600	10807600	8
chr4	49098200	49123200	8
chr16	33942400	33967400	8
chr19	58629600	58654600	8
chr12	133658200	133683200	8
chr19	58042800	58067800	8
chr15	25321600	25346600	8
chr19	37028400	37053400	8
chr12	133709800	133734800	8
chr21	10807800	10832800	8
chr3	75766600	75791600	8
chr19	37299000	37324000	8
chr10	39117400	39142400	8
chr21	10835800	10860800	8
chr16	46385800	46410800	8
chr10	39076600	39101600	8
chr19	37197000	37222000	8
chr20	29808200	29833200	8
chr7	6718800	6743800	6
chr10	38793800	38818800	8
chr4	424400	449400	8
chr10	42793000	42818000	8
chr12	133759400	133784400	8
chr12	133569400	133594400	8
chr16	68584400	68609400	8
chr19	52808200	52833200	8
chr19	58680000	58705000	8
chr3	75764400	75789400	8
chr19	58623000	58648000	8
chr2	172946800	172971800	10
chr7	6713600	6738600	8
chr19	52519800	52544800	8
chr19	38053000	38078000	8
chr21	11107800	11132800	8
chr19	37115000	37140000	8
chr11	31819800	31844800	11
chr19	52465400	52490400	8
chr19	9440800	9465800	8
chr19	37363000	37388000	8
chr16	46411000	46436000	8
chr12	133500800	133525800	8
chr5	179674200	179699200	8
chr2	176943600	176968600	11
chr16	46411800	46436800	8
chr4	49400	74400	10
chr1	91171400	91196400	11
chr19	37203600	37228600	8
chr7	155240200	155265200	11
chr4	413200	438200	8
chr10	102487200	102512200	11
chr19	56915000	56940000	2
chr4	49135600	49160600	8
chr16	3436800	3461800	8
chr2	89832400	89857400	8
chr5	140787400	140812400	8
chr4	343400	368400	8
chr19	44336800	44361800	8
chr11	44323800	44348800	10
chr16	68588400	68613400	8
chr10	124890200	124915200	11
chr2	119592600	119617600	11
chr19	37359000	37384000	8
chr19	8912800	8937800	8
chr13	100619800	100644800	12
chr2	223153200	223178200	10
chr19	44964800	44989800	8
chr12	133627800	133652800	8
chr10	102973600	102998600	11
chr10	8075400	8100400	11
chr19	37231400	37256400	8
chr19	52379000	52404000	8
chr19	58470600	58495600	8
chr17	35282800	35307800	12
chr2	133001000	133026000	11
chr17	77764000	77789000	12
chr2	45158200	45183200	11
chr16	33955800	33980800	8
chr9	68402800	68427800	11
chr5	178492200	178517200	8
chr19	38035400	38060400	8
chr19	9670600	9695600	8
chr15	68109000	68134000	11
chr12	133494800	133519800	8
chr9	126759600	126784600	11
chr4	13524200	13549200	11
chr16	33929400	33954400	8
chr16	3349200	3374200	8
chr15	53075000	53100000	11
chr19	37629000	37654000	8
chr19	9625000	9650000	8
