chr19	1237000	1287000	8
chr22	36322000	36372000	8
chr19	1243800	1293800	8
chr15	25046000	25096000	12
chr7	27143400	27193400	15
chr12	133036600	133086600	2
chr19	58227600	58277600	4
chr22	36310800	36360800	8
chr19	58165800	58215800	3
chr17	48577000	48627000	14
chr12	133097000	133147000	2
chr7	27165000	27215000	14
chr19	57960600	58010600	4
chr19	57529400	57579400	4
chr17	48585800	48635800	14
chr2	176091200	176141200	14
chr19	36710400	36760400	12
chr19	36512600	36562600	4
chr4	424400	474400	2
chr15	96320600	96370600	1
chr19	38647200	38697200	3
chr19	58095000	58145000	4
chr19	51855400	51905400	3
chr12	53970200	54020200	14
chr19	56536600	56586600	4
chr19	51992200	52042200	4
chr12	133181000	133231000	2
chr17	79794600	79844600	7
chr19	56403200	56453200	4
chr19	36618400	36668400	4
chr19	37529000	37579000	12
chr19	36858400	36908400	12
chr19	38678600	38728600	8
chr19	37120400	37170400	12
chr10	100709000	100759000	15
chr12	132907000	132957000	14
chr5	141382400	141432400	12
chr13	99950200	100000200	14
chr19	37379600	37429600	12
chr16	3364400	3414400	4
chr19	53196800	53246800	2
chr17	79772200	79822200	15
chr19	52283400	52333400	4
chr4	336600	386600	2
chr19	52047800	52097800	2
chr17	48708000	48758000	14
chr6	10379000	10429000	14
chr19	37440800	37490800	4
chr19	9376000	9426000	12
chr8	11675400	11725400	14
chr21	10365600	10415600	12
chr3	75705600	75755600	12
chr19	43832400	43882400	12
chr14	73711800	73761800	8
chr19	52369400	52419400	4
chr14	73712000	73762000	8
chr16	3282200	3332200	4
chr11	801600	851600	8
chr10	117126000	117176000	14
chr19	1216400	1266400	8
chr4	173494000	173544000	14
chr19	36789200	36839200	1
chr17	40306400	40356400	8
chr17	7213800	7263800	8
chr9	123996200	124046200	2
chr3	147371800	147421800	14
chr16	86472000	86522000	14
chr19	1733400	1783400	15
chr8	143909600	143959600	8
chr5	178926800	178976800	1
chr19	1214200	1264200	8
chr11	31793400	31843400	14
chr7	155427600	155477600	14
chr7	6657800	6707800	4
chr2	218956400	219006400	14
chr5	93568600	93618600	1
chr10	101205400	101255400	14
chr19	23335600	23385600	12
chr10	101114600	101164600	14
chr2	176143000	176193000	14
chr4	10074000	10124000	8
chr9	126606400	126656400	15
chr1	155931400	155981400	8
chr1	911600	961600	4
chr7	1218000	1268000	15
chr16	679200	729200	7
chr19	57746600	57796600	4
chr19	1211400	1261400	8
chr15	89358600	89408600	14
chr5	180231400	180281400	12
chr9	36999200	37049200	14
chr12	57723600	57773600	4
chr5	141234000	141284000	12
chr2	222274800	222324800	2
chr17	8115000	8165000	8
chr2	218853000	218903000	14
chr19	41261600	41311600	8
chr6	30432200	30482200	14
chr10	123114800	123164800	4
chr19	9523200	9573200	2
