chr2	24805931	24806131	3	6.49652	1	(3,6)	8.11599	1	15.3788
chr5	37209098	37209298	20	8.37036	1	(1,20)	6.56248	1	15.1728
chr9	34371602	34371802	20	8.15872	1	(20,23)	6.15811	1	14.496
chr8	125125158	125125358	20	6.07513	1	(14,20)	3.941	1	14.3096
chr7	64998422	64998622	20	6.03797	1	(14,20)	3.941	1	14.2294
chr12	123942253	123942453	20	5.80234	1	(11,20)	6.34063	1	14.1647
chr22	46534903	46535103	20	5.96798	1	(20,24)	7.15162	1	14.1568
chr3	197848129	197848329	11	5.24035	1	(2,11)	3.00024	1	14.1512
chr10	72887242	72887442	11	7.42771	1	(11,16)	4.69489	1	14.1196
chr19	1227801	1228001	7	7.15245	1	(1,7)	12.161	1	13.8778
chr5	141392833	141393033	20	7.99927	1	(20,24)	11.0784	1	13.8753
chr9	105385519	105385719	22	4.89993	1	(20,22)	3.38841	1	13.8107
chr2	160430089	160430289	20	9.66113	1	(14,20)	8.28201	1	13.8021
chr22	20429313	20429513	22	4.66429	1	(6,22)	3.64517	1	13.7908
chr6	27809822	27810022	1	7.78617	1	(1,9)	10.7524	1	13.7427
chr3	123657153	123657353	11	7.79755	1	(11,21)	5.43456	1	13.7354
chr11	111556075	111556275	11	7.79755	1	(11,21)	5.43456	1	13.7354
chr1	151156924	151157124	22	5.02834	1	(20,22)	3.38841	1	13.7099
chr2	74003473	74003673	12	5.80003	1	(12,22)	5.84677	1	13.7091
chr14	102987863	102988063	10	5.83715	1	(10,20)	6.79915	1	13.695
chr19	27241892	27242092	21	5.1008	1	(4,21)	3.35557	1	13.693
chr18	20938639	20938839	21	5.1008	1	(4,21)	3.35557	1	13.693
chr18	20938239	20938439	21	5.1008	1	(4,21)	3.35557	1	13.693
chr18	108600	108800	21	5.1008	1	(4,21)	3.35557	1	13.693
chr14	95501063	95501263	14	10.0178	1	(6,14)	7.32259	1	13.6791
chr1	9671742	9671942	16	7.46016	1	(6,16)	6.08699	1	13.6709
chr1	201770872	201771072	10	5.09382	1	(10,21)	3.57335	1	13.6614
chr8	8362684	8362884	20	7.73491	1	(10,20)	10.5497	1	13.6607
chr6	131054060	131054260	20	7.73491	1	(10,20)	10.5497	1	13.6607
chr17	17823686	17823886	1	5.69804	1	(1,9)	6.93431	1	13.6485
chr3	10168516	10168716	10	5.1707	1	(10,21)	3.57335	1	13.6425
chr9	127525321	127525521	10	7.70303	1	(10,20)	10.5497	1	13.6394
chr9	127523521	127523721	10	7.70303	1	(10,20)	10.5497	1	13.6394
chr15	66755662	66755862	10	7.70303	1	(10,20)	10.5497	1	13.6394
chr17	31525182	31525382	16	7.87492	1	(11,16)	9.98978	1	13.6329
chr19	27247492	27247692	3	5.63075	1	(3,21)	7.37099	1	13.6293
chr12	93399224	93399424	11	5.82198	1	(11,22)	6.36788	1	13.6238
chr19	44753743	44753943	9	7.59268	1	(1,9)	10.7524	1	13.6137
chr19	56568431	56568631	20	5.69401	1	(4,20)	6.67657	1	13.6088
chr19	9673724	9673924	4	7.73208	1	(4,20)	10.3658	1	13.5765
chr19	58184433	58184633	4	7.73208	1	(4,20)	10.3658	1	13.5765
chr19	58003832	58004032	4	7.73208	1	(4,20)	10.3658	1	13.5765
chr19	57476432	57476632	4	7.73208	1	(4,20)	10.3658	1	13.5765
chr19	58274634	58274834	20	5.57369	1	(11,20)	6.34063	1	13.564
chr2	132273027	132273227	23	5.52619	1	(21,23)	6.80996	1	13.5539
chr19	20659994	20660194	20	7.58523	1	(12,20)	5.36743	1	13.5478
chr9	131228613	131228813	11	7.41248	1	(4,11)	4.66443	1	13.5293
chr4	189722646	189722846	1	7.72917	1	(1,21)	10.6384	1	13.5225
chr5	141319433	141319633	20	7.64298	1	(4,20)	10.3658	1	13.5171
chr4	1250812	1251012	20	7.64298	1	(4,20)	10.3658	1	13.5171
chr19	58004032	58004232	20	7.64298	1	(4,20)	10.3658	1	13.5171
chr19	58001032	58001232	20	7.64298	1	(4,20)	10.3658	1	13.5171
chr19	57683832	57684032	20	7.64298	1	(4,20)	10.3658	1	13.5171
chr19	57577432	57577632	20	7.64298	1	(4,20)	10.3658	1	13.5171
chr19	56540031	56540231	20	7.64298	1	(4,20)	10.3658	1	13.5171
chr19	44498548	44498748	20	7.64298	1	(4,20)	10.3658	1	13.5171
chr9	134660754	134660954	21	5.87053	1	(12,21)	3.74988	1	13.4988
chr19	19515191	19515391	22	4.59803	1	(20,22)	3.38841	1	13.4982
chr18	20940239	20940439	21	5.49393	1	(3,21)	7.37099	1	13.4913
chr14	91127456	91127656	20	3.2561	1	(14,20)	1.8705	1	13.486
chr19	56838632	56838832	22	7.18657	1	(20,22)	5.25811	1	13.4837
chr22	20429113	20429313	6	3.27613	1	(2,6)	2.05795	1	13.468
chr17	45241233	45241433	23	9.43135	1	(6,23)	8.06578	1	13.4642
chr19	32928494	32928694	20	7.4815	1	(13,20)	5.41193	1	13.4397
chr15	34154999	34155199	20	7.4815	1	(13,20)	5.41193	1	13.4397
chr5	141402833	141403033	23	7.68219	1	(21,23)	10.5659	1	13.4392
chr5	141355033	141355233	23	7.68219	1	(21,23)	10.5659	1	13.4392
chr16	34156933	34157133	23	7.68219	1	(21,23)	10.5659	1	13.4392
chr19	27247692	27247892	21	5.07972	1	(3,21)	3.4855	1	13.4314
chr16	46383088	46383288	21	5.07972	1	(3,21)	3.4855	1	13.4314
chr19	13817786	13817986	11	7.71618	1	(11,22)	9.90279	1	13.4262
chr1	192811670	192811870	11	7.71618	1	(11,22)	9.90279	1	13.4262
chr2	144389633	144389833	22	7.70283	1	(11,22)	9.90279	1	13.4173
chr17	82414724	82414924	16	7.82623	1	(12,16)	9.89239	1	13.4063
chr2	102144940	102145140	4	5.7073	1	(4,20)	6.67657	1	13.395
chr16	88535592	88535792	11	5.46219	1	(4,11)	6.38526	1	13.3918
chr6	35429223	35429423	21	4.73984	1	(11,21)	3.50605	1	13.3905
chr4	150584048	150584248	23	4.75362	1	(20,23)	3.98841	1	13.3678
chr21	10341056	10341256	21	5.35343	1	(3,21)	3.4855	1	13.3641
chr12	114677595	114677795	20	5.58266	1	(20,24)	3.37581	1	13.3254
chr19	8525916	8526116	1	9.36978	1	(1,11)	7.89977	1	13.3197
chr19	8525516	8525716	1	9.36978	1	(1,11)	7.89977	1	13.3197
chr1	7827140	7827340	22	7.61311	1	(20,22)	5.25811	1	13.3169
chr19	1227401	1227601	11	4.91494	1	(1,11)	3.74988	1	13.315
chr17	31525782	31525982	1	5.54357	1	(1,11)	3.74988	1	13.3049
chr19	58277234	58277434	4	5.4582	1	(4,20)	6.67657	1	13.2904
chr19	57748632	57748832	4	5.4582	1	(4,20)	6.67657	1	13.2904
chr19	58274434	58274634	11	7.69575	1	(11,20)	9.86192	1	13.2882
chr12	123941853	123942053	11	7.69575	1	(11,20)	9.86192	1	13.2882
chr10	99741243	99741443	11	7.69575	1	(11,20)	9.86192	1	13.2882
chr7	63900822	63901022	22	4.81802	1	(20,22)	3.38841	1	13.2872
chr7	22193382	22193582	22	9.69127	1	(20,22)	7.17682	1	13.2797
chr4	131975645	131975845	22	9.69127	1	(20,22)	7.17682	1	13.2797
chr19	12194585	12194785	22	9.69127	1	(20,22)	7.17682	1	13.2797
chr16	3431800	3432000	22	9.69127	1	(20,22)	7.17682	1	13.2797
chr19	27245692	27245892	21	5.22897	1	(3,21)	3.4855	1	13.2761
chr19	27243692	27243892	21	5.22897	1	(3,21)	3.4855	1	13.2761
chr2	132255227	132255427	21	5.0255	1	(1,21)	3.22916	1	13.263
chr19	53539346	53539546	4	7.5136	1	(4,11)	9.92886	1	13.2411
chr22	17191110	17191310	16	7.94437	1	(7,16)	10.1287	1	13.2075
