chr7	27183200	27233200	3
chr2	132996000	133046000	12
chr16	33929800	33979800	12
chr7	27167000	27217000	3
chr16	33922000	33972000	12
chr16	15898800	15948800	2
chr2	176968600	177018600	2
chr16	15893800	15943800	2
chr17	46647000	46697000	3
chr17	46654600	46704600	3
chr17	46640200	46690200	3
chr4	174418400	174468400	3
chr3	123368200	123418200	3
chr2	220281400	220331400	14
chr5	140762400	140812400	8
chr10	39103400	39153400	8
chr4	174420800	174470800	3
chr2	218681200	218731200	3
chr15	96862000	96912000	12
chr21	10810800	10860800	8
chr12	133655400	133705400	2
chr15	25265600	25315600	8
chr19	58739000	58789000	8
chr5	92900800	92950800	3
chr19	58475800	58525800	3
chr10	97148800	97198800	1
chr2	89830400	89880400	8
chr22	36718000	36768000	3
chr15	25315800	25365800	8
chr2	218760400	218810400	3
chr19	58680600	58730600	8
chr10	42358400	42408400	8
chr19	37106000	37156000	8
chr21	11097200	11147200	8
chr19	38034000	38084000	8
chr19	9437600	9487600	8
chr19	37350400	37400400	8
chr19	57047600	57097600	2
chr19	37201000	37251000	8
chr2	133009400	133059400	12
chr4	415000	465000	4
chr19	37904600	37954600	8
chr2	220307200	220357200	3
chr16	86509000	86559000	3
chr22	46460400	46510400	3
chr15	25238400	25288400	8
chr19	37031200	37081200	8
chr2	218751400	218801400	3
chr10	38769200	38819200	8
chr2	218765800	218815800	3
chr16	46385800	46435800	8
chr19	56921200	56971200	8
chr3	75766600	75816600	8
chr19	58041200	58091200	8
chr19	37613200	37663200	1
chr4	47800	97800	12
chr2	206548600	206598600	10
chr4	39800	89800	12
chr12	54364400	54414400	12
chr19	37884200	37934200	8
chr4	49108000	49158000	8
chr19	44380800	44430800	8
chr5	178360200	178410200	8
chr19	52875600	52925600	8
chr9	96692000	96742000	3
chr3	75758000	75808000	8
chr19	44379600	44429600	8
chr19	56935000	56985000	8
chr22	46452400	46502400	3
chr4	35400	85400	12
chr20	61143800	61193800	11
chr5	140691200	140741200	8
chr22	36735800	36785800	3
chr9	96703600	96753600	3
chr4	399600	449600	4
chr19	58544800	58594800	10
chrX	39921400	39971400	11
chr8	124509800	124559800	3
chr19	58550200	58600200	11
chr15	99637200	99687200	12
chr2	220264600	220314600	3
chr2	66657800	66707800	3
chr4	332600	382600	8
chr19	53705800	53755800	8
chr4	127800	177800	8
chr14	69350800	69400800	6
chr4	33600	83600	12
chr19	52953600	53003600	2
chr19	53703800	53753800	8
chr5	140612400	140662400	8
chr16	31742000	31792000	8
chr3	147092800	147142800	11
chrX	39929800	39979800	11
chr19	58255200	58305200	3
chr19	38090600	38140600	8
chr16	31742600	31792600	8
chr19	44932200	44982200	2
chr19	58439200	58489200	8
chr19	52886200	52936200	8
chr9	124042000	124092000	3
