chr16	87360200	87402600	4
chr1	226203000	226244600	1
chr10	97663400	97706400	9
chr2	58407800	58449600	22
chr2	202358800	202400200	9
chr22	40613600	40655800	9
chr8	103477000	103522000	22
chr1	230621400	230662000	2
chr2	222299200	222339800	22
chr1	38025800	38066600	22
chr16	15034600	15075000	4
chr8	7070000	7114200	23
chr6	158213000	158253600	4
chr9	111878000	111923200	4
chr4	122712200	122752600	1
chr16	11718200	11761800	9
chr21	45622800	45663000	22
chr15	100859000	100899600	23
chr20	3776800	3819200	9
chr16	66406800	66447400	22
chr4	7024200	7066200	4
chr22	36328800	36377800	10
chr5	81951000	81991400	1
chr20	2772600	2821800	2
chr5	32600	74200	23
chr8	30791200	30831800	4
chr7	128719800	128764800	4
chr16	48570200	48615800	20
chr4	7049000	7092200	16
chrX	69481800	69527000	22
chr11	9071200	9111800	22
chr19	33354600	33398200	9
chr1	27131600	27174400	9
chr6	32166200	32209600	9
chr19	4578000	4619000	23
chr11	69753600	69796000	23
chr15	74112200	74155600	23
chr4	13502000	13543400	23
chr2	232465200	232508600	23
chr10	128266200	128307400	23
chr17	38651000	38693400	23
chr20	2784400	2826000	23
chr20	62200600	62241800	23
chr14	77249600	77291600	23
chr15	65375400	65417200	23
chr3	129323600	129365200	2
chr17	46798600	46842400	2
chr14	90738200	90778600	1
chr9	87706200	87748800	22
chr19	21360000	21403800	20
chr2	127263000	127304600	20
chr12	50745400	50786200	9
chr2	84952400	84993600	9
chr6	26068200	26108600	16
chr20	32742200	32782600	1
chr19	53471600	53514800	20
chr1	31625200	31665800	2
chr17	79793200	79833800	22
chr12	132742600	132783400	4
chr11	33711400	33755200	9
chr2	223922800	223964000	4
chr9	71425600	71468400	23
chr16	53481000	53522200	4
chr5	171286600	171330600	23
chr16	673600	715000	23
chr22	31062000	31104400	9
chr9	130694000	130736800	9
chr5	141500800	141544600	11
chr16	69168400	69209800	4
chr16	56588200	56638000	3
chr9	130822400	130867400	10
chr11	35644000	35686800	4
chr10	80113000	80154000	23
chr4	128689200	128729600	16
chr11	64840200	64887200	9
chr8	123396200	123436400	1
chr1	148933800	148979600	9
chr6	129687600	129729000	4
chr9	6394400	6435600	9
chr2	241248600	241291600	9
chr1	181069000	181113400	9
chr2	102165800	102209200	23
chr4	4998200	5039800	23
chr16	58663400	58703600	4
chr6	4111600	4152400	20
chr14	70921600	70967600	20
chr1	151179200	151221000	9
chr1	230048400	230095000	9
chr3	128597400	128637600	2
chr15	74853400	74893600	2
chr13	32587200	32629000	20
chr2	62733800	62775600	20
chr1	58765800	58807000	13
chr17	45128800	45169400	9
chr1	160960800	161002800	23
chr10	80336000	80378000	23
chr1	9273000	9318000	9
chrX	19494200	19535400	1
chr19	6178000	6219000	4
chr6	33250400	33291000	4
