chr2	132254227	132279227	11
chr7	27149781	27174781	11
chr10	8041837	8066837	10
chr17	79790201	79815201	11
chr2	172082072	172107072	10
chr16	34139133	34164133	8
chr13	99967346	99992346	11
chr15	96321371	96346371	3
chr4	46804	73108	8
chr19	58182033	58207234	1
chr5	141407833	141432833	1
chr6	10402167	10427167	11
chr7	27094381	27119381	12
chr11	31797052	31822253	11
chr17	48575838	48600838	12
chr9	63811266	63836266	11
chr15	25052253	25077253	8
chr17	61392639	61417639	12
chr10	41837808	41862808	8
chr12	53973016	53998016	11
chr5	141397633	141422633	1
chr15	96333171	96358171	3
chr19	58241834	58266834	8
chr7	27176981	27201981	11
chr6	1603365	1628365	10
chr2	132244027	132269027	11
chr4	110610444	110635444	11
chr4	38799	64908	8
chr12	114664595	114689595	2
chr7	156998906	157023906	10
chr19	1250201	1275201	3
chr17	79796201	79821201	11
chr2	222288481	222313481	11
chr2	91608974	91633974	8
chr9	63805466	63830466	11
chr12	57219217	57244217	11
chr19	57979832	58004832	5
chr5	93570294	93595294	11
chr10	99518643	99543643	10
chr12	53998216	54023216	11
chr14	60635482	60660482	11
chr19	44473183	44500748	2
chr12	4268434	4293434	3
chr2	44931661	44956661	10
chr17	48602038	48627038	11
chr16	34152533	34177533	8
chr2	91607374	91632374	8
chr17	61396639	61421639	12
chr12	133081414	133106414	1
chr4	173514849	173539849	11
chr10	123132084	123157084	11
chr9	123996521	124021521	11
chr4	4851073	4876073	11
chr3	128475157	128500157	11
chr8	11689691	11714691	12
chr15	25077453	25102453	8
chr22	46057120	46082120	3
chr19	1247601	1272601	3
chr15	67816662	67841662	11
chr15	52782203	52807203	11
chr22	46054520	46079520	3
chr12	4269834	4294834	3
chr3	147389013	147414013	11
chr19	13006786	13031786	11
chr16	67154297	67179297	11
chr12	57221217	57246217	11
chr14	37581995	37606995	11
chr18	22161839	22186839	11
chr10	8049437	8074437	10
chr12	133039214	133064214	8
chr16	86493394	86518394	11
chr4	49632983	51794034	8
chr2	74496473	74521473	11
chr2	176116272	176141272	10
chr10	101213643	101238643	11
chr2	89816190	89841190	8
chr2	176078272	176103272	11
chr4	13524576	13549576	11
chr1	90706043	90731043	11
chr7	101158119	101183119	11
chr6	98823724	98848724	11
chr7	97002888	97027888	11
chr20	22562362	22587362	12
chr11	826400	851400	3
chr13	27956863	27981863	11
chr3	134352558	134377558	3
chr6	1372765	1397765	11
chr12	133133214	133158214	8
chr19	57530432	57555432	8
chr5	88670982	88696183	11
chr8	143928032	143953032	3
chr19	36538098	36563098	8
chr21	36688300	36713300	11
chr10	100728243	100753243	11
chr2	104842342	104867342	11
chr2	118834024	118859024	11
chr17	36924316	36951100	11
chr1	919020	944020	11
chr19	52299947	52324947	8
chr2	218979678	219004678	11
