chr10	41839408	42105752	8
chr15	25048053	25098053	8
chr19	58166033	58216234	8
chr12	133078614	133128614	8
chr12	53968416	54018416	11
chr19	51958947	52008947	8
chr7	27154581	27204581	11
chr19	36705898	36755898	8
chr19	51855147	51905147	8
chr4	424411	474411	8
chr2	176087272	176137272	11
chr19	57529632	57579632	8
chr19	58230234	58280234	1
chr19	51850747	51900747	8
chr19	36513698	36563698	1
chr21	10688256	10738256	8
chr10	38485072	38581069	8
chr12	133031414	133081414	8
chr10	38811669	41693608	8
chr4	336811	386811	1
chr17	48596038	48646038	11
chr2	89787797	89844190	8
chr19	44446616	44500948	8
chr5	93564694	93614694	11
chr10	11163437	11213437	3
chr13	99952146	100002146	12
chr19	58156633	58206633	8
chr19	37412298	37462298	8
chr19	23335598	23385598	8
chr19	52281747	52331747	1
chr4	409611	459611	8
chr19	52031947	52081947	8
chr17	48707438	48757438	11
chr9	114348720	114398720	3
chr19	37536298	37586499	8
chr19	44450212	44504148	8
chr19	51919147	51969147	8
chr19	36858498	36908498	8
chr19	37386498	37436498	8
chr19	36719298	36769298	8
chr5	170253996	170303996	3
chr6	10380167	10430167	10
chr4	49102583	49152583	8
chr5	88652382	88702583	11
chr19	37529498	37579699	8
chr4	173499649	173549649	11
chr7	50303204	50365302	1
chr12	133146814	133196814	8
chr19	57962032	58012032	1
chr19	58093833	58143833	8
chr6	30444423	30494423	3
chr19	36617498	36667498	1
chr19	56393031	56443031	1
chr19	56393231	56443231	1
chr20	30397724	31245797	8
chr4	349211	399211	8
chr19	57956832	58006832	1
chr2	176140072	176190072	11
chr19	37123098	37173098	1
chr12	133150014	133200014	8
chr15	96320571	96370571	11
chr6	28768423	28818423	12
chr19	52082147	52132147	8
chr15	25020853	25070853	8
chr11	31793652	31844054	10
chr19	37121898	37171898	8
chr10	11146237	11196237	3
chr19	53196947	53246947	1
chr19	56536431	56586632	1
chr4	124118	184811	1
chr11	67242529	67292529	1
chr16	3281600	3331600	8
chr2	172071272	172121272	11
chr16	3364600	3414600	1
chr19	57746632	57796632	1
chr10	100709043	100759043	11
chr19	36496898	36546898	1
chr19	52369547	52419547	1
chr16	3278200	3328200	8
chr3	75704649	75754649	8
chr19	36788898	36838898	1
chr4	121120	182011	1
chr19	52538947	52588947	1
chr10	8025837	8075837	11
chr17	38558364	38608947	12
chr16	34130133	34180133	11
chr9	123995921	124045921	11
chr12	54018616	54068616	11
chr17	79796001	79846001	11
chr2	218956478	219006478	11
chr7	96983888	97033888	11
chr10	71726443	71776443	3
chr10	123117284	123167284	11
chr19	1237001	1287001	3
chr22	36327555	36377555	3
chr19	57599232	57649232	8
chr1	227631099	227681099	8
chr4	13500776	13550776	11
chr5	180244000	180294000	1
chr8	11675491	11725491	12
