chr6	27762600	27762800	1	8.0581	1	(1,16)	13.7468	1	15.8366
chr6	27762400	27762600	16	7.22905	1	(1,16)	6.54004	1	15.124
chr17	42669200	42669400	7	6.79837	1	(3,7)	5.63464	1	14.7188
chr21	8987000	8987200	8	7.43786	1	(8,16)	5.46985	1	14.652
chr1	39559200	39559400	1	7.31591	1	(1,5)	6.488	1	14.5771
chr11	66069400	66069600	3	10.1552	1	(3,7)	8.74444	1	14.5274
chr7	1070600	1070800	8	7.90207	1	(8,13)	6.39827	1	14.5009
chr8	144791000	144791200	8	14.4752	1	(8,8)	14.4752	1	14.4752
chr7	5528800	5529000	8	14.4752	1	(8,8)	14.4752	1	14.4752
chr7	100099600	100099800	8	14.4752	1	(8,8)	14.4752	1	14.4752
chr6	34424800	34425000	8	14.4752	1	(8,8)	14.4752	1	14.4752
chr6	33782400	33782600	8	14.4752	1	(8,8)	14.4752	1	14.4752
chr5	181242200	181242400	8	14.4752	1	(8,8)	14.4752	1	14.4752
chr3	51994600	51994800	8	14.4752	1	(8,8)	14.4752	1	14.4752
chr22	39317400	39317600	8	14.4752	1	(8,8)	14.4752	1	14.4752
chr2	231712200	231712400	8	14.4752	1	(8,8)	14.4752	1	14.4752
chr2	209305600	209305800	8	14.4752	1	(8,8)	14.4752	1	14.4752
chr19	49489600	49489800	8	14.4752	1	(8,8)	14.4752	1	14.4752
chr19	47158400	47158600	8	14.4752	1	(8,8)	14.4752	1	14.4752
chr19	4410000	4410200	8	14.4752	1	(8,8)	14.4752	1	14.4752
chr17	48056400	48056600	8	14.4752	1	(8,8)	14.4752	1	14.4752
chr17	28747200	28747400	8	14.4752	1	(8,8)	14.4752	1	14.4752
chr13	55577400	55577600	8	14.4752	1	(8,8)	14.4752	1	14.4752
chr1	27006600	27006800	8	14.4752	1	(8,8)	14.4752	1	14.4752
chr12	6536200	6536400	8	14.4752	1	(8,8)	14.4752	1	14.4752
chr12	56160000	56160200	8	14.4752	1	(8,8)	14.4752	1	14.4752
chr1	223024000	223024200	8	14.4752	1	(8,8)	14.4752	1	14.4752
chr11	62666600	62666800	8	14.4752	1	(8,8)	14.4752	1	14.4752
chr1	156077200	156077400	8	14.4752	1	(8,8)	14.4752	1	14.4752
chr1	155197000	155197200	8	14.4752	1	(8,8)	14.4752	1	14.4752
chr11	119420400	119420600	8	14.4752	1	(8,8)	14.4752	1	14.4752
chr9	137278800	137279000	14	6.80536	1	(5,14)	6.45236	1	14.4385
chr7	50069800	50070000	8	7.22143	1	(8,12)	5.44245	1	14.43
chr16	34147600	34147800	8	7.22143	1	(8,12)	5.44245	1	14.43
chr20	51221600	51221800	15	7.01185	1	(1,15)	6.83383	1	14.4269
chr12	6964600	6964800	7	9.92103	1	(1,7)	8.95405	1	14.3981
chr2	90190600	90190800	3	7.6939	1	(3,13)	12.0608	1	14.3627
chr22	49537000	49537200	3	7.6939	1	(3,13)	12.0608	1	14.3627
chr21	21851600	21851800	3	7.6939	1	(3,13)	12.0608	1	14.3627
chr9	128888400	128888600	8	10.5244	1	(3,8)	7.57351	1	14.3111
chr5	12662800	12663000	8	10.5244	1	(3,8)	7.57351	1	14.3111
chr4	52713600	52713800	8	10.5244	1	(3,8)	7.57351	1	14.3111
chr18	58864600	58864800	8	10.5244	1	(3,8)	7.57351	1	14.3111
chr13	51175000	51175200	8	10.5244	1	(3,8)	7.57351	1	14.3111
chr1	26413400	26413600	8	10.5244	1	(3,8)	7.57351	1	14.3111
chr11	57640400	57640600	8	10.5244	1	(3,8)	7.57351	1	14.3111
chr2	15945600	15945800	7	9.81622	1	(3,7)	8.74444	1	14.1884
chr5	147869200	147869400	8	7.16906	1	(3,8)	10.3747	1	14.0199
chr17	28746400	28746600	8	7.16906	1	(3,8)	10.3747	1	14.0199
chr16	19861600	19861800	8	7.16906	1	(3,8)	10.3747	1	14.0199
chr15	84604200	84604400	8	7.16906	1	(3,8)	10.3747	1	14.0199
chr22	36329600	36329800	3	6.90783	1	(3,7)	5.63464	1	13.9719
chr19	2042600	2042800	3	6.90783	1	(3,7)	5.63464	1	13.9719
chr17	28746600	28746800	3	6.90783	1	(3,7)	5.63464	1	13.9719
chr1	223022800	223023000	3	6.90783	1	(3,7)	5.63464	1	13.9719
chr1	156673600	156673800	3	6.90783	1	(3,7)	5.63464	1	13.9719
chr3	196517200	196517400	3	7.22567	1	(3,13)	5.69707	1	13.9556
chrX	154399400	154399600	8	10.3374	1	(1,8)	7.1996	1	13.9372
chr9	127449200	127449400	8	10.3374	1	(1,8)	7.1996	1	13.9372
chr6	73519000	73519200	8	10.3374	1	(1,8)	7.1996	1	13.9372
chr6	132816000	132816200	8	10.3374	1	(1,8)	7.1996	1	13.9372
chr20	49283200	49283400	8	10.3374	1	(1,8)	7.1996	1	13.9372
chr19	17860600	17860800	8	10.3374	1	(1,8)	7.1996	1	13.9372
chr17	16440000	16440200	8	10.3374	1	(1,8)	7.1996	1	13.9372
chr1	28507800	28508000	8	10.3374	1	(1,8)	7.1996	1	13.9372
chr12	49130000	49130200	8	10.3374	1	(1,8)	7.1996	1	13.9372
chr11	8684200	8684400	8	10.3374	1	(1,8)	7.1996	1	13.9372
chr1	173866200	173866400	8	10.3374	1	(1,8)	7.1996	1	13.9372
chr11	62854000	62854200	8	10.3374	1	(1,8)	7.1996	1	13.9372
chr11	94237800	94238000	7	3.67287	1	(3,12)	2.71093	1	13.9326
chr21	23384400	23384600	1	7.23456	1	(1,13)	12.0997	1	13.9227
chr21	23383800	23384000	1	7.23456	1	(1,13)	12.0997	1	13.9227
chr19	50658600	50658800	1	6.25371	1	(1,12)	5.53322	1	13.8772
chr10	70673200	70673400	15	9.4318	1	(3,15)	8.81006	1	13.8368
chr22	39230400	39230600	15	6.63468	1	(8,15)	5.63884	1	13.8198
chr2	119794400	119794600	9	6.36246	1	(9,12)	5.31833	1	13.7951
chr22	48369200	48369400	3	7.38964	1	(3,12)	5.7552	1	13.7942
chr15	22099000	22099200	3	7.38964	1	(3,12)	5.7552	1	13.7942
chr1	4447800	4448000	3	7.38964	1	(3,12)	5.7552	1	13.7942
chr17	43323400	43323600	8	7.35204	1	(8,14)	10.7407	1	13.783
chr6	35471200	35471400	8	6.33926	1	(1,8)	4.60475	1	13.7741
chr6	33274000	33274200	8	6.33926	1	(1,8)	4.60475	1	13.7741
chr5	82276800	82277000	8	6.33926	1	(1,8)	4.60475	1	13.7741
chr3	134372000	134372200	7	7.12434	1	(7,14)	11.1477	1	13.7589
chr19	6534600	6534800	7	7.12434	1	(7,14)	11.1477	1	13.7589
chr17	65557800	65558000	7	7.12434	1	(7,14)	11.1477	1	13.7589
chr19	57191000	57191200	12	6.51732	1	(3,12)	5.7552	1	13.7326
chrX	49039400	49039600	8	10.2122	1	(8,9)	6.94909	1	13.6867
chr9	2811200	2811400	8	10.2122	1	(8,9)	6.94909	1	13.6867
chr8	26640800	26641000	8	10.2122	1	(8,9)	6.94909	1	13.6867
chr8	127813400	127813600	8	10.2122	1	(8,9)	6.94909	1	13.6867
chr7	140456600	140456800	8	10.2122	1	(8,9)	6.94909	1	13.6867
chr6	125701000	125701200	8	10.2122	1	(8,9)	6.94909	1	13.6867
chr3	11601000	11601200	8	10.2122	1	(8,9)	6.94909	1	13.6867
chr2	241354400	241354600	8	10.2122	1	(8,9)	6.94909	1	13.6867
chr18	3456400	3456600	8	10.2122	1	(8,9)	6.94909	1	13.6867
chr16	19860000	19860200	8	10.2122	1	(8,9)	6.94909	1	13.6867
chr12	57094600	57094800	8	10.2122	1	(8,9)	6.94909	1	13.6867
chr1	2277800	2278000	8	10.2122	1	(8,9)	6.94909	1	13.6867
chr11	64764200	64764400	8	10.2122	1	(8,9)	6.94909	1	13.6867
