chr2	132266427	132276427	12
chr13	99982146	99992146	3
chr14	56798882	56808882	3
chr13	99965346	99975346	3
chr8	41300681	41310681	12
chr20	49278663	49288663	3
chr4	190013045	190023045	11
chr9	63821266	63831266	8
chr4	190012845	190022845	11
chr8	41301881	41311881	12
chr13	99966146	99976146	3
chrX	40164147	40174147	12
chr20	58839145	58849145	11
chr7	131546041	131556041	3
chr13	99983946	99993946	3
chr16	34150133	34160133	11
chr5	2739886	2749886	6
chr1	112697978	112707978	6
chr8	71678565	71688565	3
chrX	40081147	40091147	11
chr1	26411109	26421109	3
chr7	131546841	131556841	3
chrX	71096750	71106750	11
chrX	71096150	71106150	11
chr5	2741286	2751286	6
chr3	32816908	32826908	6
chr2	91623774	91633774	11
chr8	71685765	71695765	3
chr1	232125854	232135854	8
chrX	71097550	71107550	11
chr5	2742886	2752886	6
chr1	26412709	26422709	3
chr6	158807768	158817768	3
chr2	207761676	207771676	3
chrX	40083147	40093147	11
chrX	40147947	40157947	2
chrX	40143947	40153947	11
chrX	40141747	40151747	11
chr14	53943082	53953082	4
chrX	83500792	83510792	9
chr17	21315488	21325488	11
chr12	113468595	113478595	12
chrX	133408972	133418972	3
chr7	122300346	122310346	1
chr13	99975746	99985746	3
chr13	99957546	99967546	3
chr2	91621374	91631374	11
chrX	40002747	40012747	11
chr14	53945082	53955082	4
chr5	116562704	116572704	2
chr9	40920371	40930371	8
chrX	137566841	137576841	2
chr2	91621174	91631174	11
chrX	152889256	152899256	11
chrX	40160747	40170747	11
chr2	44936261	44946261	12
chr13	99957346	99967346	3
chrX	153877745	153887946	12
chr1	180231265	180241265	11
chr5	25435491	25445491	3
chr10	21497671	21507671	2
chrX	120301745	120311745	11
chr10	8055837	8065837	11
chr2	144510233	144520233	2
chr11	94648234	94658234	3
chr7	101163519	101173519	11
chr3	137760358	137770358	11
chr5	18662091	18672091	3
chr17	76130319	76140319	2
chr2	144509233	144519233	2
chr21	41760040	41770040	11
chr17	48541038	48551038	11
chr1	90832043	90842043	10
chr11	94647834	94657834	3
chr17	76131119	76141119	2
chr20	58836945	58846945	11
chrX	74280565	74290565	6
chr7	101162319	101172319	11
chr2	236166157	236176157	12
chr14	60640682	60650682	11
chr4	110609044	110619044	11
chr7	20787781	20797781	11
chr10	8054437	8064437	11
chr11	31815052	31825253	11
chr21	10670856	10680856	8
chr3	62369925	62379925	11
chr7	122306346	122316346	1
chr1	197911270	197921270	12
chr5	18662691	18672691	3
chr3	147404213	147414213	11
chr4	110611044	110621044	11
chr10	69567844	69577844	11
chr11	65496729	65506729	3
chr14	60640082	60650082	11
chrX	8723759	8733759	11
chr6	137486463	137496463	13
chr8	41295681	41305681	12
chr3	147403813	147413813	11
chr16	73052101	73062101	11
chr15	52791603	52801603	11
