chr15	25046253	25096253	8
chr10	41839408	42105752	8
chr21	10688256	10738256	8
chr19	58166833	58217034	8
chr19	58227634	58277634	8
chr12	133078814	133128814	8
chr10	38811469	38861469	8
chr2	89787797	89844190	8
chr10	38485272	38581269	8
chr19	57960432	58010432	8
chr4	421011	471011	8
chr19	36710098	36760098	8
chr16	34127533	34177533	8
chr3	75704049	75754049	8
chr2	176067072	176117072	11
chr19	58155633	58205633	8
chr19	36513498	36563498	8
chr19	57529432	57579432	8
chr21	10364656	10414656	8
chr4	416211	466211	8
chr19	36702898	36752898	8
chr2	132238227	132288227	11
chr16	34134333	34184333	8
chr19	37536098	37586299	8
chr4	40399	93713	10
chr3	75722449	75772449	8
chr19	36858498	36908498	8
chr19	51992747	52042747	8
chr12	53927216	53977216	11
chr19	44447412	44501348	8
chr19	36617498	36667498	8
chr20	30398724	31246797	8
chr19	58096433	58146433	8
chr4	49104583	49154583	8
chr5	141382633	141432633	8
chr5	141382833	141432833	8
chr4	50106	103713	10
chr10	100708243	100758243	11
chr19	56534431	56584632	2
chr19	9336924	9386924	8
chr2	132242027	132292027	11
chr19	44450612	44504548	8
chr19	37122898	37172898	8
chr17	48597838	48647838	11
chr19	56518431	56568431	2
chr19	51855347	51905347	8
chr19	37412498	37462498	8
chr7	27143381	27193381	3
chr12	132998214	133048214	8
chr19	9340124	9390124	8
chr5	178926799	178976799	1
chr12	133145814	133195814	8
chr19	57940232	57990232	8
chr19	51852147	51902147	8
chr13	99949546	99999546	11
chr19	36790898	36840898	8
chr12	132907414	132957414	8
chr19	56403231	56453231	2
chr17	48707838	48757838	11
chr4	49112583	49162583	8
chr19	37385298	37435298	8
chr12	53977416	54027416	10
chr16	3364600	3414600	8
chr12	133181214	133231214	8
chr4	336811	386811	8
chr4	341611	391611	8
chr3	147371813	147421813	11
chr6	10379167	10429167	10
chr16	36043029	46422488	8
chr19	52369547	52419547	1
chr12	132903414	132953414	8
chr19	53200747	53250747	8
chr19	37515298	37565298	8
chr7	27203381	27253381	11
chr8	11675691	11725691	12
chr16	3280400	3330400	3
chr19	51942147	51992147	8
chr19	52287347	52337347	8
chr7	155435705	155485705	11
chr15	96320571	96370571	3
chr19	56414631	56464631	8
chr10	41810608	41860608	8
chr2	176117272	176167272	11
chr19	1733801	1783801	12
chr1	227630699	227680699	8
chr19	23335198	23385198	8
chr2	92086974	92136974	8
chr15	25013053	25063053	8
chr7	6657769	6707769	6
chr6	28765223	28815223	10
chr10	101114643	101164643	11
chr21	10716456	10766456	8
chr19	43835048	43885048	8
chr7	96985488	97035488	11
chr9	123995721	124045721	11
chr19	57679032	57729032	2
chr11	31793652	31844054	11
chr2	118812824	118862824	11
chr2	91580143	91633774	8
chr7	1218764	1268764	12
