chr15	25046453	25096453	8
chr19	58168233	58218434	8
chr19	58229434	58279434	3
chr19	57960232	58010232	8
chr19	57529432	57579432	8
chr19	1236601	1286601	11
chr2	176080672	176130672	10
chr12	133078614	133128614	1
chr13	99949346	99999346	10
chr22	36323755	36373755	3
chr19	36513298	36563298	1
chr19	58093433	58143433	8
chr8	143928432	143978432	3
chr7	1221164	1271164	12
chr16	667400	717400	11
chr11	795200	845200	11
chr1	910420	960420	11
chr4	424611	474611	1
chr16	672400	722400	11
chr19	58096833	58146833	8
chr11	35138453	35188453	3
chr10	100709843	100759843	11
chr17	7213681	7263681	10
chr4	41999	95313	8
chr1	917820	967820	11
chr11	128473105	128523105	1
chr19	36795298	36845298	2
chr9	137156548	137206548	11
chr17	79795801	79845801	10
chr9	123992721	124042721	11
chr20	62988648	63038648	11
chr16	1960799	2010799	11
chr22	46064120	46114120	1
chr3	147374813	147424813	11
chr20	63453447	63503447	11
chr11	31794452	31844854	11
chr19	1423601	1473601	11
chr10	101205443	101255443	10
chr9	127520321	127570321	8
chr19	36703698	36753698	8
chr19	1741601	1791601	11
chr7	130872841	130922841	3
chr15	60351201	60401201	3
chr19	1429801	1479801	11
chr8	11675891	11725891	12
chr11	64222928	64272928	1
chr19	58148833	58198833	10
chr19	52033147	52083147	1
chr17	79092918	79142918	12
chr12	108809224	108859224	3
chr12	132907214	132957214	8
chr16	86472194	86522194	10
chr15	89358769	89408769	11
chr11	62527528	62577528	10
chr1	154960524	155010524	1
chr11	62525928	62575928	10
chr19	1254601	1304601	11
chr17	7557283	7607482	1
chr1	156097009	156147009	10
chr6	33272023	33322023	2
chr1	154959724	155009724	1
chr19	9525924	9575924	8
chr19	23344798	23394798	1
chr5	180243600	180293600	1
chr17	48597838	48647838	11
chr4	10068376	10118376	3
chr11	65851129	65901129	10
chr17	21275088	21325088	11
chr10	123117684	123167684	11
chr10	101112443	101162443	11
chr20	62436344	62486344	11
chr11	65381729	65431729	10
chr9	36999403	37049403	11
chr1	154963324	155013324	1
chr11	33688654	33738654	3
chr22	36293154	36343355	3
chr12	120215997	120265997	10
chr12	133030814	133080814	8
chr19	52090347	52140347	1
chr1	1304420	1354420	2
chr4	405411	455411	8
chr16	68528697	68578697	1
chr12	133181214	133231214	1
chr15	96321171	96371171	10
chr19	57936232	57986232	2
chr1	154955124	155005124	1
chr9	137127148	137177148	11
chr20	62510944	62588993	11
chr8	144803815	144853815	8
chr19	38647560	38697560	1
chr19	52369547	52419547	1
chr7	27155981	27205981	11
chr2	44906461	44956461	11
chr16	979200	1029200	10
chr16	3274600	3324600	3
chr19	1257401	1307401	11
chr19	56536431	56586632	1
chr21	36663102	36713500	11
chr17	28700982	28750982	3
chr10	123127484	123177484	11
