chr20	47895400	47905400	9
chr11	65266000	65276000	9
chr20	45975600	45985600	9
chr11	65185000	65195000	9
chr10	126837600	126847600	9
chr16	2199400	2209400	9
chr11	118786200	118796200	9
chr22	36723400	36733400	9
chr7	5562800	5572800	11
chr8	30247400	30257400	9
chr10	114710600	114720600	9
chr10	42355400	42365400	22
chr2	64071000	64081000	9
chr1	28831600	28841600	9
chr20	17943600	17953600	9
chr15	63334000	63344000	9
chr22	36756800	36766800	9
chr18	3449800	3459800	9
chr17	46124600	46134600	9
chr19	39152600	39162600	9
chr8	145013200	145023200	9
chr2	43445400	43455400	9
chr22	39706600	39716600	9
chr2	89870000	89880000	22
chr17	79475600	79485600	9
chr1	27893200	27903200	9
chr19	39152400	39162400	9
chr19	8920800	8930800	20
chr19	9671000	9681000	20
chr19	20219200	20229200	20
chr19	20726400	20736400	20
chr19	21551800	21561800	20
chr19	21990200	22000200	20
chr19	7075400	7085400	20
chr19	23402200	23412200	20
chr19	37002600	37012600	20
chr19	37034400	37044400	20
chr19	37197000	37207000	20
chr19	37236000	37246000	20
chr19	44978800	44988800	20
chr1	247143600	247153600	20
chr11	3378800	3388800	20
chr16	3356800	3366800	20
chr15	25321600	25331600	20
chr15	25311400	25321400	20
chr15	25301200	25311200	20
chr15	25291000	25301000	20
chr12	133759200	133769200	20
chr12	133720400	133730400	20
chr12	133673200	133683200	20
chr12	133625800	133635800	20
chr12	133615600	133625600	20
chr12	133582600	133592600	20
chr19	52392200	52402200	20
chr1	247314800	247324800	20
chr1	40919200	40929200	20
chr19	52373000	52383000	20
chr19	9636400	9646400	20
chr19	52440000	52450000	20
chr6	108234800	108244800	20
chr19	58754400	58764400	20
chr19	58764600	58774600	20
chr2	95874600	95884600	20
chr4	435400	445400	20
chr19	58045000	58055000	20
chr19	52467600	52477600	20
chr5	179678800	179688800	20
chr19	58487800	58497800	20
chr19	52814600	52824600	20
chr19	52617600	52627600	20
chr7	5096400	5106400	20
chr7	6726000	6736000	20
chr8	8212000	8222000	20
chr8	146059400	146069400	20
chr9	99520200	99530200	20
chr9	114298800	114308800	20
chr19	58638400	58648400	20
chr19	58696800	58706800	20
chr17	5084200	5094200	20
chr1	234738200	234748200	9
chr19	9404600	9414600	20
chr6	74224000	74234000	9
chr4	456800	466800	20
chr19	44994400	45004400	20
chr12	133690600	133700600	20
chr14	69253800	69263800	9
chr19	57080000	57090000	20
chr18	3447600	3457600	9
chr1	26738200	26748200	9
chr16	3333800	3343800	20
chr19	58126200	58136200	20
chr19	37307000	37317000	20
chr19	52878800	52888800	20
chr5	150273800	150283800	20
chr16	75279200	75289200	9
chr12	133657200	133667200	20
chr2	64484600	64494600	11
chr19	52495800	52505800	20
chr1	8930800	8940800	9
chr19	24299800	24309800	20
