chr14	99711200	99736200	23
chr17	46642800	46667800	22
chr17	46645200	46670200	22
chr5	133450200	133475200	22
chr7	27178600	27203600	1
chr7	27173400	27198400	1
chr14	106355000	106380000	24
chr5	133445400	133470400	22
chr14	99696000	99721000	23
chr19	53043000	53068000	5
chr19	32840200	32865200	20
chr19	19906600	19931600	4
chr19	23553000	23578000	4
chr7	64127600	64152600	4
chr19	32846800	32871800	20
chr19	52465200	52490200	4
chr19	58695600	58720600	4
chr12	133655800	133680800	22
chr19	9670800	9695800	4
chr19	58740800	58765800	4
chr19	52573000	52598000	4
chr19	37135800	37160800	22
chr15	25295400	25320400	20
chr12	133564000	133589000	4
chr11	118071600	118096600	4
chr19	58043200	58068200	20
chr15	96864800	96889800	22
chr5	179671200	179696200	20
chr19	52802200	52827200	20
chr19	58491200	58516200	4
chr4	329800	354800	4
chr1	25234600	25259600	23
chr19	23404000	23429000	20
chr19	9250400	9275400	4
chr19	37711800	37736800	20
chr11	118076000	118101000	4
chr14	23015000	23040000	18
chr19	37303400	37328400	4
chr19	58785600	58810600	1
chr7	27167000	27192000	1
chr4	125600	150600	4
chr4	441800	466800	4
chr19	37035600	37060600	20
chr12	133613000	133638000	22
chr19	37237000	37262000	4
chr12	133705800	133730800	22
chr22	37687600	37712600	13
chr11	3376400	3401400	1
chr14	93110800	93135800	11
chr19	23836600	23861600	20
chr19	21541400	21566400	4
chr19	52384000	52409000	22
chr19	44978600	45003600	4
chr19	36882600	36907600	20
chr16	75275600	75300600	22
chr1	247306000	247331000	5
chr15	25320600	25345600	20
chr19	58435200	58460200	22
chr19	52618400	52643400	1
chr19	21992000	22017000	20
chr10	8084400	8109400	4
chr11	117859600	117884600	22
chr5	169692400	169717400	18
chr8	134494000	134519000	13
chr19	12038800	12063800	5
chr16	3436600	3461600	4
chr7	63783800	63808800	5
chr5	178292400	178317400	20
chr16	68575600	68600600	20
chr19	38053600	38078600	20
chr11	67033600	67058600	22
chr19	37911200	37936200	20
chr10	11201800	11226800	13
chr5	169687600	169712600	18
chr15	63778600	63803600	1
chr19	20724000	20749000	1
chr7	63989200	64014200	20
chr19	19978400	20003400	4
chr15	81583800	81608800	13
chr16	68103200	68128200	1
chr19	52772200	52797200	4
chr19	53934400	53959400	4
chr8	134495800	134520800	13
chr15	75067400	75092400	13
chr1	169656600	169681600	4
chr19	56914200	56939200	4
chr19	37380000	37405000	20
chr11	120207000	120232000	23
chr19	37194400	37219400	20
chr19	58194200	58219200	4
chr19	37569800	37594800	4
chr5	39194600	39219600	22
chr8	134065800	134090800	13
chr19	1245800	1270800	1
chr19	37639800	37664800	16
chr19	37948800	37973800	1
chr11	65192000	65217000	11
chr2	238594800	238619800	22
chr16	75267600	75292600	22
chr11	117857000	117882000	22
