chr1	156373600	156398600	3
chr7	96627600	96652600	10
chr2	12857600	12882600	3
chr12	4377800	4402800	3
chr2	171669200	171694200	3
chr5	140853000	140878000	3
chr15	89912800	89937800	3
chr12	4368800	4393800	3
chr12	4388800	4413800	3
chr20	21483600	21508600	10
chr20	21484600	21509600	10
chr19	58483200	58508200	8
chr19	58695400	58720400	8
chr19	57112000	57137000	8
chr15	25294800	25319800	8
chr19	58748400	58773400	8
chr2	171665000	171690000	3
chr10	42373800	42398800	8
chr19	37107000	37132000	8
chr4	13526200	13551200	11
chr19	37023400	37048400	8
chr22	46465800	46490800	3
chr19	21989600	22014600	8
chrX	39941800	39966800	10
chr12	133615200	133640200	8
chr19	37295800	37320800	8
chr2	176940400	176965400	10
chr12	133661600	133686600	8
chr7	6722200	6747200	3
chr15	53073600	53098600	10
chr16	68575600	68600600	8
chr2	217497800	217522800	10
chr19	58781400	58806400	8
chr10	8073000	8098000	10
chr5	178487000	178512000	8
chr2	172946800	172971800	3
chr4	52600	77600	8
chr21	10787200	10812200	8
chr6	10402400	10427400	10
chr4	49633400	49658400	8
chr4	4850000	4875000	10
chr2	237064400	237089400	11
chr22	46463600	46488600	3
chr10	8077200	8102200	10
chr15	89906400	89931400	3
chr4	13521600	13546600	12
chr10	124890800	124915800	10
chr10	124887000	124912000	10
chr4	4855000	4880000	10
chr19	9435800	9460800	8
chr1	91171600	91196600	10
chr7	156789600	156814600	10
chr10	102973600	102998600	10
chr17	35277600	35302600	10
chr19	44978200	45003200	8
chr10	102973200	102998200	10
chr2	237063800	237088800	11
chr10	131746600	131771600	11
chr15	86286800	86311800	3
chr5	178383400	178408400	8
chr19	9670800	9695800	8
chr5	140860200	140885200	3
chr1	205304200	205329200	3
chr17	5972400	5997400	3
chr15	68109200	68134200	10
chr15	68109000	68134000	10
chr2	133014200	133039200	11
chr2	175184800	175209800	10
chr19	54926000	54951000	3
chrX	39940000	39965000	10
chr12	133504600	133529600	8
chr4	174435600	174460600	10
chr21	38059000	38084000	10
chr19	9482000	9507000	8
chr12	133711400	133736400	8
chr19	58633000	58658000	8
chr4	81103800	81128800	10
chr9	139411800	139436800	3
chr10	77150800	77175800	11
chr1	156390600	156415600	3
chr5	179672000	179697000	8
chr7	27220800	27245800	10
chr19	52615200	52640200	8
chr5	87961000	87986000	3
chr2	223160800	223185800	10
chr1	119527000	119552000	10
chr4	330000	355000	3
chr5	170730800	170755800	10
chr19	24298400	24323400	8
chr19	37635200	37660200	8
chr19	56914600	56939600	8
chr7	155241000	155266000	11
chr6	1603600	1628600	11
chr19	19980000	20005000	8
chr16	33950000	33975000	8
chr2	105459000	105484000	3
chr14	61102200	61127200	11
chr5	140787000	140812000	8
chr15	93592000	93617000	3
chr6	29570400	29595400	3
