chr19	58752600	58762600	20
chr15	25320600	25330600	20
chr19	58641400	58651400	20
chr5	178140400	178150400	20
chr19	52468600	52478600	20
chr19	52394800	52404800	20
chr19	9672200	9682200	20
chr16	68584600	68594600	20
chr12	133616200	133626200	20
chr15	25330800	25340800	20
chr19	58696800	58706800	20
chr8	146060800	146070800	20
chr12	133582400	133592400	20
chr19	58762800	58772800	20
chr19	7075400	7085400	20
chr19	58490200	58500200	20
chr7	6726400	6736400	20
chr12	133759800	133769800	20
chr19	37726000	37736000	20
chr19	52817200	52827200	20
chr19	58042000	58052000	20
chr19	58715600	58725600	20
chr5	179681400	179691400	20
chr19	12052600	12062600	20
chr19	52518800	52528800	20
chr19	58054000	58064000	20
chr19	9637200	9647200	20
chr12	133516800	133526800	20
chr19	37037800	37047800	20
chr19	44994200	45004200	20
chr19	37240600	37250600	20
chr12	133673600	133683600	20
chr12	133658400	133668400	20
chr19	44982000	44992000	20
chr19	37201400	37211400	20
chr19	8916400	8926400	20
chr19	9404400	9414400	20
chr19	58502000	58512000	20
chr19	52536400	52546400	20
chr19	52495800	52505800	20
chr19	37309600	37319600	20
chr19	9487600	9497600	20
chr19	20726400	20736400	20
chr19	37915400	37925400	20
chr19	9524200	9534200	20
chr2	95811400	95821400	20
chr19	58126400	58136400	20
chr19	58257600	58267600	20
chr9	99519800	99529800	20
chr19	23526200	23536200	20
chr19	44339200	44349200	20
chr19	12633000	12643000	20
chr19	56918200	56928200	20
chr12	133720400	133730400	20
chr19	14823400	14833400	20
chr16	3357600	3367600	20
chr5	178301000	178311000	20
chr19	52619600	52629600	20
chr19	37870800	37880800	20
chr19	37643800	37653800	20
chr19	52566800	52576800	20
chr19	19819200	19829200	20
chr19	37004400	37014400	20
chr19	38068600	38078600	20
chr19	52879000	52889000	20
chr19	9445800	9455800	20
chr19	58942400	58952400	20
chr4	343200	353200	20
chr4	457200	467200	20
chr19	58080800	58090800	1
chr19	52439000	52449000	20
chr19	21991200	22001200	20
chr19	37130600	37140600	20
chr16	3333800	3343800	20
chr2	95876400	95886400	20
chr19	58210800	58220800	20
chr17	4989000	4999000	20
chr19	37380400	37390400	20
chr19	58774000	58784000	20
chr19	53452000	53462000	20
chr11	65187000	65197000	9
chr19	57052200	57062200	20
chr19	58192800	58202800	4
chr19	44464800	44474800	20
chr19	52908600	52918600	20
chr16	3453600	3463600	20
chr12	133501800	133511800	20
chr16	3437000	3447000	20
chr11	65265600	65275600	9
chr4	444000	454000	20
chr19	44731600	44741600	20
chr19	37597400	37607400	20
chr19	53051400	53061400	20
chr19	53300000	53310000	20
chr19	52372000	52382000	20
chr19	53848800	53858800	20
chr12	133694800	133704800	20
chr19	58436800	58446800	20
chr4	421600	431600	20
chr19	44931000	44941000	20
