chr16	87394000	87436400	4
chr1	226390800	226432400	1
chr10	99423200	99466200	9
chr2	58635000	58676800	22
chr2	203223600	203265000	9
chr22	41009800	41052000	9
chr8	104489400	104534400	22
chr1	230757200	230797800	2
chr2	223164000	223204600	22
chr1	38491600	38532400	22
chr16	15128600	15169000	4
chr8	6927600	6971800	23
chr6	158634200	158674800	4
chr9	114640400	114685600	4
chr4	123633400	123673800	1
chr16	11812200	11855800	9
chr21	47042800	47083000	22
chr15	101399400	101440000	23
chr20	3757600	3800000	9
chr16	66440800	66481400	22
chr4	7026000	7068000	4
chr22	36725000	36774000	10
chr5	81247000	81287400	1
chr20	2753400	2802600	2
chr5	32800	74400	23
chr8	30648800	30689400	4
chr7	128360000	128405000	4
chr16	48604200	48649800	20
chr4	7050800	7094000	16
chrX	68701800	68747000	22
chr11	9092800	9133400	22
chr19	33845600	33889200	9
chr1	27458200	27501000	9
chr6	32134000	32177400	9
chr19	4578200	4619200	23
chr11	69568400	69610800	23
chr15	74404600	74448000	23
chr4	13503800	13545200	23
chr2	233330000	233373400	23
chr10	130064600	130105800	23
chr17	36807400	36849800	23
chr20	2765200	2806800	23
chr20	60775800	60817000	23
chr14	77716000	77758000	23
chr15	65667800	65709600	23
chr3	129042600	129084200	2
chr17	44876000	44919800	2
chr14	91204600	91245000	1
chr9	90321200	90363800	22
chr19	21543000	21586800	20
chr2	128020600	128062200	20
chr12	51139200	51180000	9
chr2	85179600	85220800	9
chr6	26068600	26109000	16
chr20	31330200	31370600	1
chr19	53975000	54018200	20
chr1	32091000	32131600	2
chr17	77767000	77807600	22
chr12	133319200	133360000	4
chr11	33733000	33776800	9
chr2	224787600	224828800	4
chr9	74040600	74083400	23
chr16	53515000	53556200	4
chr5	170713800	170757800	23
chr16	723600	765000	23
chr22	31458000	31500400	9
chr9	133569400	133612200	9
chr5	140880400	140924200	11
chr16	69202400	69243800	4
chr16	56622200	56672000	3
chr9	133697800	133742800	10
chr11	35665600	35708400	4
chr10	81872800	81913800	23
chr4	129610400	129650800	16
chr11	64607800	64654800	9
chr8	124408600	124448800	1
chr1	144904800	144950600	9
chr6	130008800	130050200	4
chr9	6394400	6435600	9
chr2	242188200	242231200	9
chr1	181038200	181082600	9
chr2	102782400	102825800	23
chr4	5000000	5041600	23
chr16	58697400	58737600	4
chr6	4112000	4152800	20
chr14	71388400	71434400	20
chr1	151151800	151193600	9
chr1	230184200	230230800	9
chr3	128316400	128356600	2
chr15	75145800	75186000	2
chr13	33161400	33203200	20
chr2	62961000	63002800	20
chr1	59231600	59272800	13
chr17	43206200	43246800	9
chr1	160930600	160972600	23
chr10	82095800	82137800	23
chr1	9333200	9378200	9
chrX	19512400	19553600	1
chr19	6178200	6219200	4
chr6	33218200	33258800	4
