chr11	67266729	67291729	2
chr9	114362720	114387720	8
chr22	37220760	37245760	8
chr14	92654055	92679055	8
chr2	172079872	172104872	14
chr1	30737753	30762753	8
chr15	74776259	74801259	8
chr1	155959209	155984209	8
chr2	233059290	233084290	8
chr1	167626963	167651963	8
chr10	11159237	11184237	1
chr17	79790001	79815001	2
chr19	1251601	1276601	1
chr19	1248001	1273001	14
chr7	27180981	27205981	14
chr9	127762921	127787921	2
chr17	78117919	78142919	8
chr17	78120519	78145519	8
chr6	1601365	1626365	14
chr9	123996321	124021321	14
chr11	31795852	31821053	14
chr15	74772859	74797859	2
chr9	123998521	124023521	14
chr10	71749043	71774043	1
chr4	13524576	13549576	14
chr7	27149981	27174981	14
chr1	197902070	197927070	14
chr1	197901870	197926870	14
chr1	169687259	169712259	2
chr11	31799252	31824453	14
chr17	58328239	58353239	8
chr12	121788094	121813094	2
chr2	174321472	174346472	2
chr15	81291859	81316859	8
chr8	133052355	133077355	1
chr19	1066601	1091601	1
chr10	8031637	8056637	14
chr17	48609438	48634438	14
chr4	10093576	10118576	1
chr1	90706043	90731043	14
chr15	67816662	67841662	14
chr12	53994416	54019416	14
chr5	88659182	88684383	14
chr10	123130484	123155484	1
chr2	63044265	63069265	14
chr12	6946437	6971638	8
chr12	121789894	121814894	2
chr2	63043665	63068665	14
chr22	37291759	37316759	8
chr1	198638470	198663671	1
chr6	10403567	10428567	2
chr9	131254013	131279013	2
chr14	60635282	60660282	14
chr4	173500249	173525249	14
chr2	68366668	68391668	8
chr14	92662255	92687255	8
chr19	1236201	1261201	14
chr19	49419343	49444343	15
chr2	144500033	144525033	1
chr22	37293159	37318159	8
chr1	27871889	27896889	1
chr2	68367868	68392868	8
chr15	89355369	89380369	14
chr16	9089943	9114943	1
chr10	101213443	101238443	14
chr6	32836223	32861223	1
chr6	108156796	108181796	14
chr22	36363755	36388755	2
chr13	78585465	78610465	14
chr9	131255013	131280013	2
chr5	77623175	77648175	14
chr5	170273396	170298396	1
chr2	68764468	68789468	1
chr2	68764068	68789068	1
chr7	50328404	50365502	8
chr12	57219217	57244217	14
chr15	52781603	52806603	14
chr6	5991967	6016967	14
chr6	98823924	98848924	14
chr17	36927706	36953900	2
chr1	206556872	206582468	1
chr6	30446023	30471023	14
chr3	50234968	50259968	2
chr2	104841542	104866542	14
chr10	123126084	123151084	14
chr4	4850473	4875473	14
chr10	101212443	101237443	14
chr17	61393239	61418239	14
chr7	20775180	20800381	14
chr6	108111396	108136396	14
chr2	222291681	222316681	14
chr3	196629729	196654729	8
chr12	111427196	111452196	8
chr2	172073272	172098272	14
chr19	49420543	49445543	15
chr5	93570294	93595294	14
chr4	13519176	13544176	15
chr12	121783094	121808094	2
chr2	176116272	176141272	14
chr1	150558324	150583324	1
