chr7	27144381	27194381	8
chr2	219447478	219497478	15
chr7	27168981	27218981	3
chr3	123647153	123697153	4
chr16	15801543	15851543	2
chr2	176103872	176153872	4
chr22	36297754	36347955	8
chr2	217814877	217864877	4
chr10	95390243	95440243	8
chr10	95387243	95437243	8
chr14	68877883	68927883	8
chr2	205719076	205769076	3
chr2	217803277	217853277	3
chr16	15752143	15802143	8
chr14	68874283	68924283	8
chr5	93564894	93614894	3
chr2	217869877	217919877	8
chr2	217853477	217903477	4
chr22	36330955	36380955	8
chr17	48569238	48619238	4
chr14	68898483	68948483	8
chr17	48577638	48627638	4
chr10	95405243	95455243	8
chr2	205688676	205738676	8
chr2	217894677	217944677	8
chr2	205749476	205799476	3
chr22	36284554	36334755	8
chr15	99098197	99148595	15
chr9	121286122	121336122	8
chr2	217895877	217945877	8
chr2	219428678	219478678	17
chr17	48557438	48607438	15
chr22	46064320	46114320	8
chr9	95043518	95093518	8
chr2	219466278	219516278	15
chr2	132238227	132288227	15
chr8	123492560	123542560	8
chr9	95040318	95090318	8
chr3	66393176	66443176	8
chr19	13055386	13105386	15
chr15	96318571	96368571	8
chr8	30524683	30574683	8
chr16	34130533	34180533	14
chr12	124378054	124428054	8
chr12	124377254	124427254	8
chr10	41838008	42104352	14
chr19	38673560	38723560	8
chr9	121272722	121322722	8
chr1	201887872	201937872	15
chr2	219415878	219465878	17
chr14	93934454	93984454	16
chr1	202543872	202593872	8
chr2	127630225	127680426	4
chr2	127631225	127681426	4
chr17	2041306	2091306	15
chr20	17567355	17617355	8
chr5	149404437	149454437	8
chr9	95008718	95058718	8
chr20	62511744	62589793	7
chr20	17565755	17615755	8
chr20	62708048	62758048	3
chr1	203654472	203704472	4
chr19	38677160	38727160	8
chr19	38677360	38727360	8
chr3	66388376	66438376	8
chr21	10365256	10415256	12
chr9	93938118	93988118	15
chr19	38686960	38736960	3
chr20	17563155	17613155	8
chr8	30531283	30581283	8
chr20	62509744	62587793	7
chr15	63040801	63090801	8
chr4	173493849	173543849	15
chr19	58228034	58278034	4
chr19	12996386	13046386	15
chr8	30388084	30438084	8
chr10	79390044	79440044	8
chr19	1237601	1287601	15
chr1	156462008	156512008	8
chr1	226631099	226681099	4
chr3	71030049	71080049	8
chr5	93555494	93605494	3
chr1	201463472	201513472	8
chr9	115020921	115070921	8
chr2	237331557	237381557	8
chr14	73713097	73763097	4
chr2	46997461	47047461	8
chr15	93040970	93091171	14
chr12	34352265	34402265	16
chr1	10635543	10685543	16
chr17	40306548	40356548	8
chr1	21893107	21943107	8
chr11	64843328	64893328	8
chr10	46411150	46464414	8
chr5	141382633	141432633	2
chr12	124355654	124405654	8
chr8	141126101	141176101	8
chr18	59652768	59702768	1
chr20	44111160	44161160	16
chr11	8699453	8749453	8
