chr6	84581400	84591400	3
chr6	88193600	88203600	3
chr5	107717000	107727000	3
chr14	70074400	70084400	3
chr8	69880600	69890600	3
chr13	112986400	112996400	3
chr7	19300800	19310800	3
chr15	98799000	98809000	3
chr16	18581400	18591400	3
chr12	73044400	73054400	3
chr19	37690800	37700800	3
chr2	118894000	118904000	3
chr9	21029200	21039200	3
chr8	70488000	70498000	3
chr15	75739200	75749200	3
chr6	64727000	64737000	3
chr19	25666800	25676800	3
chr8	105267000	105277000	3
chr1	89921800	89931800	3
chr11	119039800	119049800	3
chr1	155740800	155750800	3
chr5	147185800	147195800	3
chr6	30171600	30181600	3
chr4	152118400	152128400	3
chr1	4491000	4501000	3
chr5	41758600	41768600	3
chr7	131542000	131552000	3
chr19	16868800	16878800	3
chr19	45074200	45084200	3
chr12	8295800	8305800	3
chr15	99088000	99098000	3
chr13	94702000	94712000	3
chr15	99583600	99593600	3
chr9	98950200	98960200	3
chr5	35383400	35393400	3
chr11	97014200	97024200	3
chr15	75997200	76007200	3
chr4	41722000	41732000	3
chr5	31088800	31098800	3
chr4	109974200	109984200	3
chr7	70278600	70288600	3
chr12	56687200	56697200	3
chr18	80706000	80716000	3
chr5	37815000	37825000	3
chr4	89286000	89296000	3
chr2	18686400	18696400	3
chr10	67532600	67542600	3
chr13	53467200	53477200	3
chr1	74782400	74792400	3
chr3	129199200	129209200	3
chr4	44702600	44712600	3
chr2	118700200	118710200	3
chr2	93641000	93651000	3
chr8	71678800	71688800	3
chr7	139578400	139588400	3
chr12	33954000	33964000	3
chr11	119049800	119059800	3
chr10	80494000	80504000	3
chr5	108363000	108373000	3
chr15	99220400	99230400	3
chr7	45175200	45185200	3
chr11	95140800	95150800	3
chr6	83702800	83712800	3
chr2	147176400	147186400	3
chr2	25572800	25582800	3
chr2	57102000	57112000	3
chr4	21674200	21684200	3
chr16	17798000	17808000	3
chr2	148043600	148053600	3
chr4	99648200	99658200	3
chr19	6924600	6934600	3
chr15	98772400	98782400	3
chr4	126729800	126739800	3
chr9	63143400	63153400	3
chr4	46342800	46352800	3
chr5	29477400	29487400	3
chr9	63132600	63142600	3
chr17	85679600	85689600	3
chr15	98891000	98901000	3
chr13	98353800	98363800	3
chr5	101660600	101670600	3
chr3	96400000	96410000	3
chr9	87730000	87740000	3
chr11	115258000	115268000	3
chr5	33427000	33437000	3
chr1	167686400	167696400	3
chr2	119320400	119330400	3
chr12	110275400	110285400	3
chr19	59160600	59170600	3
chr2	73263600	73273600	3
chr2	74663200	74673200	3
chr7	49630600	49640600	3
chr19	46129800	46139800	3
chr7	24944400	24954400	3
chr10	52020200	52030200	3
chr2	147189000	147199000	3
chr4	135150400	135160400	3
chr4	152281200	152291200	3
chr14	63938800	63948800	3
chr1	78203400	78213400	3
