chr19	58695600	58720600	4
chr15	25291400	25316400	20
chr19	58747600	58772600	20
chr19	58485200	58510200	20
chr15	25316600	25341600	20
chr19	9670800	9695800	20
chr12	133709000	133734000	20
chr19	37025800	37050800	20
chr12	133658200	133683200	4
chr22	46460800	46485800	9
chr12	133564600	133589600	20
chr12	133615600	133640600	20
chr19	52615200	52640200	20
chr19	44977600	45002600	20
chr8	26476600	26501600	13
chr12	4379400	4404400	9
chr19	37305200	37330200	4
chr19	57112000	57137000	20
chr4	443200	468200	20
chr19	52517400	52542400	20
chr5	139030200	139055200	9
chr16	68575600	68600600	20
chr16	70714000	70739000	13
chr19	58041200	58066200	20
chr5	139037600	139062600	9
chr19	37231200	37256200	20
chr19	39138000	39163000	9
chr1	156374000	156399000	4
chr19	37194600	37219600	20
chr19	58633000	58658000	20
chr22	46474000	46499000	9
chr7	96621000	96646000	23
chr19	37125400	37150400	20
chr19	13162000	13187000	13
chr19	37911200	37936200	20
chr7	6722400	6747400	1
chr11	65251400	65276400	9
chr2	12854600	12879600	9
chr19	23527200	23552200	20
chr2	145257800	145282800	1
chr19	9435000	9460000	4
chr1	156444800	156469800	11
chr10	73723200	73748200	9
chr12	124982200	125007200	9
chr15	68870800	68895800	1
chr6	163833000	163858000	9
chr19	13165600	13190600	13
chr11	118776600	118801600	1
chr9	139418000	139443000	13
chr19	56914200	56939200	4
chr19	39140000	39165000	9
chr19	52808400	52833400	20
chr4	329800	354800	20
chr19	21990600	22015600	20
chr16	3436800	3461800	4
chr17	75366400	75391400	1
chr1	27879800	27904800	13
chr19	1235600	1260600	13
chr10	73726200	73751200	9
chr8	145004200	145029200	9
chr17	75445200	75470200	9
chr9	14299800	14324800	9
chr16	57655800	57680800	9
chr19	58782000	58807000	4
chr15	96866000	96891000	1
chr1	156385000	156410000	4
chr9	131132400	131157400	1
chr1	156081600	156106600	9
chr9	139404400	139429400	9
chr22	28174200	28199200	1
chr3	66526800	66551800	1
chr22	36716200	36741200	9
chr3	66525800	66550800	9
chr1	155929400	155954400	9
chr10	126374800	126399800	11
chr16	75267400	75292400	1
chr12	133757800	133782800	4
chr17	37023800	37048800	9
chr19	21541400	21566400	4
chr16	70708800	70733800	13
chr17	46647200	46672200	23
chr17	38459600	38484600	9
chr19	38053000	38078000	20
chr14	105933800	105958800	11
chr19	8913000	8938000	20
chr19	20724000	20749000	1
chr9	137215400	137240400	1
chr16	70718600	70743600	9
chr15	89902600	89927600	1
chr17	75417400	75442400	9
chr11	73020800	73045800	9
chr12	56096600	56121600	1
chr18	46454200	46479200	9
chr4	10095000	10120000	13
chr3	50288800	50313800	13
chr3	50282800	50307800	13
chr5	140854600	140879600	9
chr17	38462800	38487800	13
chr9	130719400	130744400	9
chr10	81156000	81181000	9
