chr17	7260200	7260400	15	4.14052	1	(13,15)	3.08737	1	28.1397	0
chr8	141415400	141415600	1	6.28125	1	(1,16)	6.84105	1	27.4302	0
chr10	34739800	34740000	23	5.10599	1	(12,23)	3.43507	1	27.3923	0
chr11	65491400	65491600	3	5.89691	-1	(3,13)	4.12172	-1	27.3503	0
chr1	148894600	148894800	13	3.93819	-1	(3,13)	2.6326	-1	27.2987	0
chr14	75453400	75453600	5	4.98722	1	(9,13)	4.16616	-1	27.2652	0
chr6	52517800	52518000	18	4.91678	1	(5,18)	3.68375	1	27.2404	0
chr6	158663600	158663800	3	4.91515	1	(3,11)	4.81132	1	27.1858	0
chr19	38304600	38304800	9	3.37253	-1	(18,22)	2.52849	1	27.148	0
chr12	6963600	6963800	18	7.0274	1	(12,18)	4.80198	1	27.1375	0
chr14	30690600	30690800	14	5.90055	1	(8,22)	3.3251	-1	27.0797	0
chr5	149806200	149806400	13	6.65315	-1	(10,22)	3.67828	1	27.0644	0
chr1	148894800	148895000	22	3.65004	1	(12,14)	2.33633	1	27.0414	0
chr19	38304400	38304600	22	3.95094	1	(18,22)	3.81134	1	26.9745	0
chr12	111774600	111774800	18	4.37609	1	(18,22)	2.72668	1	26.964	0
chrX	2630400	2630600	14	4.26568	1	(1,14)	2.86868	1	26.9452	0
chr17	40499800	40500000	5	3.10005	1	(5,22)	1.65574	1	26.9401	0
chr15	45049000	45049200	20	3.9215	-1	(14,18)	3.29685	1	26.8857	0
chr6	158663400	158663600	11	4.66349	1	(3,11)	3.85169	1	26.8784	0
chr7	150955400	150955600	24	5.05032	1	(5,24)	3.68281	1	26.8655	0
chr16	68234800	68235000	19	4.48336	1	(15,19)	2.82265	1	26.8641	0
chr5	177510000	177510200	11	6.90546	-1	(9,13)	3.56826	1	26.8568	0
chr16	68234600	68234800	15	4.44618	1	(15,19)	3.33264	1	26.8323	0
chr10	93437600	93437800	18	5.35302	1	(3,13)	5.00752	-1	26.7959	0
chr16	68235000	68235200	3	4.29854	-1	(15,19)	2.82265	1	26.79	0
chr9	113593800	113594000	11	7.86182	1	(11,22)	5.17775	1	26.7746	0
chr8	37842400	37842600	22	5.66166	1	(11,22)	3.56914	1	26.7653	0
chr18	108200	108400	22	5.80628	1	(2,22)	6.13831	1	26.7652	0
chr11	66370000	66370200	22	4.3804	1	(4,22)	1.65885	1	26.7289	0
chrX	7109000	7109200	22	4.53797	1	(4,22)	3.28189	1	26.7125	0
chr1	150508000	150508200	3	5.1862	-1	(3,4)	2.31935	-1	26.7116	0
chr11	65487000	65487200	18	6.02468	1	(3,13)	4.48796	-1	26.6481	0
chr17	2406600	2406800	18	5.42765	1	(18,22)	4.12609	1	26.6004	0
chr1	1541000	1541200	13	8.34305	-1	(13,13)	5.06158	-1	26.5987	0
chr1	27350000	27350200	2	5.17922	-1	(2,23)	3.82367	-1	26.5736	0
chr12	6963000	6963200	15	4.66353	1	(9,15)	2.71632	1	26.5633	0
chr9	129497200	129497400	22	5.16935	1	(9,13)	2.53513	-1	26.5212	0
chr10	32961400	32961600	10	4.32439	-1	(10,14)	2.80797	-1	26.5209	0
chr17	75091600	75091800	12	3.99848	1	(12,22)	3.341	1	26.4705	0
chr1	109393000	109393200	22	6.50014	1	(10,22)	4.32007	1	26.4658	0
chr9	95494000	95494200	14	3.75752	1	(3,14)	2.98862	1	26.4538	0
chr1	26863200	26863400	16	3.0056	1	(15,16)	1.89208	1	26.4155	0
chr22	21937000	21937200	18	7.11557	1	(15,18)	6.75818	1	26.4046	0
chr19	52936200	52936400	20	6.7066	1	(11,20)	2.74349	1	26.3996	0
chr8	117957200	117957400	16	4.51333	1	(4,16)	3.52938	1	26.3978	0
chr2	236570800	236571000	22	6.2422	1	(8,22)	4.33727	1	26.3873	0
chr14	33938400	33938600	22	4.44732	1	(19,22)	2.94696	1	26.3821	0
chr7	6228400	6228600	12	4.35853	1	(12,16)	3.54949	1	26.3634	0
chr10	93436000	93436200	13	7.59158	-1	(18,19)	4.74788	1	26.3616	0
chr1	148895000	148895200	12	3.88329	1	(12,22)	2.62968	1	26.3566	0
chr17	7260400	7260600	23	4.6627	-1	(13,15)	2.63763	1	26.3518	0
chrX	2629400	2629600	13	5.18544	1	(2,13)	2.96598	1	26.3479	0
chr6	41560000	41560200	4	5.15497	1	(4,13)	4.48139	1	26.3397	0
chr17	75091200	75091400	3	4.24143	-1	(3,13)	2.37507	-1	26.3251	0
chr1	148894400	148894600	12	4.01887	1	(9,13)	2.82499	-1	26.2946	0
chr8	43237800	43238000	19	6.42884	-1	(19,19)	2.72854	-1	26.2891	0
chr5	14264600	14264800	23	5.66846	1	(4,23)	5.33215	1	26.266	0
chr1	27542800	27543000	18	8.48432	1	(5,18)	4.47304	1	26.2639	0
chr5	124735000	124735200	23	4.72436	1	(22,23)	4.05232	1	26.2567	0
chr6	58450000	58450200	19	4.27405	-1	(19,19)	4.83852	-1	26.2505	0
chr9	129497600	129497800	9	6.12996	-1	(3,9)	2.89361	-1	26.2437	0
chr14	75453600	75453800	19	5.7396	1	(5,19)	5.86272	1	26.2211	0
chr17	44095200	44095400	22	6.13959	1	(12,22)	3.47684	1	26.202	0
chr19	38267000	38267200	3	5.72674	-1	(3,3)	1.70429	-1	26.1865	0
chr19	40366200	40366400	22	4.38756	1	(8,22)	2.43346	1	26.1858	0
chr17	75091000	75091200	16	4.14731	1	(3,13)	1.99378	-1	26.1639	0
chr9	113593600	113593800	2	5.67358	-1	(11,16)	5.19491	1	26.1609	0
chr17	81050000	81050200	16	4.71009	1	(13,16)	4.06152	1	26.1519	0
chr15	40103600	40103800	13	3.65477	-1	(2,13)	1.91034	-1	26.1479	0
chr14	23305800	23306000	22	4.75299	1	(4,22)	4.09486	1	26.1473	0
chr17	1590200	1590400	13	5.52537	-1	(13,13)	4.82237	-1	26.1431	0
chr10	119818600	119818800	2	3.71012	-1	(2,22)	2.04535	-1	26.1316	0
chr19	12884000	12884200	24	6.5992	-1	(24,24)	4.15297	-1	26.1096	0
chr2	27442400	27442600	13	4.9877	-1	(18,22)	1.91474	1	26.1066	0
chr1	148889600	148889800	18	5.10409	1	(18,22)	2.31269	1	26.106	0
chr4	3389200	3389400	22	7.97873	1	(13,22)	8.29093	1	26.0923	0
chr12	32534400	32534600	22	5.10623	1	(4,22)	4.88993	1	26.092	0
chr17	50210000	50210200	13	5.49202	-1	(18,24)	4.77007	1	26.0824	0
chr22	21939800	21940000	18	5.41568	1	(13,18)	4.84239	1	26.076	0
chr1	6461000	6461200	3	6.07646	1	(3,13)	3.40558	1	26.0718	0
chr5	141245400	141245600	23	8.14061	1	(21,23)	8.60413	1	26.0343	0
chr8	117957400	117957600	9	5.2094	-1	(4,16)	2.64174	1	26.0287	0
chr14	33938200	33938400	19	4.87982	1	(19,22)	4.38276	1	26.0276	0
chr1	27575800	27576000	22	7.6782	1	(4,22)	4.57707	1	25.9985	0
chr8	22589200	22589400	3	7.1758	-1	(4,11)	5.73802	1	25.9954	0
chr19	55487400	55487600	13	8.47111	-1	(13,13)	5.57487	-1	25.9953	0
chr1	16146600	16146800	22	5.72335	1	(8,22)	3.30899	1	25.9934	0
chr12	121576400	121576600	11	5.3724	1	(11,11)	2.17649	1	25.984	0
chr19	8526600	8526800	4	5.52043	1	(4,11)	5.71068	1	25.9811	0
chr22	19880800	19881000	22	6.76924	1	(12,22)	6.69636	1	25.9763	0
chr2	46967600	46967800	13	5.66325	-1	(11,18)	3.0446	1	25.9691	0
chr20	19993400	19993600	22	6.83638	1	(8,22)	5.04147	1	25.9639	0
chr2	60544200	60544400	23	6.94293	1	(22,23)	3.83603	1	25.9303	0
chr10	132411600	132411800	22	3.83197	1	(8,22)	1.9374	1	25.9232	0
chr5	124742200	124742400	9	6.16295	-1	(9,9)	2.76908	-1	25.9071	0
chr11	46281400	46281600	9	5.04859	-1	(3,9)	2.57986	-1	25.9065	0
chr1	58780400	58780600	9	6.11847	-1	(4,22)	3.90843	1	25.9005	0
chr12	108833200	108833400	9	6.14295	-1	(9,13)	4.54538	-1	25.8963	0
chr2	218731800	218732000	13	4.83721	-1	(12,18)	2.96501	1	25.8922	0
chr17	42519400	42519600	13	7.8449	-1	(13,13)	8.14611	-1	25.8888	0
