chr21	10773800	10823800	12
chr15	25291200	25341200	12
chr10	42355000	42405000	14
chr21	11096800	11146800	12
chr19	58679800	58729800	1
chr10	39104000	39154000	14
chr22	36718800	36768800	8
chr19	39151200	39201200	8
chr2	89830400	89880400	14
chr19	58738600	58788600	1
chr19	1230400	1280400	8
chr19	39137000	39187000	1
chr19	1225800	1275800	8
chr19	39173200	39223200	8
chr10	38770600	38820600	14
chr2	176931600	176981600	15
chr12	54344400	54394400	14
chr22	36726400	36776400	8
chr21	10824000	10874000	12
chr22	36692400	36742400	8
chr12	133617000	133667000	1
chr16	46385800	46435800	14
chr19	58467600	58517600	1
chr16	33926600	33976600	14
chr14	74183000	74233000	1
chr3	75753400	75803400	12
chr19	58040800	58090800	1
chr4	49108600	49158600	14
chr19	58608000	58658000	1
chr10	102467800	102517800	15
chr19	1219800	1269800	8
chr4	414800	464800	12
chr11	64610800	64660800	8
chr12	133483600	133533600	2
chr11	64612200	64662200	8
chr13	100600800	100650800	15
chr19	37201400	37251400	12
chr12	133673600	133723600	1
chr7	27134800	27184800	4
chr7	27142800	27192800	1
chr7	27184400	27234400	15
chr2	132995800	133045800	14
chr17	37024000	37074000	1
chr9	126757600	126807600	15
chr11	795000	845000	2
chr11	794600	844600	2
chr19	44955200	45005200	4
chr11	64597800	64647800	1
chr11	794000	844000	2
chr10	126386200	126436200	1
chr10	42790600	42840600	12
chr15	96863800	96913800	1
chr22	46438600	46488600	2
chr17	46654200	46704200	8
chr17	46618400	46668400	2
chr17	1944600	1994600	2
chr9	140051200	140101200	8
chr19	37004400	37054400	3
chr4	45800	95800	14
chr3	147092800	147142800	14
chr4	340800	390800	12
chr19	52462200	52512200	1
chr4	10075600	10125600	1
chr11	63990600	64040600	2
chr17	38218600	38268600	2
chr10	42793400	42843400	12
chr2	219110400	219160400	2
chr17	7117200	7167200	1
chr9	129369600	129419600	14
chr17	77769600	77819600	2
chr19	38026600	38076600	12
chr17	38462600	38512600	1
chr17	46665600	46715600	8
chr21	10839600	10889600	12
chr8	144983800	145033800	8
chr12	54399000	54449000	2
chr1	22221000	22271000	3
chr19	37603000	37653000	12
chr19	56151600	56201600	3
chr12	34510400	34560400	12
chr4	49119800	49169800	14
chr4	10069000	10119000	1
chr16	3414600	3464600	4
chr19	53700200	53750200	1
chr12	122219600	122269600	8
chr19	37280000	37330000	1
chr9	140054000	140104000	8
chr8	145002600	145052600	8
chr15	96866600	96916600	1
chr22	46457200	46507200	2
chr1	847000	897000	14
chr16	3332000	3382000	4
chr1	227812000	227862000	12
chr12	6301400	6351400	8
chr17	80185600	80235600	3
chr15	25261000	25311000	12
chr12	7033600	7083600	1
chr4	346000	396000	12
chr8	145004000	145054000	8
chr5	178354200	178404200	14
