chr10	97172643	97182643	3
chr22	46067320	46077320	3
chr17	49026238	49036238	8
chr17	49003438	49013438	6
chr17	49046838	49056838	8
chr17	49036438	49046438	4
chr22	46062920	46072920	4
chr17	48998038	49008038	6
chr22	46069520	46079520	3
chr20	63005648	63015648	6
chr20	63006448	63016448	6
chr17	48999238	49009238	6
chr3	75662849	75672849	8
chr20	63008448	63018448	6
chr10	97178643	97188643	3
chr10	97179243	97189243	3
chr17	3681906	3691906	3
chr22	46104120	46114120	4
chr13	86756145	86766145	2
chrX	40098947	40108947	2
chr7	23463781	23473781	6
chrX	40085747	40095747	5
chr17	3688306	3698306	8
chrX	40098147	40108147	2
chr7	23469981	23479981	2
chr1	87327117	87337117	3
chr17	49013838	49023838	2
chr5	141386433	141396433	9
chrX	40144147	40154147	5
chr15	22253449	22263449	9
chr3	50603969	50613969	3
chr1	155009124	155019124	2
chr15	22253849	22263849	9
chr14	99259663	99269663	3
chr8	74310165	74320165	6
chr3	35654708	35664708	1
chr22	37807793	37817793	3
chr1	155009524	155019524	2
chr20	62997848	63007848	8
chrX	40165947	40175947	5
chr9	110149520	110159520	3
chr19	10283324	10293324	6
chr22	37801993	37811993	3
chr14	22496215	22508215	1
chr2	86784677	86794677	3
chr4	108155044	108165044	1
chr8	74296765	74306765	6
chr22	37807393	37817393	3
chr8	74311165	74321165	6
chr12	123139453	123149453	1
chr5	151212839	151222839	1
chr9	114495920	114505920	1
chr1	92475443	92485443	1
chrX	124383950	124393950	3
chr17	78351119	78361119	3
chr22	39929396	39939396	1
chr3	45885108	45895108	1
chr1	92475043	92485043	1
chr12	123061453	123071453	3
chr15	40098199	40108199	3
chr12	31957866	31967866	3
chr8	133062355	133072355	2
chr9	110148120	110158120	3
chr17	81393200	81403200	7
chr11	128506305	128516305	3
chr22	39932396	39942396	1
chr22	46073120	46083120	3
chr20	31711997	31721997	1
chr14	99257463	99267463	3
chr4	108153844	108163844	1
chr20	31676997	31686997	2
chr15	74539259	74549259	4
chr19	10281124	10291124	6
chr11	128468705	128478705	1
chr7	142796716	142806716	1
chrX	40148747	40158747	1
chr1	40375528	40385528	3
chr1	204523272	204533272	1
chr1	10635543	10645543	8
chr17	78350519	78360519	3
chr12	31960666	31970666	1
chr3	18423108	18433108	2
chr1	151815724	151825724	2
chr12	123135453	123145453	1
chr14	22508415	22520422	1
chr8	74295965	74305965	6
chr14	22533452	22544456	1
chr9	129884721	129894721	1
chr4	8227273	8237273	6
chr12	132427614	132437614	9
chr12	123136053	123146053	1
chr2	86787677	86797677	3
chr5	134115709	134125709	3
chr1	155006124	155016124	2
chr10	97069643	97079643	8
chr10	97068843	97078843	8
chr12	14950466	14960466	1
chrX	7068359	7078359	3
chr12	14950666	14960666	1
chr14	22483211	22493814	1
