chr15	25291400	25341400	20
chr19	58741000	58791000	20
chr12	133655400	133705400	20
chr19	58676000	58726000	20
chr4	418400	468400	20
chr19	37201400	37251400	20
chr19	37004200	37054200	20
chr19	58475000	58525000	20
chr19	58041000	58091000	20
chr19	57049000	57099000	20
chr19	58668400	58718400	20
chr19	39137800	39187800	22
chr19	58608000	58658000	20
chr19	52496000	52546000	20
chr19	39140200	39190200	9
chr19	37108800	37158800	1
chr19	23518000	23568000	20
chr19	57053800	57103800	20
chr22	36719800	36769800	9
chr4	399400	449400	20
chr19	37614400	37664400	1
chr12	133757400	133807400	20
chr19	37349600	37399600	20
chr19	37285800	37335800	20
chr22	36712400	36762400	9
chr19	52358600	52408600	20
chr12	133484000	133534000	20
chr5	179670800	179720800	20
chr22	36687800	36737800	9
chr19	52355000	52405000	20
chr12	133720400	133770400	20
chr4	329800	379800	4
chr19	37903400	37953400	20
chr8	144985800	145035800	1
chr19	44955600	45005600	20
chr19	9447600	9497600	20
chr8	144988200	145038200	1
chr19	38022400	38072400	20
chr19	9447200	9497200	20
chr19	56910800	56960800	20
chr19	52868200	52918200	1
chr10	120791200	120841200	3
chr19	58458000	58508000	20
chr4	337200	387200	20
chr19	15359200	15409200	9
chr19	53706400	53756400	20
chr19	37875000	37925000	20
chr19	52790800	52840800	1
chr19	52589000	52639000	1
chr22	46447200	46497200	22
chr19	56904000	56954000	20
chr19	37219400	37269400	1
chr20	34282200	34332200	1
chr15	93424600	93474600	1
chr15	93425200	93475200	1
chr14	21688600	21738600	1
chr4	46800	96800	4
chr15	93423800	93473800	1
chr19	15366000	15416000	9
chr10	80826600	80876600	1
chr1	2158200	2208200	1
chr2	176931600	176981600	23
chr11	62293200	62343200	1
chr17	75419600	75469600	9
chr17	75420200	75470200	9
chr15	96864000	96914000	1
chr1	27881400	27931400	1
chr10	39077200	39127200	21
chr14	69397400	69447400	1
chr19	37602200	37652200	20
chr15	96864600	96914600	1
chr16	3329000	3379000	20
chr1	27882200	27932200	1
chr12	120654000	120704000	22
chr20	61536200	61586200	1
chr20	45940600	45990600	3
chr21	10810800	10860800	21
chr9	134268400	134318400	9
chr17	75359800	75409800	3
chr17	7117200	7167200	1
chr14	74205000	74255000	3
chr10	102469800	102519800	23
chr19	56145600	56195600	1
chr16	3420400	3470400	1
chr17	20898000	20948000	22
chr17	37023600	37073600	1
chr9	134269800	134319800	9
chr19	44950600	45000600	20
chr19	1236800	1286800	1
chr19	44339200	44389200	20
chr1	27018600	27068600	1
chr17	80183200	80233200	3
chr12	110717800	110767800	1
chr16	70555400	70605400	3
chr10	126801200	126851200	1
chr7	27203200	27253200	22
chr10	82213200	82263200	22
chr7	27203000	27253000	22
chr20	30262000	30312000	1
chr17	46654200	46704200	2
