chr19	58699600	58724600	8
chr2	172946800	172971800	11
chr10	42374800	42399800	8
chr15	25300200	25325200	8
chr19	58753200	58778200	8
chr19	44977800	45002800	8
chr12	133658600	133683600	8
chr12	133613400	133638400	8
chr19	58041800	58066800	8
chr19	52465400	52490400	8
chr19	52378200	52403200	8
chr11	31819200	31844200	10
chr19	52803400	52828400	8
chr4	49635000	49660000	8
chr19	37031400	37056400	8
chr2	89855000	89880000	8
chr10	8074800	8099800	11
chr19	37196600	37221600	8
chr7	27222200	27247200	11
chr19	52519200	52544200	8
chr12	54376000	54401000	11
chr12	133570400	133595400	8
chr9	117125600	117150600	3
chr4	437600	462600	8
chr11	31815600	31840600	10
chr10	102973600	102998600	11
chr4	49098200	49123200	8
chr10	102974200	102999200	11
chr17	77764000	77789000	11
chr2	175185800	175210800	11
chr4	13526200	13551200	11
chr10	124891600	124916600	11
chr17	35285400	35310400	11
chr12	133760200	133785200	8
chr19	52568400	52593400	8
chr4	330000	355000	8
chr16	68584400	68609400	8
chr12	133709400	133734400	8
chr11	67033800	67058800	1
chr7	27189800	27214800	11
chr15	53075000	53100000	11
chr19	37718200	37743200	8
chr1	91171600	91196600	11
chr1	197871200	197896200	11
chr6	99271800	99296800	11
chr19	58630000	58655000	8
chr5	87962200	87987200	11
chr12	32112200	32137200	1
chr19	58480600	58505600	8
chr21	10782800	10807800	8
chr16	68587200	68612200	8
chr2	176947200	176972200	11
chr17	46687400	46712400	11
chr5	179671800	179696800	8
chr7	6722200	6747200	8
chr13	100619800	100644800	12
chr2	172938600	172963600	11
chr9	126759200	126784200	11
chr5	169700400	169725400	3
chr1	197872400	197897400	11
chr19	9666200	9691200	8
chr19	38053000	38078000	8
chr13	79159600	79184600	11
chr19	37301600	37326600	8
chr6	5992200	6017200	11
chr2	176981000	177006000	11
chr7	6713600	6738600	8
chr17	46795800	46820800	11
chr10	11202800	11227800	3
chr19	58478400	58503400	8
chr19	52429800	52454800	1
chr4	174436200	174461200	11
chr6	30410800	30435800	11
chr19	56918400	56943400	8
chr19	37911400	37936400	8
chr19	20721400	20746400	8
chr19	37204000	37229000	8
chr5	92914200	92939200	11
chr22	37616600	37641600	3
chr6	108475400	108500400	11
chr15	68109200	68134200	11
chr12	133581800	133606800	8
chr19	44965200	44990200	8
chr19	37361800	37386800	8
chr12	133625400	133650400	8
chr19	49922600	49947600	11
chr10	39128400	39153400	8
chr19	58680400	58705400	8
chr10	38773800	38798800	8
chr16	46385800	46410800	8
chr19	52454000	52479000	8
chr19	9438200	9463200	8
chr10	11207200	11232200	3
chr19	37228800	37253800	8
chr2	219844400	219869400	11
chr19	1250200	1275200	3
chr17	56405600	56430600	3
chr19	52610600	52635600	8
chr4	111533000	111558000	11
chr6	5995200	6020200	11
