chr2	133025200	133027600	11
chr1	121484200	121485400	11
chr17	41400200	41401200	11
chr13	28033600	28034200	11
chr20	47896200	47900800	3
chrX	136520200	136520600	11
chr12	20704200	20704600	11
chr10	98561200	98561600	11
chr12	127650400	127651200	8
chr6	58776600	58779400	8
chr1	91852600	91853200	11
chr8	70602200	70602600	11
chr5	71146600	71147000	11
chr17	33478000	33478400	11
chr14	88237400	88238000	11
chr17	31149400	31150000	11
chr16	33956400	33959600	8
chr16	14580800	14581200	8
chr9	79186400	79187000	11
chrX	108297400	108298000	11
chr9	68412400	68414600	11
chr12	34372400	34372800	8
chr2	133028200	133031400	8
chr17	41381600	41382400	8
chr21	9825400	9827600	11
chr19	58741000	58741400	8
chr4	80273600	80274800	8
chr20	26188800	26190400	11
chr3	75717000	75721800	8
chr19	36066400	36066800	11
chr1	203276200	203278400	3
chr2	230045400	230045800	8
chr2	133014600	133015600	8
chrY	10023000	10024200	8
chr17	76353400	76355000	3
chr19	16436800	16438200	3
chr2	208631800	208632800	3
chr8	82754600	82755000	11
chr2	133022600	133024200	8
chr5	140800400	140801400	8
chr6	30458200	30458800	3
chr17	45266400	45266800	11
chr15	63336200	63336800	3
chr2	91816400	91817000	8
chr4	76807000	76807400	8
chr17	41466000	41466400	11
chr14	69255800	69257800	3
chr5	140792600	140793600	8
chr6	31322600	31323800	3
chr17	79476000	79479200	3
chr4	52800	54800	8
chr14	75746600	75748400	3
chr12	89742600	89743400	3
chr5	172195400	172197000	3
chr20	42087800	42088000	3
chr14	35870400	35873000	3
chr7	5567200	5569400	3
chr7	100550600	100551000	8
chr20	29611200	29612400	8
chr2	133016600	133017400	8
chr15	96877400	96878400	3
chr1	35655600	35656800	3
chrY	10022200	10022600	8
chr11	65268600	65273800	3
chr5	174541600	174542000	8
chr5	178012600	178012800	11
chr1	145439800	145442400	3
chr14	67511200	67511600	8
chr6	32942200	32943000	3
chr5	179047400	179049000	3
chr19	58218800	58219600	8
chr17	5000200	5001000	8
chr10	3822200	3824400	3
chr19	49376800	49378200	3
chr19	58695200	58695600	8
chr17	39845800	39846800	3
chr22	39917200	39919600	3
chr22	50356400	50357000	3
chr14	103801800	103802400	3
chr17	41463600	41464000	8
chr1	234742400	234743800	3
chr1	150549400	150550000	3
chrX	153627600	153628400	3
chr4	151504000	151505000	8
chr12	56553400	56555000	3
chr6	30583800	30584800	3
chr5	140749800	140750200	8
chr19	58259400	58260000	8
chr16	33955600	33956000	8
chr19	3983800	3984400	3
chr6	36564600	36567000	3
chr19	39898600	39899600	3
chr5	140810200	140811600	8
chr19	13050800	13051400	3
chr4	190943800	190944000	11
chr12	54676000	54677400	3
chr19	58126400	58126600	8
chr17	73774200	73775000	3
chr14	70235000	70235800	3
chr9	44993000	44993400	8
