chr20	49278063	49288063	3
chr22	39513595	39523595	3
chr19	49488543	49498543	3
chr11	8681653	8691653	3
chr3	51991984	52001984	3
chr12	54277816	54287816	3
chrX	137428441	137438441	11
chr12	20550266	20560266	11
chr19	58227834	58237834	3
chr1	121736402	143280449	11
chr6	32967023	32977023	3
chr19	54200133	54210332	3
chr8	144786015	144796015	3
chr5	181239600	181249600	3
chr7	5524169	5534169	3
chr16	89556592	89566592	3
chr9	127442921	127452921	3
chr16	31178879	31188879	3
chr17	7569882	7579882	3
chr19	58538033	58548033	3
chr19	3978002	3988002	3
chr5	178203199	178213199	3
chr9	133340550	133350745	3
chr6	31538223	31548223	3
chr20	38425352	38435557	3
chr17	41687748	41697748	3
chr6	36593223	36603223	3
chr22	39310795	39320795	3
chr1	23691310	23701310	3
chr17	38844547	38854547	3
chr9	124852721	124862721	3
chr20	43456560	43466560	3
chr1	35183799	35193799	3
chr11	67578329	67588329	3
chr2	132267427	132277427	8
chr3	32813908	32823908	3
chr15	63040801	63050801	3
chr6	131946060	131956060	3
chr17	43219381	43305051	8
chr1	44774928	44784928	3
chr12	56157016	56167016	3
chr17	78351519	78361519	1
chr7	131545841	131555841	3
chr11	119092290	119102290	3
chr14	49577482	49587482	3
chr14	103332263	103342263	3
chr11	65496729	65506729	3
chr7	26195780	26205780	3
chr17	28716982	28726982	3
chr1	28503888	28513888	3
chr11	93732834	93742834	3
chr13	91346546	91356546	3
chr11	10800253	10810253	3
chr16	34147533	34157533	8
chr6	33271023	33281023	3
chr1	150570724	150580724	3
chr6	73514477	73524477	3
chr5	179615199	179625199	3
chr11	62851728	62861728	3
chr12	124912654	124922654	3
chr17	57998439	58008439	3
chr17	75776519	75786519	3
chr6	30612823	30622823	3
chr1	62194128	62204128	3
chr4	137525446	137535446	3
chr6	31829423	31839423	3
chr14	87761656	87771656	11
chr20	2651154	2661154	3
chr16	1957199	1967199	3
chr6	44245663	44255663	3
chr2	231705290	231715290	3
chr12	6531834	6541834	3
chr3	12832101	12842101	3
chr6	30715623	30725623	3
chr6	35464223	35474223	3
chr2	3574610	3584610	3
chr20	62299944	62309944	3
chr6	34416623	34426623	3
chr9	137235148	137245148	3
chr7	100092977	100102977	3
chr1	112698178	112708178	6
chr10	96794843	96804843	8
chr1	91380243	91390243	8
chr17	81508774	81518774	3
chr17	76729118	76739118	3
chr1	39567328	39577328	3
chr2	229179484	229189484	11
chr2	43218261	43228261	3
chr3	186782211	186792211	3
chr15	66496462	66506462	3
chr20	35733678	35743678	3
chr2	38742658	38752658	3
chr9	19371402	19381402	3
chr6	132812061	132822061	3
chr4	151098848	151108848	3
chr1	27003509	27013509	3
chr13	27450063	27460063	1
chr1	148835982	148846183	11
chr1	148802361	148813993	11
chr2	202029877	202039877	3
