chr2	132257027	132282027	12
chr2	132254227	132279227	12
chr2	132250827	132275827	12
chr5	141397833	141422833	10
chr16	34138733	34163733	11
chr5	141350033	141375033	10
chr10	129948336	129973336	3
chr5	141338633	141363633	10
chr16	34136733	34161733	11
chr10	129945936	129970936	3
chr4	46804	73108	10
chr2	91612174	91637174	8
chr5	141386033	141411033	11
chr10	129944736	129969736	3
chr20	62544393	62569393	3
chr20	62511544	62564593	3
chr20	62514544	62567593	3
chr4	49632983	51794034	8
chr4	39799	65908	10
chr10	129953336	129978336	3
chr9	134716154	134741154	12
chr17	50185839	50210839	3
chr12	4268434	4293434	3
chr19	58182033	58207234	2
chr2	91605374	91630374	8
chr19	57981432	58006432	3
chr10	41840608	41865608	8
chr21	10713256	10738256	8
chr11	2127370	2152370	3
chr12	53963016	53988016	10
chr7	27168981	27193981	10
chr12	133081414	133106414	3
chr14	23411591	23436591	3
chr15	25046653	25071653	8
chr14	100880263	100905263	3
chr19	58236834	58261834	8
chr21	10715056	10740056	8
chr13	110290853	110315853	3
chr5	141413233	141438233	11
chr19	37562098	37587299	8
chr4	110617044	110642044	10
chr10	86666443	86691443	3
chr10	86667643	86692643	3
chr12	53978016	54003016	10
chr17	61392639	61417639	10
chr19	36533098	36558098	8
chr5	178926599	178951599	11
chr7	27139181	27164181	3
chr19	36812498	36837498	8
chr12	133133814	133158814	8
chr13	110288453	110313453	3
chr15	96320771	96345771	3
chr9	134640754	134665754	3
chr12	53965416	53990416	10
chr2	176115872	176140872	10
chr19	36708698	36733698	8
chr19	37420298	37445298	8
chr2	176116272	176141272	10
chr19	44472383	44499948	3
chr4	8102473	8127473	3
chr14	93953654	93978654	11
chr19	51960947	51985947	7
chr6	26183172	26208172	2
chr13	110287853	110312853	3
chr20	31220197	31245197	8
chr5	178932999	178957999	11
chr12	133039414	133064414	8
chr14	100823863	100848863	3
chr19	37085898	37110898	9
chr1	207802255	207827255	3
chr19	57923832	57948832	11
chr2	176117072	176142072	10
chr5	180248000	180273000	8
chr19	37145098	37170098	8
chr19	57530432	57555432	8
chr4	8100873	8125873	3
chr19	58117833	58142833	8
chr12	132929214	132954214	8
chr10	113641641	113666641	3
chr17	21398888	21423888	11
chr2	89816190	89841190	8
chr17	21398688	21423688	11
chr14	100884463	100909463	3
chr15	25071853	25096853	8
chr12	54015816	54040816	10
chr19	56541631	56566631	3
chr10	38831269	38856269	8
chr10	113611041	113636041	3
chr10	38515072	38586069	8
chr1	228207899	228232899	8
chr2	118833624	118858624	1
chr19	56403431	56428431	5
chr19	36796298	36821298	8
chr19	58045032	58070032	7
chr17	50175839	50200839	3
chr19	36616698	36641698	4
chr4	49096183	49121183	8
chr19	36622098	36647098	8
chr21	9063367	9088367	11
chr11	65420529	65445529	3
