chr3	147121800	147131800	15
chr3	147106600	147116600	15
chr3	147106000	147116000	15
chr15	96882400	96892400	15
chr3	147120600	147130600	15
chr15	96879200	96889200	15
chr6	1611400	1621400	10
chr11	133815000	133825000	15
chr11	133815600	133825600	15
chr21	34396800	34406800	15
chr21	34397400	34407400	15
chr15	89906400	89916400	15
chr16	750200	760200	3
chr20	21485000	21495000	15
chr20	21484800	21494800	15
chr16	750800	760800	3
chr17	40119800	40129800	1
chr2	162271800	162281800	14
chr15	96876800	96886800	15
chr20	21483400	21493400	15
chr6	1609000	1619000	1
chr2	162272200	162282200	14
chr13	100634800	100644800	15
chr15	89913600	89923600	9
chr20	21491400	21501400	15
chr10	116155200	116165200	15
chr20	55832800	55842800	15
chr3	147119000	147129000	15
chr16	73095600	73105600	15
chr20	21482800	21492800	15
chr14	29224000	29234000	15
chr3	147132200	147142200	15
chr16	73093600	73103600	1
chr5	140862600	140872600	15
chr10	116153200	116163200	15
chr1	170630600	170640600	15
chr11	31827400	31837400	15
chr12	58125800	58135800	15
chr4	190507600	190517600	16
chr17	59473000	59483000	15
chr14	29243600	29253600	14
chr21	11130000	11140000	14
chr2	45160400	45170400	15
chr13	95356800	95366800	14
chr2	200325000	200335000	1
chr17	35287000	35297000	15
chr11	69450800	69460800	15
chr1	44876800	44886800	8
chr2	200326400	200336400	1
chr10	119299400	119309400	15
chr4	81103600	81113600	9
chr8	65283400	65293400	16
chr10	118890400	118900400	2
chr6	5995800	6005800	15
chr2	63274000	63284000	15
chr11	825400	835400	15
chr13	100630000	100640000	15
chr20	55831000	55841000	15
chr8	37652800	37662800	9
chr14	29241400	29251400	9
chr14	99731600	99741600	15
chr14	105659200	105669200	14
chr12	4377600	4387600	15
chr16	748000	758000	3
chr1	207984000	207994000	8
chr5	140864600	140874600	16
chr8	65280600	65290600	16
chr14	99731800	99741800	15
chr11	113933400	113943400	8
chr7	96645600	96655600	15
chr7	155596000	155606000	15
chr19	12943200	12953200	15
chr9	126775000	126785000	15
chr4	5886200	5896200	6
chr3	134080600	134090600	3
chr1	197879200	197889200	15
chr1	170629000	170639000	15
chr19	41102600	41112600	15
chr15	96873200	96883200	14
chr16	54963000	54973000	15
chr9	140032400	140042400	15
chr17	48636000	48646000	14
chr7	96645400	96655400	15
chr2	171669600	171679600	15
chr11	43596200	43606200	14
chr12	4388800	4398800	15
chr9	138604800	138614800	1
chr2	63275000	63285000	15
chr11	113936000	113946000	8
chr20	62091800	62101800	14
chr11	117739200	117749200	17
chr12	57629000	57639000	15
chr19	41306400	41316400	8
chr5	141698000	141708000	11
chr12	57629200	57639200	15
chr20	37350800	37360800	15
chr4	81104600	81114600	9
chr18	55100400	55110400	15
chr2	73142200	73152200	15
chr15	96894600	96904600	15
