chr21	10774000	10824000	12
chr10	39104800	39154800	12
chr10	42355000	42405000	14
chr2	89830200	89880200	14
chr2	176931800	176981800	14
chr21	11098200	11148200	12
chr15	25291200	25341200	12
chr10	38770600	38820600	12
chr21	10824200	10874200	12
chr10	102467800	102517800	15
chr19	58676800	58726800	1
chr12	54319200	54369200	14
chr3	75753400	75803400	12
chr19	1237000	1287000	1
chr12	133613200	133663200	1
chr17	46675200	46725200	14
chr22	36717600	36767600	8
chr17	46786000	46836000	14
chr22	36721400	36771400	8
chr19	1225600	1275600	8
chr16	33927000	33977000	14
chr22	36691000	36741000	8
chr4	49108600	49158600	12
chr7	27203800	27253800	14
chr16	46385800	46435800	14
chr19	58741200	58791200	1
chr19	1243200	1293200	1
chr19	58608000	58658000	1
chr8	11533000	11583000	14
chr3	147089600	147139600	14
chr17	7117200	7167200	1
chr12	133673600	133723600	1
chr19	39138000	39188000	1
chr19	58471600	58521600	1
chr9	126758000	126808000	14
chr12	54369400	54419400	14
chr19	1733800	1783800	15
chr19	37197000	37247000	12
chr10	102874400	102924400	14
chr19	39172200	39222200	9
chr10	118885600	118935600	14
chr19	44955400	45005400	1
chr17	77769600	77819600	1
chr15	96863800	96913800	1
chr2	176982000	177032000	14
chr4	403000	453000	12
chr7	155228200	155278200	14
chr19	1220800	1270800	1
chr13	100601800	100651800	14
chr4	10070400	10120400	1
chr10	42790400	42840400	12
chr2	219821200	219871200	14
chr19	37602800	37652800	12
chr11	31814800	31864800	14
chr12	133757800	133807800	1
chr6	10379200	10429200	2
chr19	41767600	41817600	1
chr15	89905200	89955200	14
chr11	795400	845400	2
chr10	102964600	103014600	14
chr6	31587400	31637400	1
chr4	8854200	8904200	15
chr2	132996000	133046000	14
chr9	35700400	35750400	1
chr9	129368600	129418600	14
chr4	10076600	10126600	1
chr6	100030200	100080200	14
chr7	96612800	96662800	14
chr19	38022400	38072400	12
chr19	58040800	58090800	1
chr2	45143600	45193600	14
chr2	119572600	119622600	14
chr7	1257400	1307400	15
chr19	39857200	39907200	1
chr11	44318400	44368400	14
chr17	8018400	8068400	1
chr17	7460400	7510400	1
chr10	124876800	124926800	1
chr12	133484000	133534000	1
chr4	45600	95600	14
chr17	27006400	27056400	2
chr5	178354600	178404600	1
chr19	9445400	9495400	12
chr10	42795400	42845400	12
chr4	49121800	49171800	12
chr6	28735000	28785000	14
chr2	74708400	74758400	1
chr12	6641200	6691200	1
chr19	37875000	37925000	12
chr7	61742400	61792400	12
chr4	174415200	174465200	14
chr9	36996000	37046000	14
chr12	122228200	122278200	1
chr19	56145800	56195800	1
chr21	10843200	10893200	12
chr2	74698400	74748400	1
chr19	1406600	1456600	1
chr6	33242000	33292000	1
chr7	56514800	56564800	12
chr12	56509200	56559200	8
