chr15	25049253	25074253	8
chr21	10700456	10725456	8
chr19	58189233	58214434	8
chr19	58241834	58266834	8
chr4	49632983	51794034	8
chr19	44472383	44499948	8
chr2	89815990	89840990	8
chr10	41839408	41864408	8
chr15	25074453	25099453	8
chr5	149405437	149430437	3
chr22	36319955	36344955	3
chr22	31082814	31107814	3
chr12	133039214	133064214	8
chr19	57974832	57999832	8
chr12	133096614	133121614	8
chr19	36807298	36832298	8
chr19	57531032	57556032	8
chr19	36536898	36561898	8
chr1	207804455	207829455	3
chr4	10091976	10116976	3
chr19	9328524	9353524	8
chr4	49096183	49121183	8
chr5	141398433	141423433	8
chr19	58118433	58143433	8
chr19	37562098	37587299	8
chr19	36873298	36898298	8
chr3	75728849	75753849	8
chr4	431011	456011	8
chr19	43835048	43860048	8
chr12	133132614	133157614	8
chr2	172083472	172108472	11
chr1	201483672	201508672	3
chr10	38509072	38580069	8
chr10	41864608	42105952	8
chr10	42295352	42320352	8
chr11	31797052	31822253	10
chr19	52304147	52329147	8
chr19	36709498	36734498	8
chr19	36616098	36641098	8
chr2	217841277	217866277	6
chr10	38829269	38854269	8
chr15	63043801	63068801	3
chr19	56407031	56432031	8
chr5	141354833	141379833	8
chr10	38783469	38808469	8
chr21	10651656	10676656	8
chr20	31220397	31245397	8
chr10	101212643	101237643	11
chr19	37420298	37445298	8
chr16	68550497	68575497	8
chr9	123996521	124021521	11
chr2	176082872	176107872	11
chr7	6673169	6698169	8
chr12	4269234	4294234	3
chr10	8032237	8057237	11
chr16	86493594	86518594	3
chr2	132254427	132279427	12
chr4	4850873	4875873	11
chr19	56548631	56573631	8
chr10	100725043	100750043	11
chr10	117530889	117555889	11
chr19	9370524	9395524	8
chr1	201479072	201504072	3
chr6	98823724	98848724	11
chr16	3387000	3412000	8
chr12	53994216	54019216	10
chr2	118832624	118857624	11
chr19	51962347	51987347	8
chr2	222287881	222312881	11
chr22	46069320	46094320	6
chr19	37092098	37117098	8
chr1	90706043	90731043	11
chr22	36311755	36336755	3
chr11	65483929	65508929	3
chr17	48609838	48634838	11
chr19	37135298	37160298	8
chr3	134350958	134375958	3
chr14	60634682	60659682	11
chr4	110612844	110637844	11
chr17	79790001	79815001	11
chr11	65416129	65441129	3
chr3	123677153	123702153	3
chr1	118983977	119008977	11
chr7	97002888	97027888	11
chr9	40886372	40916971	8
chr19	58167633	58192633	8
chr19	44152647	44177647	8
chr11	65416729	65441729	3
chr11	44302450	44327450	11
chr19	43953448	43978448	8
chr2	218979678	219004678	10
chr5	88670582	88695783	11
chr7	155447505	155472505	11
chr10	123130684	123155684	11
chr19	57683032	57708032	3
chr19	43905248	43930248	8
chr16	34147533	34172533	12
chr16	34074933	34099933	8
chr15	52782403	52807403	11
chr17	61394239	61419239	12
