chr7	27098381	27123381	15
chr21	10789456	12965879	14
chr3	134350758	134375758	8
chr1	207802255	207827255	8
chr7	27091381	27116381	15
chr2	217811477	217836477	8
chr2	217839277	217864277	3
chr16	34147533	34172533	15
chr19	38698760	38723760	8
chr2	132262427	132287427	15
chr11	114062678	114087678	4
chr2	217806477	217831477	8
chr2	217844477	217869477	3
chr10	41837808	41862808	14
chr14	23414791	23439791	1
chr22	36319955	36344955	8
chr2	91572341	91602174	14
chr1	201358872	201383872	8
chr1	201358472	201383472	8
chr3	147390813	147415813	7
chr1	201356872	201381872	8
chr15	25067653	25092653	12
chr2	217885677	217910677	8
chr2	217886877	217911877	8
chr2	217877477	217902477	8
chr19	58189833	58215034	12
chr11	114067278	114092278	2
chr4	10090976	10115976	8
chr7	27141981	27166981	3
chr2	217914877	217939877	8
chr11	31795652	31820853	14
chr2	132244627	132269627	15
chr11	114068878	114093878	3
chr6	1601365	1626365	4
chr2	91605374	91630374	15
chr1	156473408	156498408	3
chr10	95389843	95414843	3
chr19	58116433	58141433	12
chr1	156470608	156495608	8
chr4	110614644	110639644	7
chr19	58242434	58267434	12
chr19	1251801	1276801	8
chr17	8138682	8163682	8
chr8	11696891	11721891	3
chr22	36314355	36339355	8
chr10	95395643	95420643	3
chr22	46074120	46099120	8
chr4	40799	67308	14
chr5	173228197	173253197	8
chr3	75720249	75745249	12
chr22	46069320	46094320	8
chr10	95414043	95439043	3
chr10	8034037	8059037	3
chr15	67816662	67841662	15
chr4	10077976	10102976	8
chr2	127638625	127663826	8
chr19	44471183	44498748	12
chr5	149406437	149431437	8
chr5	149405837	149430837	8
chr5	149407637	149432637	8
chr19	38711960	38736960	4
chr9	121281122	121306122	7
chr19	1250001	1275001	8
chr17	48561638	48586638	3
chr19	38685560	38710560	8
chr20	38135998	38160998	8
chr19	57979832	58004832	8
chr2	85756077	85781077	8
chr11	31803052	31828253	14
chr14	37582795	37607795	4
chr5	151662439	151687439	8
chr2	176116072	176141072	14
chr1	36154799	36179799	8
chr5	141338433	141363433	3
chr22	46078320	46103320	3
chr10	95420843	95445843	8
chr12	133044214	133069214	12
chr1	207813055	207838055	8
chr16	68552097	68577097	12
chr8	2047485	2073920	3
chr20	38140798	38165798	8
chr22	46086320	46111320	8
chr9	95061318	95086318	8
chr1	90706243	90731243	4
chr2	104842142	104867142	1
chr12	53045416	53070416	8
chr7	27149781	27174781	10
chr2	44931261	44956261	15
chr11	114155878	114180878	8
chr10	95383043	95408043	8
chr10	100724043	100749043	15
chr11	47327849	47352849	8
chr5	150627038	150652038	8
chr2	201114877	201139877	3
chr18	57424768	57449768	4
chr22	19749677	19774677	7
chr14	23396191	23421191	17
chr8	30544483	30569483	8
chr19	57534232	57559232	3
chr7	150954512	150979512	3
