chr1	150547000	150551000	3
chr6	30458200	30460600	3
chr6	31322200	31324000	3
chr6	32942400	32943000	3
chr6	36564600	36566000	3
chr2	43449400	43451400	3
chr14	35870400	35873000	3
chr17	39846000	39846600	3
chr14	70234800	70235600	3
chr10	3822600	3824400	3
chr5	172196200	172197200	3
chr3	186502400	186503800	3
chr1	145439400	145442400	3
chr1	203276800	203278400	3
chr11	65268000	65273600	3
chr2	136872600	136873400	3
chr19	39898600	39899600	3
chr7	5567400	5569000	3
chr17	62500400	62501400	3
chr6	89792800	89793400	3
chr6	29911400	29913400	3
chr1	35656000	35657000	3
chr16	89628200	89628600	3
chr7	26236600	26237200	3
chr5	131822000	131825400	3
chr22	39917600	39918200	3
chr3	156875200	156876800	3
chr19	3984000	3984400	3
chr17	73773000	73775000	3
chr12	92536200	92538200	3
chr2	172959800	172960400	11
chr20	37359800	37360200	11
chr11	57226400	57226800	11
chr15	68127000	68128800	11
chr8	99953400	99954200	11
chr5	179047400	179049200	3
chr11	122929600	122932000	3
chr17	4849200	4850200	3
chr17	79476400	79479000	3
chr11	64544000	64545000	3
chr20	34328000	34328600	3
chr6	31237600	31238800	3
chr5	54469400	54469600	11
chr6	5996600	5997400	11
chr6	150284600	150286400	11
chr2	171672400	171672800	11
chr6	150259600	150260200	11
chr6	5997600	5998200	11
chr16	3233000	3233600	11
chr9	77112200	77112600	10
chr6	74229000	74229600	3
chr14	69256000	69256400	3
chr6	30584000	30584800	3
chr4	13546600	13547000	11
chr4	4862200	4862800	11
chr7	20837200	20837600	11
chr11	57227000	57227400	11
chr15	76632200	76633400	11
chr12	49740600	49741600	11
chr14	103802000	103802400	3
chr12	12873000	12873200	3
chr12	125398000	125398400	3
chr1	234743000	234743600	3
chr2	201726000	201726600	3
chr9	68412600	68413400	11
chr12	54389200	54390200	11
chr2	91670000	91670400	11
chr1	212780400	212781400	11
chr5	54528400	54528800	11
chr15	28341000	28341800	11
chr4	78979200	78980000	11
chr10	102827000	102827400	11
chrX	106957800	106959200	3
chr19	18389600	18390200	3
chr17	7477400	7477800	3
chr3	101570800	101571200	3
chr8	67875200	67875400	11
chr3	122747000	122747600	11
chr19	10402400	10403000	11
chr2	74725600	74726400	11
chr13	28365200	28365600	11
chr9	1047800	1048400	11
chr9	68413800	68414400	11
chr6	100061800	100062600	11
chr2	118981200	118981600	11
chr2	172949400	172950400	11
chr5	92915800	92917200	11
chr6	108440000	108440600	11
chr12	49484000	49484400	11
chr15	45006200	45006600	3
chr1	151028000	151028400	3
chr2	73143600	73144400	11
chr15	53097000	53097200	11
chr20	21082800	21083200	11
chr1	197887000	197887600	11
chr3	129694000	129694200	11
chr6	100051600	100052000	11
chr2	172966600	172967000	11
chr2	71114600	71115200	11
chr1	50889800	50890400	10
