chr20	49277463	49287463	3
chr11	65497729	65507729	3
chr6	32968023	32978023	3
chr22	39521195	39531195	3
chr3	186782411	186792411	3
chr7	5522769	5532769	3
chr19	12937386	12947386	3
chr1	145989072	146000061	3
chr16	89555992	89565992	3
chr8	144783815	144793815	3
chr17	57998439	58008439	3
chr17	41687748	41697748	3
chr13	44430064	44440064	3
chr17	81508774	81518774	3
chr1	150570524	150580524	3
chr20	35733478	35743478	3
chr5	179614999	179624999	3
chr17	64499482	64509482	3
chr11	66637529	66647529	3
chr14	102078663	102088663	3
chr17	76730918	76740918	3
chr19	55383232	55393232	3
chr14	69766283	69776283	3
chr1	35183799	35193799	3
chr17	7571482	7581482	3
chr12	6528634	6538634	3
chr13	80333665	80343665	3
chr12	56151616	56161616	3
chr19	3978202	3988202	3
chr19	18273190	18283190	3
chr19	48961543	48971543	3
chr1	151399124	151409124	3
chr20	43456760	43466760	3
chr19	48867343	48877343	3
chr19	54414826	54425222	3
chr1	200401672	200411672	3
chr2	132265427	132275427	11
chr5	71848773	71858773	11
chr1	91377843	91387843	11
chr21	8986767	8996767	11
chr8	69685365	69695365	11
chr6	30608823	30618823	3
chr9	76569884	76579884	11
chr10	96793443	96803443	11
chr6	36593423	36603423	3
chr11	62879528	62889528	3
chr2	216495477	216505477	3
chr11	124739304	124749304	11
chr4	49305	59707	11
chr16	34147133	34157133	8
chr2	132253627	132263627	8
chr16	14478543	14488543	11
chr12	20548066	20558066	11
chr17	75776319	75786319	3
chr10	3776808	3786808	3
chr15	96331771	96341771	10
chr17	35141381	35151381	11
chr19	58229434	58239434	8
chr19	54200133	54210332	3
chr19	58538233	58548233	3
chr7	26192580	26202580	3
chr11	61962728	61972728	3
chr9	137234948	137244948	3
chr1	32329799	32339799	3
chr11	123054892	123064892	3
chr14	103333063	103343063	3
chr5	172764597	172774597	3
chr12	63146220	63156220	11
chr9	114147120	114157120	11
chr12	49183617	49193617	3
chr9	63816666	63826666	11
chr1	121736402	143280449	11
chr2	231705690	231715690	3
chr19	2266401	2276401	3
chr19	8314116	8324116	3
chr6	58443122	58453122	8
chr11	65653129	65663129	3
chr22	39310795	39320795	3
chr17	8153682	8163682	3
chr11	62848528	62858528	3
chr19	41859129	41870730	3
chr5	177511999	177521999	3
chr6	116271237	116281237	3
chr2	85536677	85546677	3
chr17	16377686	16387686	3
chr17	43311645	43323832	11
chrX	109052370	109062370	11
chr4	6639273	6649273	3
chr12	127163055	127173055	11
chr9	133342745	133352745	3
chr17	43219780	43305251	8
chr1	182383065	182393065	3
chr12	54277816	54287816	3
chr20	2651354	2661354	3
chr3	50088367	50098367	3
chr17	50859439	50869439	3
chr19	35567498	35577498	11
chr14	87769656	87779656	11
chr14	68786883	68796883	3
chr5	178203799	178213799	3
