chr19	58491200	58516200	4
chr15	25294200	25319200	20
chr19	58696800	58721800	20
chr19	58753600	58778600	20
chr19	13117800	13142800	15
chr19	37032200	37057200	20
chr12	133613000	133638000	22
chr12	133567800	133592800	20
chr17	46656400	46681400	12
chr19	58041600	58066600	20
chr19	37303400	37328400	3
chr4	40600	65600	20
chr19	37194600	37219600	20
chr7	6722400	6747400	12
chr12	133658400	133683400	4
chr15	25319400	25344400	20
chr7	27138800	27163800	10
chr7	27138400	27163400	10
chr4	423600	448600	20
chr12	34488200	34513200	21
chr12	133709200	133734200	20
chr19	9670800	9695800	20
chr19	13111800	13136800	15
chr19	13123400	13148400	23
chr17	1951000	1976000	23
chr17	48260400	48285400	16
chr12	54371600	54396600	4
chr19	57112200	57137200	20
chr19	44978400	45003400	20
chr19	52615200	52640200	20
chr19	58633000	58658000	20
chr5	179671600	179696600	20
chr19	23527400	23552400	20
chr4	54200	79200	4
chr7	27153400	27178400	10
chr19	56914400	56939400	4
chr16	3335600	3360600	4
chr7	27200400	27225400	4
chr19	57044600	57069600	4
chr19	52465400	52490400	4
chr19	52802400	52827400	20
chr8	146051400	146076400	11
chr6	10396400	10421400	9
chr15	96870600	96895600	23
chr15	96870400	96895400	23
chr10	42377600	42402600	22
chr4	125000	150000	20
chr7	27167600	27192600	15
chr12	115102200	115127200	20
chr16	68582800	68607800	20
chr19	52519000	52544000	4
chr19	37900600	37925600	20
chr17	43303400	43328400	23
chr17	43300200	43325200	23
chr19	52868600	52893600	20
chr19	37718800	37743800	22
chr17	59470600	59495600	9
chr12	115100600	115125600	20
chr16	86524800	86549800	23
chr19	44339000	44364000	20
chr19	37126000	37151000	20
chr5	92905400	92930400	22
chr9	21985000	22010000	16
chr19	52564600	52589600	20
chr19	37229000	37254000	20
chr4	329800	354800	4
chr19	13106600	13131600	15
chr11	3376200	3401200	1
chr12	133757400	133782400	4
chr16	3436600	3461600	22
chr6	10401600	10426600	9
chr12	57523000	57548000	11
chr11	825200	850200	11
chr19	16177600	16202600	5
chr11	65252400	65277400	1
chr16	68585800	68610800	20
chr16	29814600	29839600	16
chr19	37287000	37312000	22
chr19	16176000	16201000	5
chr19	9433800	9458800	20
chr4	132400	157400	20
chr19	38053600	38078600	20
chr17	46669800	46694800	12
chr16	86596600	86621600	4
chr21	36167200	36192200	13
chr19	58625600	58650600	20
chr9	21983000	22008000	16
chr1	247304000	247329000	20
chr12	114829200	114854200	23
chr3	44753400	44778400	22
chr19	9438800	9463800	20
chr19	1235600	1260600	22
chr19	57116600	57141600	20
chr7	6713000	6738000	20
chr12	124859000	124884000	1
chr19	13940800	13965800	14
chr12	133624200	133649200	20
chr5	178486800	178511800	16
chr19	57076000	57101000	4
chr11	12694800	12719800	1
