chr7	94395088	94420088	3
chr2	215410877	215435877	3
chr11	65422329	65447329	3
chr5	151661839	151686839	3
chr15	49423403	49448403	3
chr5	151664039	151689039	3
chr11	114056078	114081078	3
chr11	114056878	114081878	3
chr22	46070120	46095120	3
chr15	60372201	60397201	3
chr2	215400077	215425077	3
chr12	4268434	4293434	3
chr11	114060478	114085478	3
chr18	48926230	48951230	3
chr12	4266834	4291834	3
chr2	132252427	132277427	11
chr2	132252027	132277027	11
chr19	58177233	58202233	8
chr11	114062678	114087678	11
chr5	141408033	141433033	8
chr12	133038614	133063614	1
chr19	57979032	58004032	2
chr12	133081614	133106614	8
chr10	41839408	41864408	8
chr4	425011	450011	8
chr15	25049053	25074053	8
chr22	46081520	46106520	3
chr19	58241834	58266834	8
chr7	97002888	97027888	3
chr19	36532898	36557898	8
chr10	42297552	42322552	8
chr4	60107	86910	8
chr15	25074253	25099253	8
chr4	49631383	49656383	8
chr19	36811098	36836098	8
chr19	36883698	36908698	8
chr15	88802169	88827169	10
chr12	133134214	133159214	8
chr3	120423953	120448953	3
chr19	23340598	23365598	8
chr19	36636698	36661698	8
chr19	20635594	20660594	2
chr5	180245000	180270000	8
chr7	94406888	94431888	3
chr3	44711908	44736908	1
chr11	114292478	114317478	3
chr16	68544497	68569497	8
chr19	37561298	37586499	8
chr7	64974822	64999822	7
chr19	36706098	36731098	8
chr19	43831048	43856048	8
chr19	52059547	52084547	8
chr7	6680369	6705369	3
chr4	133657	161210	8
chr19	52110747	52135747	8
chr12	132921814	132946814	8
chr10	62050841	62075841	3
chr19	37409098	37434098	8
chr11	114156078	114181078	11
chr19	56404631	56429631	1
chr19	37144698	37169698	8
chr5	179065399	179090399	8
chr11	122085692	122110692	3
chr19	24115398	24140398	8
chr2	89815990	89840990	8
chr4	49096183	49121183	8
chr19	9362724	9387724	1
chr7	64329822	64354822	8
chr4	345811	370811	8
chr19	9326324	9351324	8
chr16	9090143	9115143	3
chr19	36931498	36956498	8
chr22	46062720	46087720	3
chr8	26024084	26049084	11
chr4	450211	475211	8
chr19	21518798	21543798	8
chr19	20538394	20563394	8
chr21	10692856	10717856	8
chr19	52372947	52397947	8
chr19	12516586	12541586	8
chr9	96749918	96774918	8
chr2	150465886	150490886	3
chr10	38517072	38588069	8
chr19	44470183	44497948	8
chr8	26024684	26049684	11
chr19	23366398	23391398	8
chr19	21802998	21827998	8
chr7	64504622	64529622	8
chr19	58121433	58146433	8
chr16	3294600	3319600	8
chr7	130886641	130911641	3
chr19	37091098	37116098	8
chr16	31734679	31759679	8
chr7	130886241	130911241	3
chr3	112618553	112643553	3
chr11	122090892	122115892	3
chr3	75728249	75753249	8
chr19	36737898	36762898	8
chr11	114103478	114128478	2
chr16	34148333	34173333	11
