chrX	130880200	130881800	1
chrX	130838000	130839600	1
chrX	73068200	73072600	1
chrX	130955800	130957000	1
chrX	130912600	130913400	1
chrX	130925800	130928000	1
chrX	130886400	130887800	1
chrX	56809400	56810200	1
chrX	130946800	130947600	1
chrX	130862200	130864000	1
chrX	130874600	130876200	1
chrX	130950600	130951600	1
chrX	56793400	56794200	1
chrX	130917800	130918200	2
chrX	56829400	56830600	1
chrX	130897000	130898600	3
chrX	130936800	130937600	1
chrX	47079000	47080000	3
chrX	153238800	153239200	3
chrX	53448600	53448800	3
chrX	115009000	115010200	1
chrX	56789800	56791600	1
chrX	7065200	7065600	3
chrX	71526200	71527000	14
chrX	130902400	130902800	2
chrX	47078800	47079000	1
chrX	52963600	52963800	3
chrX	130964400	130965600	3
chrX	52005200	52005600	3
chrX	53255000	53255200	3
chrX	53253000	53253400	2
chr19	15375200	15376200	8
chr17	58679200	58679800	1
chrX	47053800	47054400	3
chr5	141705000	141705400	3
chrX	52004400	52004600	4
chrX	130845200	130845600	2
chr14	23542200	23542400	7
chrX	24169200	24170000	3
chr11	63608200	63608600	3
chrX	40025600	40026400	15
chrX	74145000	74145200	2
chr8	144361200	144361800	3
chr19	11450400	11450800	3
chrX	3631200	3631400	2
chrX	153193800	153194000	1
chrX	73164800	73165000	2
chrX	16803800	16804000	2
chr22	24384000	24384600	1
chr1	7887000	7887200	2
chr6	166420600	166421000	15
chrX	39942600	39943400	14
chrX	40004600	40006200	14
chr1	46269400	46269600	2
chr12	7038800	7039000	4
chr17	49195800	49196000	4
chr16	49891400	49892400	14
chrX	41195000	41195800	2
chrX	99986200	99986600	14
chr6	91006600	91006800	2
chrX	15873600	15873800	3
chrX	103086400	103087200	14
chrX	41112600	41113000	14
chr9	89563200	89563600	1
chr8	33423400	33423600	1
chrX	56824800	56825400	11
chr18	42260600	42261000	1
chr11	1569000	1569400	15
chr22	41778600	41779000	3
chr10	123356800	123357800	14
chr14	75895800	75896000	3
chr17	73842600	73843000	8
chrX	99986800	99987200	2
chr1	26127200	26127600	3
chr9	139438600	139439200	3
chr3	152553200	152553400	1
chr13	33162200	33162400	1
chr17	73843600	73844400	8
chr9	135995200	135995800	3
chr10	18429200	18430200	14
chr17	1554000	1554600	8
chr6	31696600	31696800	3
chrX	3631600	3631800	2
chr12	110012200	110012400	4
chr1	181451800	181452000	14
chr2	74666600	74666800	3
chrX	71496000	71496400	2
chrX	52964600	52964800	3
chr3	45637000	45637200	3
chrX	153238600	153238800	1
chrX	53253400	53253600	2
chr1	31536800	31537000	1
chr12	29936400	29936600	1
chr2	24148600	24148800	1
chrX	53251800	53252200	4
chr11	3181000	3181200	3
chr10	134350000	134350200	3
chr15	70615600	70616000	9
chrX	40946800	40947200	2
chrX	16738400	16738800	3
