chr17	46622800	46672800	11
chr7	27137200	27187200	14
chr7	27140600	27190600	14
chr17	46632600	46682600	22
chr7	27149400	27199400	14
chr17	46636800	46686800	9
chr7	27167600	27217600	14
chr19	13163200	13213200	23
chr12	54375400	54425400	22
chr2	218761800	218811800	13
chr2	218679200	218729200	20
chr11	114004600	114054600	11
chr1	226837000	226887000	14
chr2	127817200	127867200	14
chr10	126329200	126379200	13
chr7	27202000	27252000	22
chr14	93469200	93519200	14
chr10	81156000	81206000	14
chr17	48250200	48300200	23
chr17	48241200	48291200	23
chr14	99691600	99741600	22
chr17	55965800	56015800	3
chr2	218687200	218737200	20
chr10	81147800	81197800	3
chr1	22219800	22269800	4
chr9	97817800	97867800	15
chr12	7031400	7081400	22
chr10	45451000	45501000	14
chr11	75012200	75062200	14
chr18	74766200	74816200	3
chr2	47257600	47307600	13
chr15	96862200	96912200	10
chr2	127806600	127856600	3
chr14	93463800	93513800	14
chr6	41654200	41704200	14
chr12	7029200	7079200	22
chr14	91833000	91883000	16
chr15	96859800	96909800	10
chr19	13172800	13222800	23
chr1	207977800	208027800	14
chr5	140855800	140905800	23
chr2	218781600	218831600	13
chr10	126380200	126430200	15
chr10	63796000	63846000	13
chr12	124864200	124914200	13
chr16	70712200	70762200	13
chr10	71209200	71259200	4
chr5	149988600	150038600	9
chr5	131747000	131797000	4
chr9	124470400	124520400	13
chr5	131747200	131797200	4
chr13	110950800	111000800	14
chr16	86508200	86558200	4
chr11	113928000	113978000	4
chr22	46463000	46513000	11
chr13	111024000	111074000	14
chr2	128389400	128439400	23
chr17	57410000	57460000	13
chr19	39178200	39228200	18
chr19	1230600	1280600	23
chr12	124861800	124911800	13
chr17	38462600	38512600	11
chr1	156431600	156481600	13
chr15	89633400	89683400	22
chr12	7024600	7074600	22
chr10	80897400	80947400	11
chr10	80978400	81028400	18
chr3	12963000	13013000	16
chr1	207975000	208025000	14
chr17	1945000	1995000	22
chr13	110944800	110994800	14
chr17	57418800	57468800	13
chr8	22406000	22456000	9
chr6	34982400	35032400	4
chr2	85958800	86008800	9
chr9	137279000	137329000	13
chr13	111029600	111079600	14
chr3	50263400	50313400	23
chr14	103978800	104028800	22
chr2	240185400	240235400	4
chr5	131789000	131839000	14
chr11	118472000	118522000	22
chr17	55941600	55991600	3
chr15	31622200	31672200	6
chr8	134500800	134550800	20
chr5	139020800	139070800	16
chr15	89644400	89694400	13
chr3	66499200	66549200	14
chr12	7039400	7089400	22
chr7	47497400	47547400	14
chr10	97146400	97196400	13
chr8	30377600	30427600	9
chr17	36574800	36624800	14
chr17	1947600	1997600	22
chr9	116262200	116312200	22
chr1	226865800	226915800	13
chr16	85198400	85248400	9
chr9	139548000	139598000	22
chr1	204403400	204453400	13
chr8	22399000	22449000	9
