chr17	43294200	43315000	14
chr17	47171400	47191800	14
chr20	49269600	49292000	8
chr17	43312600	43333800	14
chr17	47161800	47182200	14
chr17	47133800	47154000	14
chr17	47127000	47147400	14
chr16	14476800	14497200	14
chr7	5517600	5539000	8
chr3	73100600	73121000	14
chr17	47125400	47145800	12
chr3	196888400	196908800	14
chr17	47148000	47168400	14
chr17	47146800	47167200	14
chr11	65494400	65516000	8
chr12	0	20200	14
chr2	132260600	132284200	15
chr17	41679800	41700400	8
chr19	1264600	1285200	8
chr2	231701200	231722600	8
chr13	80326800	80347600	8
chr1	28497800	28520600	8
chr22	39511400	39533400	8
chr14	102075400	102095800	8
chr19	49487200	49507800	8
chr12	6525800	6546600	8
chr6	32964600	32985200	8
chr14	68779200	68800200	8
chr6	31827000	31848000	8
chr12	132757200	132777600	14
chr8	144780800	144801600	8
chr20	43449000	43469200	4
chr7	100089400	100109800	8
chr2	132259000	132279800	14
chr19	49479000	49499800	8
chr17	78347000	78368400	8
chr5	179611400	179631800	8
chr12	56149600	56171400	8
chr20	30366200	30386800	14
chr6	31530000	31550600	8
chr14	103325400	103346000	8
chr19	48863400	48884800	8
chr1	35180600	35201000	8
chr6	132805800	132826600	8
chr2	207757200	207778000	8
chr5	178575400	178595600	14
chr21	8976400	8998000	14
chr12	49119800	49140200	8
chr19	2261400	2282200	8
chr12	54272400	54293600	8
chr2	132257600	132278000	14
chr17	32812200	32832600	14
chr19	48607200	48627800	8
chr22	49952400	49973200	8
chr11	8674000	8694400	8
chr19	54191600	54213200	8
chr9	127439200	127460000	8
chr19	12929600	12950600	8
chr2	132255000	132276600	14
chr1	203297000	203319000	8
chr17	4936000	4956800	8
chr16	30056800	30077600	8
chr6	35459600	35480400	8
chr2	216489800	216510400	8
chr19	3973600	3994400	8
chr6	58440400	58463000	14
chr14	69758400	69778800	8
chr19	58219600	58240000	4
chr18	20928000	20950000	14
chr3	51984400	52005000	8
chr19	18268600	18289000	8
chr11	62843400	62864200	8
chr3	51382000	51402600	8
chr16	2142600	2163400	8
chr5	181231800	181252600	8
chr22	18880800	18901200	14
chr6	73508600	73529200	8
chr6	34414800	34435000	8
chr16	89551400	89572200	8
chr17	7564200	7585000	8
chr1	121732400	121752600	14
chr19	789400	809800	8
chr1	145983400	146004600	8
chrX	62612200	62632600	14
chr11	66629600	66650200	4
chr19	27231200	27252400	14
chr19	55376800	55397800	8
chr14	35392200	35413400	8
chr5	180820000	180840400	12
chr3	186775000	186796000	8
chr10	3770200	3792200	8
chr12	2245800	2266000	12
chr2	62720600	62741000	14
chr19	48460200	48480400	8
chr20	62294000	62314600	8
chr19	56661000	56681600	4
chr9	136716000	136736800	8
