chr15	25067653	25092653	20
chr19	57530232	57555232	20
chr19	36534698	36559698	20
chr19	58233034	58258034	20
chr12	133081614	133106614	4
chr12	133132414	133157414	20
chr12	132989814	133014814	20
chr5	180244800	180269800	20
chr19	36811498	36836498	20
chr19	37560698	37585899	20
chr19	51961947	51986947	4
chr19	57973832	57998832	20
chr19	58186033	58211234	20
chr19	37420298	37445298	20
chr19	36635098	36660098	20
chr19	36705498	36730498	20
chr16	3386600	3411600	1
chr12	133039014	133064014	20
chr19	56403031	56428031	4
chr19	9326924	9351924	20
chr19	52300547	52325547	20
chr19	58121633	58146633	20
chr19	44473383	44500948	1
chr19	56533831	56558831	1
chr19	37088898	37113898	20
chr19	36738098	36763098	20
chr19	36884298	36909298	20
chr19	43834848	43859848	20
chr19	37143698	37168698	20
chr19	52015547	52040547	20
chr12	133181614	133206614	4
chr4	429811	454811	20
chr12	132928614	132953614	20
chr19	37227898	37252898	20
chr19	9560124	9585124	4
chr19	56600832	56625832	20
chr16	68548897	68573897	20
chr19	57923632	57948632	1
chr4	69308	96113	20
chr19	23332398	23357398	20
chr7	6682769	6707769	1
chr16	3285400	3310400	4
chr19	52057547	52082547	20
chr19	53231147	53256147	1
chr19	56437631	56462631	20
chr12	133068014	133093014	20
chr4	135255	162410	20
chr4	349411	374411	20
chr19	37374698	37399698	20
chr22	46062320	46087320	22
chr19	52373947	52398947	20
chr5	179065199	179090199	20
chr19	56565231	56590432	4
chr19	58258234	58283234	1
chr19	44423228	44449212	20
chr3	44711908	44736908	20
chr2	217918077	217943077	9
chr19	8803724	8828724	20
chr19	57682832	57707832	4
chr19	9362724	9387724	20
chr19	20536994	20561994	20
chr22	36348955	36373955	9
chr1	227640099	227665099	20
chr9	96754118	96779118	4
chr1	21920107	21945107	22
chr14	68934483	68959483	9
chr15	96319971	96344971	4
chr22	31082814	31107814	1
chr15	96320171	96345171	4
chr7	6672369	6697369	20
chr19	53225947	53250947	20
chr19	7068589	7093589	4
chr19	9403924	9428924	20
chr8	144825815	144850815	1
chr17	48540838	48565838	4
chr19	34737695	34762695	20
chr19	56413231	56438231	20
chr1	227633299	227658299	20
chr5	149403637	149428637	9
chr17	40089347	40114347	18
chr19	44153647	44178647	1
chr19	43950648	43975648	1
chr14	73739897	73764897	9
chr19	58111033	58136033	20
chr17	48571438	48596438	1
chr19	44321647	44346848	20
chr19	9514724	9539724	4
chr11	65484329	65509329	13
chr1	156113209	156138209	9
chr19	34741895	34766895	20
chr19	38647160	38672160	22
chr19	56450231	56475231	20
chr1	201483272	201508272	3
chr8	143934032	143959032	1
chr19	51857347	51882347	20
chr10	95378443	95403443	11
chr5	178702999	178727999	20
chr16	70680097	70705097	22
chr5	178922799	178947799	20
chr3	44718108	44743108	1
