chr19	1043400	1111400	8
chr20	38702800	38750600	15
chr18	36108400	36149000	4
chr6	159015000	159066200	8
chr11	34896600	34937600	3
chr14	91292400	91363000	8
chr22	37195600	37265600	8
chr3	138815000	138855400	3
chr15	81270600	81328200	8
chr14	20452200	20498600	8
chr11	67376400	67421200	7
chr1	225625600	225675800	14
chr11	115481000	115525400	14
chr19	58555600	58596400	3
chr1	92454000	92511400	14
chr2	136092800	136161000	8
chr12	14924400	14974800	8
chr5	132462800	132510400	8
chr6	33279600	33320600	3
chr9	114336800	114413400	8
chr1	151031600	151078600	8
chr19	41279200	41329800	8
chr7	50322800	50425000	8
chr11	73948200	74002800	8
chr17	48872200	48914000	2
chr17	79781600	79825800	15
chr19	12591000	12634200	3
chr6	30429400	30477200	15
chr5	108727200	108768400	3
chr2	112564600	112605200	3
chr2	215411200	215459400	14
chr12	63823200	63868400	14
chr16	30162000	30208400	8
chr9	126698800	126744600	3
chr6	32166000	32209000	8
chr14	21046800	21096800	14
chr11	6369400	6410000	3
chr11	10909600	10954800	14
chr2	240542400	240588200	3
chr7	50278800	50351200	8
chr6	43150000	43191200	3
chr1	230848200	230890200	14
chr17	29116200	29162600	3
chr6	30469800	30516800	8
chr2	241294000	241334800	3
chr22	38728200	38775000	8
chr11	67257600	67308000	8
chr1	231508800	231550400	3
chr14	52925600	52974600	14
chr9	97611600	97652800	3
chr15	64820400	64861400	3
chr4	78035200	78094200	14
chr11	247400	290800	3
chr1	227292600	227339800	14
chr19	10907400	10948800	3
chr17	38724400	38772200	14
chr1	213966600	214011000	14
chr1	9622000	9679400	3
chr5	506400	551800	15
chr3	149948600	149996000	1
chr6	128492600	128544400	1
chr2	196131800	196190800	8
chr19	14418200	14463200	3
chr11	102089200	102140600	1
chr1	248852600	248893800	3
chr7	142773000	142833800	8
chr18	50277600	50318800	4
chr14	101928400	101969600	3
chr4	158703400	158744400	3
chr19	42175200	42225400	3
chr11	117308200	117349000	3
chr1	98640800	98686400	14
chr7	97003400	97045200	14
chr1	145972000	146015800	8
chr9	34645600	34687400	3
chr19	1923000	1964400	3
chr10	73723200	73764000	3
chr1	32374600	32415400	3
chr19	55420200	55462200	15
chr12	108836400	108877200	3
chr12	7938400	7982200	3
chr2	181434600	181484800	14
chr1	21154400	21196600	3
chr19	58539200	58579800	3
chr10	21513200	21553600	3
chr17	58305400	58370000	3
chr7	580600	625600	3
chr19	36358000	36398800	3
chr17	45199600	45271000	3
chr12	49041000	49081600	3
chr17	81846800	81890600	7
chr1	153708200	153750000	3
chr10	21489600	21546000	14
chr5	180783000	180829800	3
chr17	16394800	16443800	3
chr2	174606400	174656200	3
chr9	81664000	81709600	1
chr16	1762200	1804000	2
chr5	40815400	40856400	3
chr11	65618200	65664600	3
