chr4	112645644	112655644	1
chr4	112645044	112655044	1
chr11	65497929	65507929	9
chr11	118915091	118925091	9
chr1	27566689	27576689	1
chr11	65417729	65427729	9
chr2	89827990	89837990	22
chr7	5523169	5533169	11
chr7	2519566	2529566	10
chr1	23553709	23563910	13
chr9	121278922	121288922	10
chr6	73514277	73524277	11
chr9	128382121	128392121	23
chr12	6532034	6542034	11
chr9	127519321	127529321	20
chr20	10647352	10657352	11
chr10	3775008	3785008	11
chr10	41854608	41864608	22
chr17	42669182	42679182	13
chr17	42669382	42679382	11
chr19	1250801	1260801	9
chr12	6532834	6542834	11
chr8	143935832	143945832	9
chr1	26410309	26420309	13
chr7	2520766	2530766	10
chr3	134363558	134373558	9
chr10	41874808	41884808	21
chr20	49278863	49288863	9
chr11	65485329	65495329	13
chr19	1251401	1261401	9
chr22	36326555	36336555	9
chr20	47347456	47357456	9
chr17	78351519	78361519	10
chr1	205293672	205303672	9
chr19	38661960	38671960	9
chr15	63043601	63053601	9
chr3	134357558	134367558	9
chr10	125148431	125158431	10
chr20	47351856	47361856	13
chr11	63759928	63769928	22
chr1	234599054	234609054	9
chr10	79235243	79245243	10
chr12	6332834	6342834	13
chr19	38648760	38658760	9
chr3	32834708	32844708	9
chr2	43217461	43227461	9
chr17	42667582	42677582	13
chr14	68786683	68796683	11
chr11	62551728	62561728	9
chr12	114672195	114682195	9
chr3	32834108	32844108	9
chr11	65487129	65497129	18
chr16	29803679	29813679	13
chr16	2147999	2157999	9
chr3	181711812	181721812	9
chr1	27003509	27013509	18
chr12	121792294	121802294	13
chr16	75244502	75254502	9
chr12	114670995	114680995	9
chr19	13838786	13848786	9
chr12	120225997	120235997	13
chr9	129137921	129147921	13
chr5	139650415	139660415	9
chr16	73027701	73037701	3
chr22	39310195	39320195	9
chr19	39405560	39415560	13
chr12	109457195	109467195	13
chr12	122867653	122877653	23
chr1	205295272	205305272	9
chr17	48547438	48557438	9
chr3	50235968	50245968	9
chr1	16144905	16154905	9
chr12	124912454	124922454	13
chr1	156121009	156131009	9
chr19	1854401	1864401	9
chr15	96328371	96338371	9
chr15	96327971	96337971	9
chr19	41319095	41329095	13
chr10	21508671	21518671	13
chr17	2055506	2065506	24
chr1	28505088	28515088	9
chr1	205444472	205454472	11
chr19	19459191	19469191	9
chr1	1031420	1041420	6
chr1	154967124	154977124	13
chr19	1265201	1275201	13
chr16	73043501	73053501	23
chr16	73043301	73053301	23
chr17	48549438	48559438	9
chr17	81508574	81518574	11
chr5	93585694	93595694	23
chr17	79831601	79841601	11
chr10	112950841	112960841	9
chr16	73043701	73053701	23
chr17	40342748	40352748	9
chr6	33424423	33434423	13
chr17	48046838	48056838	9
chr12	121794694	121804694	13
chr10	80459044	80469044	9
chr22	27790212	27800212	22
