chr7	5527400	5529400	8
chr2	231711200	231712600	8
chr19	3983600	3984600	8
chr17	43304400	43305000	14
chr12	6535800	6536800	8
chr12	56159600	56161400	8
chr8	144790600	144791600	8
chr22	39521200	39523400	8
chr22	49962400	49963400	8
chr19	1274200	1275200	8
chr19	49489000	49490200	8
chr20	49279800	49281400	8
chr17	47156800	47157200	14
chr7	62508400	62509200	14
chr1	28508200	28510600	8
chr19	2271400	2272200	8
chr14	35402200	35403400	8
chr16	89561400	89562200	8
chr12	49129800	49130200	8
chr19	49497400	49498000	8
chr18	108000	108400	14
chr6	58450200	58453000	14
chr19	18278600	18279200	8
chr3	51994400	51994800	8
chr19	12939600	12940600	8
chr1	91387200	91387600	14
chr12	20551200	20551600	14
chr8	43976200	43976600	14
chr16	29808400	29809600	8
chr17	7574000	7575600	8
chr1	121742400	121743600	14
chrX	62498000	62498400	14
chr19	27240800	27242400	14
chr19	35575400	35575800	14
chr21	10325400	10326200	14
chr2	132254800	132255400	14
chr16	46383000	46383400	14
chr19	55386800	55388000	8
chr17	41689600	41690200	8
chr21	8807000	8807400	14
chr5	50109800	50110000	14
chr10	100998600	100999000	3
chr18	20939800	20940400	14
chr6	119237200	119237600	14
chr5	71850600	71851000	14
chr14	87771000	87771600	14
chr17	4944400	4946800	8
chr1	121736600	121737000	14
chr6	58447400	58447600	14
chr2	92117400	92118000	14
chr8	43983400	43983600	14
chr10	41705000	41705400	14
chr2	92093000	92093400	14
chr19	48873200	48874800	8
chr9	63816600	63818600	14
chr17	43322800	43323600	14
chr5	181241600	181242400	8
chr11	85483800	85484000	14
chr4	67399600	67400000	14
chr10	41874600	41875400	14
chr14	68789200	68790200	8
chr16	30066800	30067600	8
chr4	49657200	49657800	14
chr2	92087600	92088000	14
chr10	96801400	96801800	14
chr16	34156600	34157000	14
chr9	136726000	136726600	8
chr9	137242200	137242600	8
chr22	36329400	36330400	8
chr16	34154400	34155200	14
chr18	108800	109600	14
chr12	127165800	127166400	14
chrX	137438000	137438400	14
chr6	31837200	31837800	8
chr8	69689800	69690200	14
chrX	48575400	48576000	8
chr2	92108400	92108800	14
chr16	34153000	34153400	14
chr1	121613800	121614400	14
chr17	22762000	22762400	14
chr11	54527400	54527800	14
chr19	27247400	27247800	14
chr21	8988000	8988600	14
chr13	27459400	27459800	14
chr16	34160400	34160800	14
chr17	81509000	81511800	8
chr11	62882800	62883000	8
chr19	2042400	2043000	8
chr17	35150800	35151200	14
