chr17	46622800	46672800	22
chr7	27137200	27187200	23
chr17	46627800	46677800	22
chr19	13107600	13157600	4
chr19	13163200	13213200	2
chr19	13165000	13215000	23
chr19	13169200	13219200	23
chr12	54375400	54425400	4
chr22	46436400	46486400	12
chr2	218759400	218809400	16
chr15	96862200	96912200	10
chr14	91833200	91883200	3
chr14	99691600	99741600	21
chr10	80898400	80948400	15
chr19	13172400	13222400	23
chr17	38462600	38512600	13
chr19	1230600	1280600	23
chr11	75012200	75062200	14
chr10	126329000	126379000	3
chr10	126381400	126431400	9
chr5	140855800	140905800	23
chr17	55944800	55994800	3
chr17	55965800	56015800	3
chr1	22221400	22271400	22
chr10	80978600	81028600	18
chr11	65312000	65362000	23
chr10	45451000	45501000	22
chr14	93469200	93519200	14
chr16	73056000	73106000	14
chr14	93470000	93520000	14
chr13	110950800	111000800	13
chr12	7031600	7081600	13
chr2	127817200	127867200	14
chr5	139021000	139071000	2
chr7	27201400	27251400	22
chr3	66499400	66549400	13
chr12	124864000	124914000	13
chr10	81157000	81207000	14
chr10	63796000	63846000	16
chr2	47257600	47307600	13
chr2	60734600	60784600	14
chr10	45448200	45498200	22
chr5	140762000	140812000	20
chr13	110945600	110995600	14
chr17	1945000	1995000	22
chr8	22405800	22455800	9
chr12	7029200	7079200	4
chr1	226830600	226880600	14
chr11	65314600	65364600	23
chr17	48250200	48300200	24
chr19	39178400	39228400	13
chr2	240185200	240235200	3
chr5	139031400	139081400	11
chr22	36719200	36769200	9
chr16	73052000	73102000	15
chr1	27845600	27895600	13
chr14	91817200	91867200	3
chr1	207977800	208027800	3
chr9	97806800	97856800	13
chr18	74796400	74846400	4
chr16	70712200	70762200	13
chr3	50263400	50313400	13
chr1	21619000	21669000	13
chr1	56970000	57020000	11
chr15	96855200	96905200	10
chr11	118472200	118522200	13
chr7	47510200	47560200	14
chr1	27880800	27930800	13
chr17	17681000	17731000	1
chr17	17681400	17731400	1
chr9	124470000	124520000	13
chr19	39139000	39189000	9
chr1	56972200	57022200	11
chr17	75428200	75478200	3
chr3	141085000	141135000	19
chr1	56966600	57016600	11
chr9	137256800	137306800	9
chr1	156431600	156481600	11
chr17	75419400	75469400	3
chr8	145003200	145053200	23
chr7	130558000	130608000	13
chr15	31621200	31671200	3
chr8	22413400	22463400	14
chr17	17595600	17645600	9
chr3	141102000	141152000	4
chr11	818200	868200	13
chr12	109191400	109241400	13
chr9	137265600	137315600	9
chr3	66487200	66537200	9
chr14	74183200	74233200	13
chr1	201676800	201726800	13
chr12	54761800	54811800	13
chr9	124461200	124511200	13
chr8	22418000	22468000	14
chr17	36575000	36625000	14
chr1	207974000	208024000	3
chr9	124022600	124072600	14
chr12	57520400	57570400	13
chr17	17684600	17734600	1
chr14	100023000	100073000	15
