chr10	42355000	42405000	8
chr14	22971400	23021400	3
chr15	25293000	25343000	8
chr21	10774200	10824200	8
chr12	133655400	133705400	8
chr19	58677600	58727600	8
chr2	89830200	89880200	8
chr11	128340800	128390800	3
chr10	39104800	39154800	8
chr7	27189000	27239000	10
chr12	54355600	54405600	11
chr19	52438000	52488000	8
chr19	37195000	37245000	8
chr19	52358400	52408400	8
chr4	415400	465400	8
chr19	52353200	52403200	8
chr16	46386000	46436000	8
chr19	37004600	37054600	8
chr4	404600	454600	8
chr2	176952800	177002800	11
chr19	58041000	58091000	8
chr10	38769200	38819200	8
chr12	133593800	133643800	8
chr19	37900800	37950800	8
chr19	38027200	38077200	8
chr19	52496400	52546400	8
chr14	22949800	22999800	3
chr17	46654800	46704800	11
chr19	44955000	45005000	8
chr14	99690400	99740400	3
chr4	49104600	49154600	8
chr5	169680800	169730800	3
chr19	38022000	38072000	8
chr14	100528800	100578800	3
chr19	37349400	37399400	8
chr19	44952200	45002200	8
chr4	334000	384000	8
chr19	37877400	37927400	8
chr19	37207400	37257400	8
chr5	156605800	156655800	3
chr5	133432600	133482600	3
chr19	23518200	23568200	8
chr16	46406400	46456400	8
chr19	58742000	58792000	8
chr19	58668200	58718200	8
chr5	133427200	133477200	3
chr13	100605800	100655800	12
chr10	8071600	8121600	11
chr5	92900400	92950400	11
chr6	24890600	24940600	3
chr19	52786600	52836600	8
chr15	25264200	25314200	8
chr7	50412600	50462600	3
chr19	58607800	58657800	8
chr9	117110800	117160800	3
chr4	340200	390200	8
chr10	11205400	11255400	3
chr19	56904600	56954600	8
chr3	75753800	75803800	8
chr17	46785200	46835200	11
chr19	56910600	56960600	8
chr19	52421400	52471400	8
chr5	133452600	133502600	3
chr19	37614000	37664000	1
chr14	99671200	99721200	3
chr12	54405800	54455800	11
chr19	53700000	53750000	8
chr19	37602800	37652800	8
chr19	58474800	58524800	8
chr16	33938600	33988600	11
chr19	24517200	24567200	8
chr21	11037000	11087000	8
chr21	10824400	10874400	8
chr19	37108400	37158400	1
chr10	8078600	8128600	11
chr4	40197600	40247600	1
chr1	226877800	226927800	3
chr16	32514600	32564600	9
chr6	24908600	24958600	3
chr14	23005600	23055600	3
chr7	138745200	138795200	1
chr21	11109800	11159800	8
chr19	57048000	57098000	8
chr10	8079000	8129000	11
chr4	124200	174200	1
chr21	10744400	10794400	8
chr12	133723400	133773400	8
chr1	227818800	227868800	8
chr19	9443000	9493000	8
chr16	31745400	31795400	8
chr12	133724800	133774800	8
chr2	196993200	197043200	3
chr3	52264400	52314400	1
chr12	9799600	9849600	3
chr4	122600	172600	1
chr6	28736200	28786200	12
chr22	36724200	36774200	3
chr4	40191800	40241800	1
chr19	52551400	52601400	8
chr19	58258000	58308000	8
