chr1	150574200	150576800	8
chr5	181241400	181242400	8
chr19	39433600	39434800	8
chr8	144790200	144791400	8
chr11	62852600	62854400	8
chr19	49489200	49490600	8
chr19	49497400	49498800	8
chr17	7574200	7576000	8
chr17	41689800	41691200	8
chr1	28508000	28511000	8
chr5	40832600	40833800	8
chr19	3983200	3984400	8
chr6	73516200	73517400	8
chr9	124859600	124860800	8
chr2	85541000	85542800	8
chr19	41861000	41863000	8
chr12	56159800	56161200	8
chr17	58004400	58005800	8
chr14	69768200	69769200	8
chr11	75401200	75402600	8
chr2	231711400	231712600	8
chr14	103335600	103336400	8
chr16	89561800	89564000	8
chr11	62882600	62884400	8
chr19	54201800	54204000	8
chr20	49279800	49284400	8
chr1	173864600	173866200	8
chr3	51994000	51994800	8
chr19	17861400	17862000	8
chr17	16440800	16443000	8
chr2	216499800	216501200	8
chr3	186785000	186787800	8
chr16	30066800	30067800	8
chr12	120198800	120199600	8
chr12	49129600	49130200	8
chr22	39522400	39523400	8
chr1	23693000	23694000	8
chr9	136725600	136726600	8
chr11	8684200	8685400	8
chr9	133349000	133350000	8
chr17	76733400	76735400	8
chr19	48616600	48617600	8
chr19	55387000	55388600	8
chr11	811200	812000	8
chr12	46367400	46370400	8
chr17	42999400	43000200	8
chr9	127449000	127450200	8
chr6	30722800	30723200	8
chr12	6536000	6537600	8
chr17	38850800	38852000	8
chr22	39315400	39318000	8
chr19	12939600	12940800	8
chr14	35400800	35403400	8
chr2	101003600	101004600	8
chr5	150447600	150448200	8
chr22	23895800	23896200	8
chr20	2654000	2654800	8
chr11	10805800	10807000	8
chr11	65856000	65856400	8
chr5	178205800	178207200	8
chr17	64503600	64504800	8
chr7	100099400	100099800	8
chr19	48873400	48874600	8
chr11	65120600	65121200	8
chr1	8872400	8874200	8
chr17	8380600	8381600	8
chr12	54282400	54284400	8
chr6	31539400	31540600	8
chr6	33274200	33275400	8
chr1	26473600	26474200	8
chrX	48575600	48576600	8
chr22	49962600	49963400	8
chr7	26195600	26197600	8
chr16	29808600	29809000	8
chr20	62388000	62388600	8
chr4	39456600	39457400	8
chr8	127740200	127741600	8
chr1	153991800	153992200	8
chr3	39407800	39408400	8
chr7	44984400	44985400	8
chr10	3780200	3782200	8
chr17	74205000	74205600	8
chr20	53581600	53582800	8
chr5	177135000	177135400	8
chr2	206160800	206161200	8
chr17	31937400	31938000	2
chr17	30732000	30732800	2
chr17	4944800	4946800	8
chr19	55405800	55406600	8
chr11	64776400	64777000	8
chr6	44248800	44249200	8
chr20	35739200	35740400	8
chr15	66502400	66503000	8
chr11	61428600	61428800	8
chr19	58546000	58546800	8
chr1	150572800	150573600	8
chr6	32974400	32976200	8
chr14	23470200	23470400	4
chr13	45338800	45339600	8
chr6	35470400	35471200	8
