chr20	31674397	31724397	8
chr10	41839408	42105752	14
chr21	10687856	10737856	12
chr10	38483472	38579469	12
chr7	130878441	130928441	8
chr10	38809669	38859669	12
chr22	46061320	46111320	15
chr22	46052320	46102320	8
chr22	36323955	36373955	1
chr16	87822594	87872594	2
chr19	38647160	38697160	2
chr20	30397524	31245597	8
chr19	1231601	1281601	8
chr15	92881170	92931170	2
chr2	89787797	89844190	12
chr1	42922729	42972729	2
chr19	58227234	58277234	8
chr15	60353201	60403201	8
chr16	34131733	34181733	15
chr15	25050053	25100053	12
chr7	130903241	130953241	1
chr15	25059453	25109453	13
chr19	36525298	36575298	4
chr12	53970416	54020416	8
chr19	1224201	1274201	8
chr12	133036214	133086214	2
chr15	67085062	67135062	10
chr11	62528928	62578928	2
chr19	1241801	1291801	8
chr7	130908041	130958041	1
chr15	92887570	92937570	8
chr7	130912841	130962841	1
chr7	47557002	47607002	4
chr16	36043429	46422888	14
chr4	49106583	49156583	14
chr2	132238627	132288627	15
chr7	47534602	47584602	1
chr21	10364656	10414656	12
chr20	47312056	47362056	3
chr20	47311456	47361456	3
chr10	79066443	79116443	2
chr10	79110643	79160643	8
chr1	16137905	16187905	8
chr17	77380918	77430918	10
chr17	59810039	59860039	1
chr11	62524928	62574928	2
chr1	230065853	230115853	10
chr19	58164633	58214834	8
chr22	46076520	46126520	1
chr2	177226672	177276672	8
chr7	47509002	47559002	8
chr17	59808039	59858039	1
chr1	16139305	16189305	8
chr12	121769894	121819894	8
chr4	424611	474611	2
chr22	30208811	30258811	1
chr12	121768894	121818894	8
chr11	795400	845400	8
chr3	58009873	58059873	10
chr17	40510948	40560948	3
chr17	82225324	82275324	8
chr17	7213681	7263681	8
chr22	36349555	36399555	2
chr10	79064443	79114443	2
chr11	794400	844400	8
chr20	50104863	50154863	8
chr12	12878466	12928466	15
chr12	12878666	12928666	15
chr7	157581308	157631308	16
chr20	31527197	31577197	8
chr22	36306954	36357155	1
chr1	230071653	230121653	1
chr12	133181014	133231014	4
chr15	98858371	98908371	7
chr14	61524282	61574282	1
chr4	49114583	49164583	14
chr14	68930683	68980683	4
chr12	104275822	104325822	2
chr17	38866947	38916947	8
chr16	15948743	15998743	2
chr12	132907414	132957414	4
chr1	154960524	155010524	2
chr2	132224827	132274827	15
chr19	51992147	52042147	3
chr3	58035473	58085473	3
chr15	98864771	98914771	1
chr12	104278622	104328622	2
chr22	30218211	30268211	4
chr17	79766401	79816401	2
chr17	40442548	40492548	3
chr20	47302856	47352856	3
chr2	36352257	36402257	1
chr19	38680560	38730560	1
chr8	143927632	143977632	4
chr1	156096409	156146409	2
chr3	46930910	46980910	2
chr2	36441257	36491257	10
chr19	57530032	57580032	4
chr15	72196659	72246659	8
chr14	68927483	68977483	8
