chr5	140762200	140812200	11
chr5	140705800	140755800	10
chr5	140756400	140806400	11
chr2	132996200	133046200	12
chr15	25291000	25341000	8
chr12	54354800	54404800	10
chr4	40600	90600	10
chr19	58738800	58788800	11
chr21	10774200	10824200	8
chr10	42355000	42405000	8
chr12	133655400	133705400	3
chr19	58474800	58524800	3
chr16	33935000	33985000	11
chr9	137588400	137638400	12
chr10	115372600	115422600	1
chr12	54381200	54431200	10
chr19	58681400	58731400	2
chr19	37004400	37054400	2
chr12	54344400	54394400	10
chr10	131725400	131775400	3
chr19	37199200	37249200	8
chr19	58560600	58610600	7
chr19	37904200	37954200	8
chr19	58559200	58609200	7
chr2	91771800	91821800	8
chr19	57046400	57096400	3
chr5	178344800	178394800	11
chr2	91781400	91831400	8
chr15	96863400	96913400	3
chr2	176956200	177006200	10
chr10	88426800	88476800	3
chr9	137532600	137582600	3
chr19	38037200	38087200	8
chr19	37100400	37150400	8
chr2	91778400	91828400	8
chr6	26192000	26242000	12
chr4	8079600	8129600	3
chr4	8069000	8119000	3
chr12	133480800	133530800	15
chr14	101324400	101374400	3
chr2	133010800	133060800	12
chr10	131730600	131780600	3
chr17	48241200	48291200	3
chr19	52462600	52512600	7
chr19	37346600	37396600	8
chr19	37208400	37258400	8
chr19	37282400	37332400	8
chr20	61141600	61191600	3
chr15	25260400	25310400	8
chr13	110950800	111000800	3
chr16	46385800	46435800	8
chr10	39092600	39142600	8
chr2	133013200	133063200	12
chr19	9433800	9483800	2
chr19	37576000	37626000	8
chr7	27207000	27257000	10
chr9	137641400	137691400	6
chr19	9447400	9497400	1
chr4	417600	467600	3
chr19	37894200	37944200	8
chr16	3414400	3464400	10
chr4	414800	464800	8
chr10	131717000	131767000	3
chr19	58437000	58487000	11
chr19	13105600	13155600	3
chr14	94403000	94453000	11
chr2	89830200	89880200	8
chr19	56910400	56960400	8
chr4	8035600	8085600	12
chr14	23856400	23906400	3
chr14	94403600	94453600	11
chr19	58039400	58089400	3
chr4	8040600	8090600	12
chr7	27162400	27212400	3
chr17	46654600	46704600	10
chr19	56920200	56970200	8
chr2	218681800	218731800	3
chr4	8033400	8083400	12
chr13	110953200	111003200	3
chr16	46389800	46439800	8
chr14	101285600	101335600	3
chr22	46458200	46508200	3
chr13	110915400	110965400	3
chr12	54401800	54451800	10
chr3	75772400	75822400	8
chr14	23853000	23903000	3
chr12	133475000	133525000	15
chr19	52361400	52411400	8
chr19	23513600	23563600	4
chr12	4371200	4421200	3
chr21	9866200	9916200	10
chr17	77745600	77795600	10
chr12	4370000	4420000	3
chrX	47001400	47051400	8
chr19	52530400	52580400	3
chr21	11097000	11147000	8
chr2	220277200	220327200	10
chr12	133720200	133770200	1
chr12	133719000	133769000	1
chr4	49107800	49157800	8
