chr15	25295200	25320200	12
chr21	10778400	10803400	12
chr21	10804000	10829000	12
chr2	89855000	89880000	14
chr19	58701600	58726600	12
chr21	10835600	10860600	12
chr21	11106600	11131600	12
chr4	49635000	49660000	14
chr10	42373800	42398800	14
chr19	1248200	1273200	8
chr19	1250000	1275000	8
chr10	38793800	38818800	12
chr22	36716000	36741000	8
chr3	134069600	134094600	1
chr4	49098200	49123200	12
chr10	42792000	42817000	12
chr10	39130000	39155000	12
chr19	58753800	58778800	12
chr3	75766600	75791600	12
chr11	31820000	31845000	14
chr1	91171400	91196400	14
chr20	29808200	29833200	12
chr10	102487400	102512400	15
chr10	124890200	124915200	14
chr2	176943600	176968600	14
chr12	133619400	133644400	12
chr7	155240200	155265200	14
chr11	65252600	65277600	8
chr11	65253000	65278000	8
chr4	10094400	10119400	1
chr11	44324200	44349200	14
chr19	58627400	58652400	12
chr11	118776400	118801400	1
chr14	36971800	36996800	14
chr10	8074800	8099800	14
chr19	58479400	58504400	12
chr16	33934600	33959600	14
chr9	126758600	126783600	14
chr2	45158200	45183200	14
chr15	53074800	53099800	14
chr17	77764000	77789000	1
chr10	102880600	102905600	14
chr9	37019200	37044200	14
chr15	68109000	68134000	14
chr17	35283200	35308200	1
chr7	156791800	156816800	15
chr10	102973600	102998600	14
chr6	100043000	100068000	14
chr2	119592600	119617600	14
chr21	38060800	38085800	14
chr8	11546000	11571000	14
chr22	36704600	36729600	8
chr17	46808200	46833200	16
chr19	44975400	45000400	12
chr2	133012000	133037000	14
chr4	13524600	13549600	2
chr2	176969000	176994000	14
chr17	46687600	46712600	14
chr2	172946800	172971800	14
chr1	18955000	18980000	15
chr7	1263800	1288800	15
chr14	37112800	37137800	14
chr12	122231200	122256200	1
chr12	122231000	122256000	1
chr21	10698000	10723000	12
chr16	46388400	46413400	14
chr13	79160000	79185000	14
chr12	133675400	133700400	12
chr19	1744800	1769800	16
chr19	39137800	39162800	1
chr6	108475000	108500000	14
chr2	219844600	219869600	14
chr4	424400	449400	12
chr5	76919600	76944600	14
chr4	49143000	49168000	12
chr4	4853000	4878000	14
chr17	7122000	7147000	1
chr10	101279000	101304000	14
chr7	96632200	96657200	14
chr8	145003200	145028200	1
chr7	61778200	61803200	12
chr13	100619800	100644800	14
chr7	6714400	6739400	12
chr5	87966600	87991600	14
chr19	39191000	39216000	8
chr13	112705800	112730800	16
chr2	133006800	133031800	14
chr2	223153400	223178400	14
chr4	85401000	85426000	14
chr15	89900000	89925000	15
chr17	8043400	8068400	1
chr4	10087200	10112200	8
chr21	11161800	11186800	14
chr17	7131800	7156800	1
chr2	73132800	73157800	14
chr16	68586000	68611000	12
chr15	96864400	96889400	1
chr12	54322000	54347000	16
chr16	86526200	86551200	14
chr5	172654600	172679600	14
