chr1	145434600	145444600	3
chr7	5565000	5575000	3
chr6	30455600	30465600	3
chr17	73772400	73782400	3
chr14	35866400	35876400	3
chr14	70233200	70243200	3
chr20	47894600	47904600	8
chr2	133023000	133033000	11
chr14	88228200	88238200	11
chr6	58769400	58779400	11
chr11	65264200	65274200	3
chr10	3818200	3828200	3
chr13	28024200	28034200	2
chr1	91848400	91858400	11
chr6	36561200	36571200	3
chr6	32935600	32945600	3
chr3	186500000	186510000	3
chr19	3978400	3988400	3
chr17	39843600	39853600	3
chr21	9825200	9835200	11
chr1	150542800	150552800	3
chr11	122925600	122935600	3
chr22	39916600	39926600	3
chr17	79475800	79485800	3
chr19	39893600	39903600	3
chr1	121475600	121485600	11
chr17	33468400	33478400	11
chr8	70593000	70603000	8
chr12	20694800	20704800	11
chr2	230044400	230054400	11
chr6	31318600	31328600	3
chr10	98557600	98567600	11
chr2	136871000	136881000	3
chr1	35649400	35659400	3
chr1	203272400	203282400	3
chr5	172191600	172201600	3
chr16	89623000	89633000	3
chr6	30576600	30586600	3
chr16	33949800	33959800	8
chr5	71143800	71153800	11
chr5	179042000	179052000	3
chr1	234739400	234749400	3
chr12	125395200	125405200	3
chr5	131819000	131829000	3
chr7	26232200	26242200	3
chr3	156869200	156879200	3
chr17	62494400	62504400	3
chr2	133033000	133043000	8
chr11	64537200	64547200	3
chr20	34322000	34332000	3
chr9	79184400	79194400	11
chr17	4842200	4852200	3
chr19	36059000	36069000	11
chr12	34362800	34372800	11
chr9	77109000	77119000	10
chr1	156182000	156192000	1
chrX	136510600	136520600	11
chr2	43445600	43455600	3
chr15	81588400	81598400	3
chr20	42085200	42095200	3
chr18	50315000	50325000	8
chr6	29908200	29918200	3
chr6	31232400	31242400	3
chr6	74224200	74234200	3
chr6	89787800	89797800	3
chr12	92531200	92541200	3
chr9	68412400	68422400	11
chr17	7474800	7484800	3
chr19	18384800	18394800	3
chr5	40826600	40836600	3
chr2	172959000	172969000	11
chr14	69253600	69263600	3
chr14	103799400	103809400	3
chr12	56545400	56555400	3
chr20	37350800	37360800	11
chr15	45002000	45012000	3
chr19	49464600	49474600	3
chr17	74725400	74735400	3
chr1	151023600	151033600	3
chr17	41372600	41382600	8
chr19	49992600	50002600	3
chr11	61730600	61740600	3
chr11	85192000	85202000	8
chr3	75716600	75726600	9
chrX	61717600	61727600	8
chr15	28335800	28345800	11
chr5	54520600	54530600	11
chr16	30193400	30203400	3
chr1	245313000	245323000	11
chr11	57221400	57231400	11
chrX	106952200	106962200	3
chr17	56405400	56415400	3
chr10	74032000	74042000	3
chr19	16432600	16442600	3
chr6	10411400	10421400	10
chr20	29607200	29617200	1
chr19	2266000	2276000	3
chr1	145035400	145045400	11
chr16	31190000	31200000	3
chr14	102545400	102555400	3
