chr11	65496729	65506729	3
chr2	172094272	172104272	11
chr19	51964547	51974547	8
chr19	51890747	51900747	8
chr12	133044414	133054414	8
chr19	44476783	44487590	8
chr19	58188033	58198033	8
chr19	58203233	58213434	8
chr19	36710498	36720498	8
chr19	11941785	11951785	8
chr6	5994767	6004767	11
chr19	52311747	52321747	8
chr16	68554297	68564297	8
chr19	57979032	57989032	8
chr8	98939372	98949372	11
chr12	133004614	133014614	8
chr19	36547698	36557698	8
chr12	133186614	133196614	8
chr19	9562124	9572124	8
chr15	81296059	81306059	3
chr19	37234698	37244698	8
chr1	150570524	150580524	3
chr15	76335259	76345259	11
chr19	57614232	57624232	8
chr1	197910870	197920870	11
chr19	52950747	52960747	8
chr19	57771832	57781832	8
chr12	133097614	133107614	8
chr10	41852008	41862008	8
chr2	174333472	174343472	12
chr10	41839408	41849408	8
chr20	49277863	49287863	3
chr11	31808652	31818652	11
chr19	58254234	58264234	8
chr19	7075989	7085989	8
chr2	170813690	170823690	11
chr19	57543232	57553232	8
chr7	6687569	6697569	8
chr15	25066453	25076453	8
chr12	133080414	133090414	8
chr19	57530432	57540432	8
chr17	79798001	79808001	12
chr19	52015747	52025747	8
chr17	36932500	36943301	11
chr10	3776208	3786208	3
chr19	52068147	52078147	8
chr19	51992947	52002947	8
chr6	159035568	159045568	3
chr2	170812890	170822890	11
chr19	51935347	51945347	8
chr2	43218461	43228461	3
chr19	52115547	52125547	8
chr19	12180785	12190785	8
chr2	172080072	172090072	11
chr5	180256800	180266800	8
chr8	98937572	98947572	11
chr2	89826990	89836990	8
chr19	10286324	10296324	11
chr10	8043437	8053437	11
chr19	52033147	52043147	8
chr12	92137224	92147224	3
chr2	172082872	172092872	11
chr5	132483108	132493108	3
chr7	26192580	26202580	3
chr7	26192380	26202380	3
chr19	53342947	53352947	8
chr4	49647983	51794034	8
chr7	27183581	27193581	11
chr12	12716866	12726866	3
chr9	96758518	96768518	8
chr6	36593423	36603423	3
chr2	63047265	63057265	11
chr19	44490349	44500948	8
chr19	19672191	19682191	8
chr3	138935758	138945758	11
chr17	61402839	61412839	12
chr7	129777160	129787160	11
chr7	101164719	101174719	11
chr19	12522986	12532986	8
chr19	19709591	19719591	8
chr7	27182981	27192981	11
chr10	123141684	123151684	11
chr21	33019692	33029692	11
chr19	52838947	52848947	8
chr13	78599865	78609865	11
chr19	58127233	58137233	8
chr19	9412524	9422524	8
chr4	49145183	49155183	8
chr11	73974155	73984155	3
chr12	12715466	12725466	3
chr4	112508244	112518244	10
chr6	108113196	108123196	11
chr19	9293724	9303724	8
chr2	174329472	174339472	12
chr4	450411	460411	8
chr15	44709802	44719802	3
chr5	55224572	55234572	11
chr15	67826462	67836462	11
chr19	57746632	57756632	8
chr19	53067347	53077347	8
