chr15	25048053	25098053	20
chr19	58227634	58277634	20
chr19	52272347	52322347	1
chr14	22483811	22545256	22
chr19	36532498	36582498	20
chr4	424811	474811	16
chr19	37413298	37463298	20
chr19	51963147	52013147	4
chr19	23340398	23390398	20
chr12	133080614	133130614	4
chr11	128470905	128520905	9
chr19	58164033	58214234	22
chr12	133000814	133050814	22
chr17	77424318	77474318	9
chr19	52084147	52134147	22
chr22	39908196	39958196	9
chr15	31321797	31371797	1
chr7	50303804	50365902	1
chr19	36857498	36907498	20
chr20	31674197	31724197	1
chr19	57529632	57579632	1
chr14	99221663	99271663	10
chr19	36705898	36755898	20
chr19	36618298	36668298	22
chr14	99195463	99245463	9
chr19	57960632	58010632	4
chr19	51855747	51905747	22
chr19	52539147	52589147	1
chr5	134097509	134147509	1
chr7	50312404	50374502	9
chr22	36328555	36378555	9
chr10	124695031	124745031	1
chr22	36338955	36388955	9
chr4	40194180	40244180	9
chr12	133035014	133085014	22
chr19	51853747	51903747	22
chr5	39170098	39220098	4
chr4	336011	386011	1
chr19	52363347	52413347	1
chr10	80455444	80505444	9
chr3	30608108	30658108	4
chr4	410811	460811	20
chr1	198637470	198687671	9
chr14	91365856	91415856	9
chr8	143927832	143977832	9
chr19	57955832	58005832	4
chr5	119299305	119349305	4
chr8	27339683	27389683	4
chr19	36789298	36839298	20
chr1	167468563	167518563	13
chr12	123060653	123110653	13
chr1	226650099	226700099	10
chr17	78733518	78783518	1
chr14	100058663	100108663	9
chr14	100058863	100108863	9
chr1	226689499	226739499	1
chr5	170258796	170308796	10
chr1	226691099	226741099	1
chr11	128690305	128740305	23
chr9	89435085	89485085	9
chr19	37605899	37655899	1
chr19	37394698	37444698	20
chr5	119309505	119359505	4
chr19	58096633	58146633	1
chr2	54557063	54607063	9
chr11	35137253	35187253	9
chr4	343211	393211	20
chr17	40306348	40356348	9
chr5	134075309	134125309	1
chr15	92877370	92927370	1
chr5	170260996	170310996	10
chr9	114348520	114398520	1
chr19	37531498	37581699	22
chr10	11143237	11193237	9
chr14	98162463	98212463	13
chr8	133034755	133084956	9
chr10	71726843	71776843	9
chr10	11163437	11213437	9
chr16	68244097	68294097	1
chr16	3364000	3414000	1
chr13	40970464	41020464	9
chr11	128684105	128734105	23
chr5	157177589	157227790	13
chr9	120888122	120938122	9
chr1	19437306	19487306	1
chr10	26436271	26486271	13
chr15	63478201	63528201	1
chr10	71723843	71773843	9
chr19	38646960	38696960	22
chr12	133143814	133193814	22
chr22	36305554	36355755	9
chr19	37123898	37173898	1
chr1	167437163	167487163	13
chr3	52230784	52280784	14
chr2	239220504	239270504	4
chr3	18399708	18449708	1
chr12	47787817	47837817	13
chr4	10074776	10124776	9
chr4	10074976	10124976	9
chr21	44885685	44935685	4
