chr15	25301800	25326800	8
chr19	58700800	58725800	8
chr10	42375800	42400800	8
chr19	58752600	58777600	8
chr4	49635000	49660000	8
chr19	58043000	58068000	8
chr2	89855000	89880000	8
chr19	44980000	45005000	8
chr19	58491400	58516400	8
chr4	49098200	49123200	8
chr21	10782800	10807800	8
chr2	133011400	133036400	11
chr16	33942400	33967400	8
chr12	133616400	133641400	8
chr19	58630000	58655000	8
chr19	52520000	52545000	8
chr11	31820000	31845000	11
chr2	172946800	172971800	11
chr12	133569200	133594200	8
chr19	52808400	52833400	8
chr16	46386000	46411000	8
chr19	52465200	52490200	8
chr16	86527800	86552800	11
chr10	39127800	39152800	8
chr5	179671600	179696600	8
chr19	1250400	1275400	3
chr7	6722000	6747000	8
chr17	77764600	77789600	11
chr12	133505200	133530200	8
chr10	39076800	39101800	8
chr16	68584400	68609400	8
chr12	133623600	133648600	8
chr21	10835800	10860800	8
chr9	126759400	126784400	12
chr19	37718400	37743400	8
chr20	29808000	29833000	8
chr4	439800	464800	8
chr10	8075200	8100200	11
chr2	176947400	176972400	11
chr10	38793800	38818800	8
chr10	42793000	42818000	8
chr12	133759800	133784800	8
chr16	68586400	68611400	8
chr10	102973600	102998600	11
chr12	54369400	54394400	10
chr12	133659000	133684000	8
chr3	75766600	75791600	8
chr13	100620000	100645000	11
chr19	37197000	37222000	8
chr10	102487400	102512400	12
chr19	58624200	58649200	8
chr19	1247000	1272000	3
chr19	37298600	37323600	8
chr1	91171400	91196400	11
chr19	58679600	58704600	8
chr2	45155600	45180600	11
chr2	119592600	119617600	11
chr4	174435600	174460600	11
chr10	101278400	101303400	11
chr2	223153600	223178600	11
chr17	35283200	35308200	12
chr11	44324400	44349400	10
chr2	219844400	219869400	11
chr7	6713600	6738600	8
chr3	75777800	75802800	8
chr19	1246400	1271400	3
chr4	4851800	4876800	11
chr19	58193000	58218000	8
chr19	52560200	52585200	8
chr7	155240200	155265200	11
chr5	87967000	87992000	11
chr19	37202200	37227200	8
chr19	52815200	52840200	8
chr4	13524800	13549800	11
chr8	146051400	146076400	1
chr16	3335600	3360600	8
chr10	119290200	119315200	11
chr4	49136000	49161000	8
chr19	58472000	58497000	8
chr19	9670600	9695600	8
chr6	108474800	108499800	11
chr19	58713400	58738400	8
chr15	53074800	53099800	12
chr10	124890200	124915200	11
chr12	133709800	133734800	8
chr19	37026000	37051000	8
chr17	77759000	77784000	11
chr17	46686800	46711800	11
chr4	342200	367200	8
chr9	37019000	37044000	11
chr3	128194800	128219800	11
chr15	25280800	25305800	8
chr14	61102000	61127000	10
chr6	99272000	99297000	10
chr19	58062600	58087600	8
chr19	52379200	52404200	8
chr19	58114000	58139000	8
chr15	68109000	68134000	11
chr14	36972000	36997000	12
chr10	102880800	102905800	11
