chr21	10810800	10860800	8
chr3	147093000	147143000	11
chr15	96864000	96914000	11
chr13	100597800	100647800	3
chr15	96863000	96913000	11
chr2	132996000	133046000	12
chr16	73057400	73107400	11
chrX	70316800	70366800	11
chr12	115100400	115150400	11
chr17	46617800	46667800	11
chr16	33929800	33979800	11
chr17	77762000	77812000	11
chr10	39103200	39153200	8
chr2	89831600	89881600	8
chrX	39921600	39971600	2
chrX	39998200	40048200	2
chr10	42355000	42405000	8
chr16	46404800	46454800	8
chr7	131193800	131243800	3
chrX	39997000	40047000	2
chrX	39922800	39972800	2
chr3	32855800	32905800	3
chr5	87952400	88002400	11
chr5	92905000	92955000	11
chr15	25291400	25341400	8
chr21	11106400	11156400	8
chr10	38769200	38819200	8
chr4	40200	90200	8
chr15	89910400	89960400	11
chr2	45150800	45200800	11
chr13	100593200	100643200	3
chr19	52359000	52409000	3
chr7	27130000	27180000	11
chr2	176945800	176995800	11
chr17	46670400	46720400	12
chr7	27180200	27230200	11
chr17	46580200	46630200	11
chr3	184274600	184324600	2
chr1	18953800	19003800	11
chr7	96612000	96662000	11
chr8	41139000	41189000	2
chr8	41141800	41191800	2
chr4	174411600	174461600	11
chr2	91773400	91823400	11
chr2	45139000	45189000	11
chr8	11533000	11583000	11
chr10	126801600	126851600	3
chr20	22528400	22578400	11
chr17	17584200	17634200	11
chr12	133682200	133732200	8
chr6	28732400	28782400	11
chr8	41143800	41193800	2
chr9	129366800	129416800	11
chr4	418400	468400	8
chrX	39985200	40035200	2
chr9	126758400	126808400	11
chr12	54405800	54455800	11
chr2	219717800	219767800	11
chr17	77743400	77793400	3
chr10	102467200	102517200	11
chr17	36714000	36764000	11
chr20	22533000	22583000	11
chr1	46910800	46960800	11
chr11	31809800	31859800	11
chr2	223142200	223192200	11
chr14	57265600	57315600	3
chr7	27237000	27287000	11
chr12	132927800	132977800	7
chr10	118885600	118935600	11
chr19	13122600	13172600	11
chr11	31807800	31857800	11
chr9	66813600	66863600	13
chr2	119570000	119620000	11
chr1	18934200	18984200	11
chr5	42997600	43047600	11
chr2	177008000	177058000	11
chr17	36710600	36760600	11
chrX	132504800	132554800	3
chrX	153108600	153158600	12
chr3	181410600	181460600	3
chr9	131141600	131191600	11
chr3	75690200	75740200	11
chr10	77150400	77200400	11
chr4	49104600	49154600	8
chr17	48029800	48079800	11
chrX	129070800	129120800	11
chrX	129070400	129120400	11
chr12	133004200	133054200	8
chrX	68460600	68510600	10
chr6	50773800	50823800	11
chr2	105455600	105505600	11
chr17	46792600	46842600	11
chr4	111522800	111572800	11
chrX	69631200	69681200	3
chr2	223129200	223179200	11
chrX	153656400	153706400	1
chr12	115081800	115131800	11
chr4	3455800	3505800	2
chr19	1741600	1791600	11
chr2	45134400	45184400	11
