chr1	958400	958600	4
chr14	49632600	49633000	4
chr14	53151200	53151400	4
chr14	57270000	57270200	4
chr14	58426200	58426400	4
chr14	70358400	70358600	4
chr14	70599400	70600000	4
chr14	74712000	74712200	4
chr14	77706800	77707000	4
chr14	81532800	81533000	4
chr14	92123000	92123200	4
chr14	23470200	23470400	4
chr13	114282800	114283000	4
chr13	52654000	52654200	4
chr13	52013000	52013200	4
chr13	49111200	49111400	4
chr13	46051400	46051600	4
chr13	44990400	44990600	4
chr13	44988400	44988600	4
chr13	36998000	36998200	4
chr13	30306200	30306400	4
chr12	133038400	133038600	4
chr12	132987400	132987600	4
chr12	6492400	6492600	4
chr12	51049400	51049600	4
chr12	66129600	66129800	4
chr14	45133200	45133400	4
chr12	69586400	69586600	4
chr14	44967400	44967600	4
chr14	44965400	44965600	4
chr16	351600	351800	4
chr16	1972800	1973000	4
chr16	2224400	2224600	4
chr16	23642400	23642600	4
chr16	22009400	22009600	4
chr16	89218200	89218400	4
chr16	30749000	30749200	4
chr16	53704800	53705000	4
chr16	56730800	56731000	4
chr16	69753600	69754000	4
chr16	70250200	70250400	4
chr16	72094800	72095000	4
chr16	137600	137800	4
chr15	82987000	82987200	4
chr15	74936800	74937000	4
chr15	74695000	74695200	4
chr15	59656400	59656600	4
chr15	48879000	48879200	4
chr15	44290400	44290600	4
chr15	42547600	42547800	4
chr15	34968400	34968600	4
chr14	103920400	103920600	4
chr14	103564000	103564200	4
chr14	39169000	39169200	4
chr14	44964600	44964800	4
chr14	44966600	44966800	4
chr16	15651200	15651400	4
chr12	82357200	82357400	4
chr12	107686600	107686800	4
chr10	13588000	13588200	4
chrX	154763800	154764000	4
chr10	125822200	125822400	4
chr10	67886400	67886600	4
chr10	68989800	68990000	4
chr10	97445000	97445200	4
chr10	112445800	112446000	4
chr10	112448000	112448200	4
chr10	125720400	125720800	4
chr10	12041400	12041600	4
chr9	120578800	120579000	4
chr9	15424000	15424200	4
chr9	19101800	19102000	4
chr9	32571800	32572000	4
chr9	35078600	35078800	4
chr9	71912400	71912800	4
chr9	92114200	92114600	4
chr9	113276400	113276600	4
chr9	101397400	101397600	4
chr9	7798600	7798800	4
chr8	119831800	119832000	4
chr8	94720800	94721000	4
chr8	85219400	85219600	4
chr8	73977000	73977400	4
chr8	65632800	65633200	4
chr10	18660600	18661000	4
chr12	95072200	95072400	4
chr10	35089000	35089200	4
chr11	71929600	71930000	4
chr12	109478200	109478400	4
chr12	110402200	110402400	4
chr12	110466800	110467000	4
chr12	111840200	111840600	4
chr12	116911600	116911800	4
chr12	120447000	120447400	4
chr12	121350800	121351200	4
chr12	124988000	124988200	4
chr12	132686200	132686600	4
chr12	132886600	132886800	4
chr12	4650000	4650200	4
chr11	113772400	113772600	4
