chr10	41839408	42105752	8
chr15	25046253	25096253	8
chr21	10688456	10738456	8
chr19	58229634	58279634	1
chr19	58164433	58214634	8
chr12	133036814	133086814	1
chr10	38811469	38861469	8
chr2	89787797	89844190	8
chr12	133096814	133146814	8
chr10	38485272	38581269	8
chr4	424611	474611	2
chr2	176074072	176124072	11
chr19	36513298	36563298	1
chr10	100708843	100758843	11
chr19	36710498	36760498	8
chr19	57529432	57579432	1
chr19	57957632	58007632	1
chr12	53925216	53975216	11
chr17	48709238	48759238	11
chr19	58152633	58202633	8
chr17	48598038	48648038	10
chr4	405211	455211	8
chr4	49102583	49152583	8
chr19	44447412	44501348	8
chr8	11675291	11725291	10
chr12	133181214	133231214	8
chr19	51992147	52042147	1
chr19	51855147	51905147	8
chr12	133147014	133197014	8
chr19	44445616	44499948	8
chr7	27163781	27213781	11
chr20	30398924	31246997	8
chr19	52287347	52337347	1
chr6	10380167	10430167	2
chr7	96982088	97032088	11
chr19	1236801	1286801	3
chr12	53975416	54025416	10
chr19	58096633	58146633	8
chr3	75704049	75754049	8
chr16	34130333	34180333	11
chr17	7213881	7263881	3
chr19	1238001	1288001	3
chr7	155435505	155485505	11
chr10	101113443	101163443	11
chr9	123993121	124043121	11
chr4	42199	95513	8
chr7	6657769	6707769	8
chr9	126606121	126656121	11
chr16	36043229	46422688	8
chr5	180243600	180293600	1
chr16	34135933	34185933	11
chr4	336211	386211	1
chr16	3279000	3329000	2
chr12	132907414	132957414	8
chr19	9523124	9573124	8
chr19	1733001	1783001	12
chr19	56535831	56586032	1
chr13	99949546	99999546	11
chr20	49241463	49291463	3
chr10	41809608	41859608	8
chr12	132993214	133043214	1
chr19	52080747	52130747	1
chr19	37533098	37583299	8
chr21	10371256	10421256	8
chr17	79795801	79845801	11
chr6	31619623	31669623	1
chr4	49113583	49163583	8
chr21	10715856	10765856	8
chr10	101205443	101255443	10
chr19	1243801	1293801	3
chr19	37123098	37173098	1
chr2	132238227	132288227	11
chr2	132237227	132287227	11
chr15	96320771	96370771	3
chr16	3369800	3419800	1
chr7	1218364	1268364	12
chr2	218852677	218902878	11
chr19	41261695	41311695	1
chr9	35700403	35750403	1
chr4	10068576	10118576	3
chr2	218956478	219006478	11
chr10	123117484	123167484	11
chr19	36849498	36899498	1
chr1	911620	961620	11
chr17	28679382	28729382	3
chr10	117126089	117176089	11
chr6	30442623	30492623	11
chr15	89358769	89408769	11
chr19	9519724	9569724	8
chr11	795400	845400	3
chr19	57936032	57986032	8
chr6	33271223	33321223	3
chr11	31793452	31843854	11
chr16	34061933	34111933	8
chr19	37384098	37434098	8
chr3	147365613	147415613	11
chr4	8852274	8902274	11
chr1	18611706	18661706	11
chr11	44295850	44345850	10
chr2	44916661	44966661	11
