chr4	126119	144218	4
chr19	51893747	51903747	4
chr19	37088898	37098898	20
chr19	44227047	44237047	20
chr19	52311347	52321347	20
chr19	52299147	52309147	20
chr19	52115547	52125547	20
chr19	52064547	52074547	20
chr19	52015747	52025747	20
chr19	51992947	52002947	20
chr19	51964147	51974147	20
chr19	44476983	44487790	20
chr19	43835048	43845048	20
chr19	52402147	52412147	20
chr5	178712799	178722799	20
chr19	37420298	37430298	20
chr19	37379098	37389098	20
chr19	37229898	37239898	20
chr19	36748098	36758098	20
chr19	36705498	36715498	20
chr19	36645098	36655098	20
chr19	36546698	36556698	20
chr19	36513898	36523898	20
chr19	52372947	52382947	20
chr19	52544347	52554347	20
chr19	23653598	23663598	20
chr19	58127633	58137633	20
chr5	180247200	180257200	20
chr5	180257400	180267400	20
chr4	339811	349811	20
chr6	27450221	27460221	20
chr19	58256634	58266634	20
chr7	6686769	6696769	20
chr19	58246434	58256434	20
chr19	58236234	58246234	20
chr19	58185233	58195233	20
chr19	57978832	57988832	20
chr19	52576147	52586147	20
chr19	57772032	57782032	20
chr19	57749032	57759032	20
chr19	57542232	57552232	20
chr8	144835215	144845215	20
chr19	56406831	56416831	20
chr19	53337747	53347747	20
chr9	96758918	96768918	20
chr19	52950347	52960347	20
chr19	52839347	52849347	20
chr19	36226898	36236898	20
chr5	178870399	178880399	20
chr12	133143814	133153814	20
chr19	19671791	19681791	20
chr12	132941414	132951414	20
chr19	8810324	8820324	20
chr12	133000814	133010814	20
chr19	9294124	9304124	20
chr19	9412524	9422524	20
chr12	133096814	133106814	20
chr12	133039214	133049214	20
chr19	9560524	9570524	20
chr15	25080853	25090853	20
chr19	12180585	12190585	20
chr15	25070653	25080653	20
chr16	68549897	68559897	20
chr11	3359170	3369170	20
chr12	31971266	31981266	20
chr16	31905679	31915679	20
chr12	133182814	133192814	20
chr15	25060453	25070453	20
chr19	21808798	21818798	20
chr15	25050253	25060253	20
chr12	133082214	133092214	20
chr19	20544194	20554194	20
chr19	52084547	52094547	4
chr19	57530432	57540432	20
chr19	23222398	23232398	20
chr1	247156098	247166098	20
chr19	7074989	7084989	20
chr19	36339098	36349098	20
chr19	37475298	37485298	20
chr4	450411	460411	20
chr19	58203833	58214034	20
chr19	37635299	37645299	20
chr19	44490349	44500948	1
chr4	463411	473411	4
chr19	51974347	51984347	20
chr1	158831210	158841210	4
chr12	132987414	132997414	4
chr19	57614432	57624432	20
chr19	51930747	51940747	20
chr19	37160498	37170498	20
chr19	53067347	53077347	20
chr19	52033147	52043147	20
chr7	138553655	138563655	20
chr19	21367598	21377598	20
chr19	52155747	52165747	20
chr19	9526524	9536524	20
chr19	52800147	52810147	20
chr16	3386600	3396600	20
chr19	11941785	11951785	20
chr19	37576898	37587099	20
