chr20	49277463	49287463	3
chr6	36593423	36603423	3
chr17	81508774	81518774	3
chr11	65496729	65506729	3
chr6	32968023	32978023	3
chr3	186782411	186792411	3
chr16	89556392	89566392	3
chr14	69766483	69776483	3
chr1	121736402	143280449	11
chr17	7571882	7581882	3
chr17	41687748	41697748	3
chr20	43456560	43466560	3
chr5	179615199	179625199	3
chr22	39519995	39529995	3
chr8	144785215	144795215	3
chr12	56157016	56167016	3
chr1	91377843	91387843	11
chr14	102078863	102088863	3
chr2	216497477	216507477	3
chr7	5523369	5533369	3
chr9	127442921	127452921	3
chr19	3978202	3988202	3
chr11	123055292	123065292	3
chr1	35183999	35193999	3
chr10	96793843	96803843	11
chr12	20541866	20551866	11
chr17	38844547	38854547	3
chr14	68786883	68796883	3
chrX	137428441	137438441	11
chr22	39310795	39320795	3
chr12	124910254	124920254	3
chr17	57998439	58008439	3
chr14	103332663	103342663	3
chrX	154396859	154407464	3
chr2	132267427	132277427	11
chr19	12937586	12947586	3
chr6	31538623	31548623	3
chr1	150570524	150580524	3
chr2	231705490	231715490	3
chr1	145989072	146000061	3
chr19	41859129	41870730	3
chr6	35465823	35475823	3
chr6	58443122	58453122	8
chr2	132256827	132266827	8
chr16	14478343	14488343	8
chr14	35397394	35407394	3
chr13	27450063	27460063	11
chr21	8986767	8996767	8
chr8	69687565	69697565	8
chr2	132245627	132255627	8
chr17	76730918	76740918	3
chr14	87769456	87779456	11
chr11	8681653	8691653	3
chr3	51986384	51996384	3
chr1	234603654	234613654	3
chr11	61963528	61973528	3
chr20	35733678	35743678	3
chr12	54277816	54287816	3
chr19	49488543	49498543	3
chr17	4938505	4948505	3
chr19	55382632	55392632	3
chr17	75776519	75786519	3
chr5	71847173	71857173	11
chr2	43218661	43228661	3
chr6	30612823	30622823	3
chr11	10800253	10810253	3
chr19	54200133	54210332	3
chr16	34147333	34157333	8
chr5	181240800	181250800	3
chr19	35567498	35577498	11
chr9	137234548	137244548	3
chr11	62849128	62859128	3
chr17	78351319	78361319	3
chr19	1438001	1448001	3
chr19	48961743	48971743	3
chr11	64769728	64779728	3
chr11	62879728	62889728	3
chr19	18274390	18284390	3
chr17	64499682	64509682	3
chr9	124852721	124862721	3
chr12	6531834	6541834	3
chr6	31829423	31839423	3
chr1	39567128	39577128	3
chr19	2266401	2276401	3
chr11	66637529	66647529	3
chr6	132812061	132822061	3
chr1	23691310	23701310	3
chr17	28719182	28729182	3
chr2	70080668	70090668	3
chr9	133346345	133356345	3
chr12	120494797	120504797	3
chr13	45332865	45342865	3
chr5	40826498	40836498	3
chr12	92137624	92147624	3
chr6	73514277	73524277	3
chr10	72268842	72278842	3
chr17	43219780	43305251	8
chr1	110337778	110347778	3
chr6	30716223	30726223	3
chr3	23911509	23921509	3
