chr10	41839408	41864408	14
chr21	10713256	10738256	12
chr15	25050053	25075053	12
chr2	89816190	89841190	14
chr19	1250401	1275401	8
chr19	1249201	1274201	8
chr19	58189833	58215034	12
chr4	49632983	51794034	14
chr21	10372856	10397856	12
chr19	58242434	58267434	12
chr2	132254227	132279227	14
chr4	49096183	49121183	12
chr16	34139733	34164733	14
chr10	41864608	42105952	14
chr11	65485129	65510129	8
chr22	36319955	36344955	8
chr10	38511072	38582069	12
chr11	31798252	31823453	14
chr1	90705843	90730843	14
chr17	79790201	79815201	2
chr7	155447505	155472505	14
chr10	100727643	100752643	15
chr10	38836669	41693608	12
chr2	132250027	132275027	14
chr2	176079272	176104272	14
chr19	58116433	58141433	12
chr10	42297552	42322552	12
chr2	172082072	172107072	14
chr20	30416924	31239997	12
chr10	123130684	123155684	14
chr17	79792601	79817601	2
chr19	44473183	44500748	4
chr3	75717449	75742449	12
chr10	101213843	101238843	14
chr11	44302250	44327250	14
chr10	8033237	8058237	15
chr12	133041814	133066814	12
chr9	123997121	124022121	14
chr19	57969832	57994832	12
chr11	118905891	118930891	8
chr2	118835024	118860024	14
chr4	10092776	10117776	3
chr7	156999106	157024106	15
chr15	67816662	67841662	14
chr8	11688691	11713691	14
chr10	101120843	101145843	14
chr14	36502595	36527595	14
chr2	44931061	44956061	14
chr12	53928216	53953216	16
chr3	134352158	134377158	8
chr4	13522976	13547976	14
chr17	48730838	48755838	15
chr15	52783003	52808003	14
chr16	86492794	86517794	14
chr21	36688300	36713300	14
chr2	218979678	219004678	14
chr5	88670582	88695783	14
chr17	48610238	48635238	14
chr4	4851073	4876073	14
chr19	1744801	1769801	15
chr15	25075253	25100253	12
chr2	176104472	176129472	14
chr2	222288681	222313681	14
chr9	37018803	37043803	14
chr9	63806666	63831666	14
chr6	99594524	99619524	14
chr7	1224164	1249164	15
chr7	97002888	97027888	14
chr1	18628506	18653506	15
chr13	78585865	78610865	14
chr19	38647160	38672160	3
chr10	99519243	99544243	14
chr6	108153596	108178596	14
chr17	36923916	36950700	15
chr14	36643995	36668995	14
chr7	6679169	6704169	7
chr2	104848742	104873742	14
chr4	49137583	49162583	12
chr7	27164181	27189181	14
chr9	126608721	126633721	14
chr4	173514849	173539849	14
chr13	99967546	99992546	15
chr5	77623975	77648975	14
chr13	112051486	112076486	14
chr12	133181214	133206214	4
chr4	110613644	110638644	14
chr15	89356569	89381569	15
chr12	133098014	133123014	12
chr8	143929032	143954032	3
chr5	173227397	173252397	14
chr12	53953416	53978416	14
chr10	117530889	117555889	14
chr15	96321171	96346171	8
chr9	93938518	93963518	14
chr8	143928432	143953432	3
chr11	65488729	65513729	8
chr22	36309955	36334955	8
chr12	53979016	54004016	15
chr6	100446124	100471124	14
chr2	70882670	70907670	14
