chr10	42373800	42398800	8
chr19	58700400	58725400	8
chr2	89855000	89880000	8
chr21	10782600	10807600	8
chr7	6722200	6747200	8
chr4	49635000	49660000	8
chr12	133613400	133638400	8
chr15	25300800	25325800	8
chr19	58753400	58778400	8
chr4	49098200	49123200	8
chr7	6713400	6738400	8
chr21	10807800	10832800	8
chr10	39127600	39152600	8
chr19	44977200	45002200	8
chr8	146051600	146076600	1
chr16	46388000	46413000	8
chr20	29808200	29833200	8
chr10	42793000	42818000	8
chr12	133623400	133648400	8
chr2	133010000	133035000	11
chr22	36718600	36743600	3
chr12	133757800	133782800	8
chr20	30286800	30311800	3
chr10	38793800	38818800	8
chr16	33942400	33967400	11
chr20	47880200	47905200	3
chr19	37028600	37053600	8
chr11	3375800	3400800	8
chr11	65183400	65208400	3
chr16	46425200	46450200	8
chr16	9184200	9209200	3
chr4	10094600	10119600	3
chr21	10833000	10858000	8
chr16	33936400	33961400	11
chr20	47878800	47903800	3
chr19	1248200	1273200	3
chr19	1250000	1275000	3
chr19	1249200	1274200	3
chr1	8916200	8941200	3
chr10	39076600	39101600	8
chr11	65250400	65275400	3
chr9	99516200	99541200	1
chr7	61779200	61804200	8
chr11	65188200	65213200	3
chr11	65249600	65274600	3
chr4	427200	452200	8
chr7	26227600	26252600	3
chr3	75769000	75794000	8
chr19	52519000	52544000	1
chr15	60666600	60691600	3
chr17	62492000	62517000	3
chr7	130578400	130603400	1
chr3	185631200	185656200	3
chr15	72500000	72525000	3
chr19	58046800	58071800	1
chr15	93424800	93449800	3
chr17	7122000	7147000	3
chr12	133677000	133702000	8
chr17	7135200	7160200	3
chr17	74710600	74735600	3
chr4	49135800	49160800	8
chr19	52564600	52589600	8
chr19	58489800	58514800	1
chr17	7463600	7488600	3
chr20	34306600	34331600	3
chr12	122231200	122256200	3
chr21	10697800	10722800	8
chr8	101710800	101735800	3
chr2	133002800	133027800	11
chr16	33864800	33889800	8
chr3	184030400	184055400	3
chr17	37024000	37049000	1
chr1	8919200	8944200	3
chr12	122230800	122255800	3
chr20	30292400	30317400	3
chr19	37197000	37222000	8
chr7	130581400	130606400	1
chr11	65175200	65200200	3
chr6	36561000	36586000	3
chr19	58680000	58705000	8
chr15	72506000	72531000	3
chr19	13043400	13068400	3
chr17	7465000	7490000	3
chr22	36707000	36732000	3
chr22	36760000	36785000	1
chr14	21713400	21738400	3
chr12	104322600	104347600	3
chr22	38878200	38903200	3
chr12	6623200	6648200	3
chr1	234733800	234758800	3
chr19	7069000	7094000	8
chr14	21713200	21738200	3
chr2	113398200	113423200	3
chr10	43880800	43905800	1
chr4	49132800	49157800	8
chr1	33791600	33816600	1
chr21	11106400	11131400	8
chr12	122988200	123013200	3
chr14	23525600	23550600	1
chr19	7069200	7094200	8
