chr15	25050053	25075053	20
chr19	58241834	58266834	20
chr19	58185433	58210634	20
chr11	118905891	118930891	9
chr19	38647160	38672160	9
chr12	133134014	133159014	20
chr12	133082014	133107014	20
chr15	25075253	25100253	20
chr8	30383284	30408284	9
chr12	133036614	133061614	20
chr4	429811	454811	20
chr19	52299147	52324147	20
chr7	131534041	131559041	9
chr22	36350555	36375555	9
chr19	51884747	51909747	18
chr19	44473983	44501548	4
chr10	125134031	125159031	9
chr16	75234102	75259102	9
chr19	57976832	58001832	4
chr7	6682569	6707569	4
chr16	75241702	75266702	9
chr16	75235102	75260102	9
chr19	51857947	51882947	20
chr19	9560324	9585324	20
chr8	127806554	127831554	9
chr19	38663760	38688760	9
chr19	36534898	36559898	20
chr8	143929832	143954832	9
chr10	125131231	125156231	9
chr8	30390284	30415284	9
chr3	32819508	32844508	9
chr22	36328155	36353155	9
chr19	1251201	1276201	9
chr17	38867147	38892147	9
chr8	144828215	144853215	20
chr5	139647015	139672015	9
chr20	62915048	62940048	9
chr19	1249601	1274601	9
chr18	48928430	48953430	9
chr20	49267463	49292463	9
chr20	62906248	62931248	9
chr12	121792094	121817094	9
chr19	36740298	36765298	20
chr11	65484729	65509729	9
chr17	77370918	77395918	9
chr8	143931032	143956032	9
chrX	40085147	40110147	9
chr12	132990614	133015614	20
chr12	133180814	133205814	4
chr8	127851154	127876154	9
chr20	47335056	47360056	9
chrX	40081547	40106547	9
chr20	17948756	17973957	9
chr19	23219398	23244398	20
chr20	47308456	47333456	9
chr19	20098591	20123591	20
chr11	65415929	65440929	9
chr9	131393613	131418613	9
chr13	99965346	99990346	9
chr19	8802124	8827124	20
chr13	99965546	99990546	9
chr10	104314842	104339842	9
chr10	43385552	43410552	9
chr19	36703498	36728498	20
chr20	17949556	17974757	9
chr17	77460118	77485118	9
chr3	32848308	32873308	9
chr11	3357570	3382570	1
chr9	111524720	111549720	9
chr1	8856141	8881141	11
chr3	32848108	32873108	9
chr1	204072272	204097272	2
chr5	1499685	1524685	9
chr6	15244569	15269569	9
chr1	27555889	27580889	9
chr12	124494854	124519854	9
chr17	77464718	77489718	9
chr15	70077661	70102661	22
chr5	181237400	181262599	9
chr19	38674160	38699160	9
chr8	71670565	71695565	22
chr1	42938929	42963929	3
chr5	180249800	180274800	20
chr19	52114347	52139347	20
chr17	77448318	77473318	9
chr20	47300456	47325456	9
chr1	246977698	247002698	20
chr8	43103457	43128457	20
chr9	131397413	131422413	9
chr1	156480208	156505208	9
chr11	65418129	65443129	9
chr8	38427882	38452882	9
chr16	85605194	85630194	9
chr19	38681360	38706360	9
chr15	70075861	70100861	22
chr17	48998238	49023238	9
chr1	16131905	16156905	9
chr20	35718478	35743478	1
chr17	21019687	21044687	9
chr17	21019487	21044487	9
