chr1	16591600	16635600	11
chr1	109887600	109932800	10
chr6	134149600	134193800	3
chr17	15237000	15285200	10
chr18	75189600	75233000	10
chr10	58491800	58535400	10
chr6	42028000	42069200	1
chr6	73500200	73541000	3
chr2	64967200	65010400	1
chr8	124706000	124749000	1
chr9	4277200	4322200	10
chr17	38681000	38723200	10
chr1	67407400	67449600	3
chr1	68209000	68253200	10
chr2	29093400	29137000	10
chr1	52906800	52949000	10
chr1	231398400	231443200	1
chr15	45500600	45543400	10
chr17	17702600	17747200	1
chr15	96304200	96364200	1
chr7	91243200	91288400	1
chr3	190492800	190536400	1
chr2	169458400	169500200	1
chr1	50947800	50991800	1
chr17	17661200	17707600	1
chr3	64662800	64709000	10
chr1	91863600	91907000	10
chr1	210308400	210349800	1
chr16	56587600	56631800	1
chr5	181169000	181211600	1
chr1	223691800	223734600	1
chr1	217068400	217111600	10
chr7	32921200	32964800	1
chrX	150341800	150386800	1
chr14	76740800	76784000	1
chr18	12233200	12274000	11
chr10	110186200	110233200	1
chr3	184543400	184590400	1
chr7	1214000	1255200	12
chr1	94225400	94268200	10
chr7	79431600	79475800	10
chr7	151226200	151271400	10
chr11	120190000	120236600	10
chr1	203284800	203331000	10
chr1	156824400	156866000	11
chr10	3758200	3801800	3
chr8	80467200	80509200	1
chr12	42568400	42610600	10
chr15	84961200	85003800	10
chr4	107801600	107847200	10
chr7	24734800	24778200	10
chr8	69669600	69710200	11
chr6	16217000	16259600	10
chr1	18632000	18674800	12
chr6	37676200	37719800	10
chr5	61312800	61355000	1
chr17	48016400	48058200	10
chr5	77831000	77875000	10
chr1	161704800	161747800	1
chr12	42216800	42258800	1
chrX	68807800	68852400	1
chr5	93600200	93643400	10
chr12	109879600	109921200	10
chr12	122874600	122916400	10
chr15	62371200	62412800	11
chr17	79784600	79826800	12
chr1	47704400	47745400	12
chr1	41897000	41938800	1
chr17	49948800	49990400	11
chr19	14051800	14095000	10
chr5	98749600	98791800	1
chr4	140734600	140779200	1
chr15	66821400	66863800	10
chr9	99800200	99846000	1
chr5	58434200	58479800	3
chr2	240546600	240589800	1
chr1	23346000	23392600	1
chr21	37053400	37094800	1
chr8	133274800	133317000	1
chr1	208223000	208265400	1
chr13	33328800	33371000	10
chr5	95710600	95754000	10
chr2	130335000	130376800	1
chr2	45629400	45672800	1
chr16	79577400	79619800	1
chr3	38006800	38051400	1
chr4	153132600	153174200	10
chr8	22672600	22716200	1
chr4	113739600	113781000	1
chr19	4810400	4851800	1
chr12	89687000	89728200	1
chr20	2487200	2529600	1
chr10	75274600	75315600	1
chr16	30785000	30826800	1
chr7	128389000	128430600	1
chr9	12754800	12797000	1
chr19	11746800	11788000	1
chr2	174660800	174703200	10
