chr19	7440200	7460800	12
chr12	132757200	132777600	10
chr12	2245800	2266000	14
chr7	158585000	158605400	14
chr15	77689400	77709800	14
chr17	43294200	43315000	14
chr17	43376200	43396600	15
chr19	57696000	57716800	12
chr9	137137200	137157400	8
chr14	67034400	67054800	14
chr9	137132000	137152600	15
chr3	198163200	198183400	14
chr17	47128600	47149000	12
chr19	8620600	8640800	12
chr2	91618200	91638800	15
chr5	141309600	141330200	12
chr1	44402000	44422600	8
chr17	21336000	21356400	15
chr17	43312600	43333800	15
chr17	47131600	47152000	12
chrX	115878200	115898800	1
chr19	57994200	58014600	8
chr17	77164800	77185000	12
chr17	79128000	79148400	15
chr19	58172200	58192600	12
chr6	31723800	31744600	16
chrX	112303200	112323600	12
chr17	47125400	47145600	15
chr1	202614600	202635000	14
chr4	189675600	189696000	12
chr1	203297200	203317800	8
chr1	44622800	44643000	8
chr9	116351800	116372000	14
chr5	141084600	141105000	12
chr5	141480600	141501200	15
chr14	100516600	100537000	12
chr20	49269800	49290000	8
chr12	53171800	53192400	8
chr22	18884400	18904600	14
chr6	170283600	170304000	15
chr19	57673800	57694000	12
chr6	35459600	35480000	8
chr19	41208200	41228600	14
chr19	53871200	53891600	15
chr13	57482400	57502600	12
chr18	13622600	13643000	12
chr5	173313400	173334000	14
chr11	8673800	8694200	8
chr3	147386000	147407000	15
chr15	20346400	20366600	4
chr3	184252400	184272600	14
chr12	124776600	124797000	7
chr4	189697200	189717800	13
chr3	49012800	49033000	8
chr2	120577800	120598000	15
chr4	189687600	189708200	15
chr3	51376200	51396400	8
chr12	38089400	38109800	12
chr14	68779400	68799600	3
chr18	47585200	47605400	15
chr19	57465800	57486200	4
chr19	54460600	54481000	15
chr13	99980200	100001200	15
chr19	49479000	49499400	8
chr4	8489600	8509800	12
chr19	51892000	51912800	12
chr6	33422800	33443200	8
chr1	16143400	16164200	15
chr20	44801000	44821200	12
chr3	157532600	157552800	13
chr1	244044200	244065200	8
chr11	61578400	61598800	15
chr9	137133200	137153600	16
chr12	49081200	49101600	14
chr17	79767200	79787400	15
chr14	31872000	31892400	12
chr19	46004600	46024800	4
chr7	149993200	150013600	7
chrX	62927400	62947600	12
chr20	63837000	63857400	15
chr22	39511200	39531400	8
chr18	12299600	12319800	15
chr22	39512400	39532800	8
chr5	135478200	135498400	15
chr19	52444000	52464400	4
chr6	30480800	30501600	7
chr11	69633800	69654200	14
chr7	155291200	155311600	7
chr17	76127800	76148200	14
chr20	37905800	37926000	15
chr7	100089400	100109600	4
chr5	93597400	93618200	15
chr19	43454600	43474800	4
chr19	14079000	14099200	4
chr12	133069400	133089600	12
chr11	65496400	65517000	8
chr9	124012400	124032600	15
chr6	165997200	166017600	15
chr9	129587800	129608000	15
