chr22	36716000	36741000	8
chr1	207977400	208002400	8
chr1	201452000	201477000	8
chr4	10094600	10119600	8
chr5	148786200	148811200	8
chr22	31478400	31503400	8
chr3	134069800	134094800	8
chr2	218698000	218723000	8
chr15	63338400	63363400	8
chr12	4380600	4405600	8
chr12	4380800	4405800	8
chr21	10782400	10807400	14
chr15	25294400	25319400	12
chr10	38774800	38799800	12
chr19	58700600	58725600	12
chr10	39122400	39147400	12
chr4	49635000	49660000	14
chr10	39076600	39101600	12
chr10	42790600	42815600	12
chr21	10830200	10855200	12
chr20	29803800	29828800	12
chr10	42373800	42398800	14
chr2	89849200	89874200	14
chr22	36699600	36724600	8
chr2	172948600	172973600	14
chr8	30402000	30427000	8
chr2	218679000	218704000	8
chr2	218762000	218787000	8
chr4	10087200	10112200	8
chr17	38245400	38270400	8
chr2	218778600	218803600	8
chr9	124070200	124095200	8
chr21	10698000	10723000	12
chr7	61778400	61803400	12
chr4	49098200	49123200	12
chr17	38246400	38271400	8
chr3	123394600	123419600	8
chr1	202530800	202555800	8
chr16	33877400	33902400	12
chr2	206573800	206598800	8
chr22	36735200	36760200	8
chr12	133673200	133698200	12
chr2	218766200	218791200	8
chr19	16177200	16202200	8
chr15	99650000	99675000	8
chr22	46465200	46490200	8
chr19	16177000	16202000	8
chr12	133615800	133640800	12
chr11	31818600	31843600	14
chr19	1251600	1276600	8
chr10	102972400	102997400	15
chr2	206570200	206595200	8
chr11	65253400	65278400	8
chr3	75773800	75798800	12
chr19	1249800	1274800	8
chr16	46431200	46456200	14
chr8	30393200	30418200	8
chr19	9440800	9465800	12
chr19	37024600	37049600	12
chr14	69354600	69379600	8
chr2	218723200	218748200	8
chr9	66833000	66858000	14
chr17	43360000	43385000	8
chr3	123356400	123381400	8
chr9	126758800	126783800	15
chr2	206608800	206633800	8
chr9	124042000	124067000	8
chr19	58759000	58784000	12
chr19	44976400	45001400	12
chr3	66442800	66467800	8
chr10	8074800	8099800	14
chr2	218754600	218779600	8
chr19	37109800	37134800	12
chr8	124513400	124538400	8
chr11	6616200	6641200	8
chr19	37597400	37622400	12
chr17	48264800	48289800	8
chr11	65186600	65211600	8
chr19	58627400	58652400	12
chr2	133011800	133036800	14
chr19	39180400	39205400	8
chr2	218728200	218753200	8
chr14	69346000	69371000	8
chr2	176944000	176969000	14
chr19	37298200	37323200	12
chr10	119290400	119315400	14
chr4	4852400	4877400	14
chr2	223152600	223177600	14
chr11	65183600	65208600	8
chr19	58480800	58505800	12
chr15	25319600	25344600	12
chr10	102484800	102509800	14
chr12	54388000	54413000	14
chr17	77763600	77788600	14
chr19	37364200	37389200	12
chr15	96864800	96889800	8
chr2	119590200	119615200	14
chr22	36746600	36771600	8
chr17	35282800	35307800	15
chr11	64621000	64646000	8
