chr19	58188033	58213234	8
chr2	172082072	172107072	11
chr10	41839608	41864608	8
chr15	25055053	25080053	8
chr19	58241834	58266834	8
chr19	44473383	44500948	8
chr12	133082014	133107014	8
chr12	133036814	133061814	8
chr19	57530432	57555432	8
chr19	51962147	51987147	8
chr19	51874947	51899947	8
chr11	31797652	31822853	10
chr19	52300147	52325147	8
chr4	49632983	51794034	8
chr19	36540498	36565498	8
chr2	89816190	89841190	8
chr10	8032837	8057837	11
chr19	36705698	36730698	8
chr7	27182581	27207581	11
chr19	52015947	52040947	8
chr12	132993814	133018814	8
chr12	53982216	54007216	11
chr9	114363320	114388320	3
chr4	443811	468811	8
chr11	31794052	31819253	10
chr10	101213843	101238843	11
chr4	49096183	49121183	8
chr10	101214443	101239443	11
chr17	79790201	79815201	11
chr2	174321072	174346072	11
chr4	13524576	13549576	11
chr10	123132084	123157084	11
chr12	133183614	133208614	8
chr19	52065147	52090147	8
chr4	336211	361211	8
chr16	68550497	68575497	8
chr12	133132814	133157814	8
chr11	67266329	67291329	1
chr7	27150181	27175181	11
chr19	37227298	37252298	8
chr15	52782803	52807803	11
chr1	90706043	90731043	11
chr1	197902070	197927070	11
chr6	98823924	98848924	11
chr19	58118633	58143633	8
chr10	41864808	42106152	8
chr17	36928100	36954100	11
chr5	88666182	88691383	11
chr19	57969232	57994232	8
chr12	31959266	31984266	1
chr21	10704656	10729656	8
chr16	68553297	68578297	8
chr2	176082472	176107472	11
chr5	180244800	180269800	8
chr17	48610038	48635038	11
chr7	6682569	6707569	8
chr2	172073872	172098872	11
chr13	99967546	99992546	12
chr9	123996921	124021921	11
chr5	170273396	170298396	3
chr1	197903270	197928270	11
chr19	9555524	9580524	8
chr19	36810698	36835698	8
chr13	78585465	78610465	11
chr19	37561898	37587099	8
chr6	5991967	6016967	11
chr7	6673969	6698969	8
chr2	176116272	176141272	11
chr19	57967032	57992032	8
chr17	48718438	48743438	11
chr10	11160837	11185837	3
chr19	51926547	51951547	1
chr4	173515049	173540049	11
chr6	30443023	30468023	11
chr19	56407031	56432031	8
chr19	37420498	37445498	8
chr19	20538594	20563594	8
chr19	36713098	36738098	8
chr5	93578494	93603494	11
chr22	37220560	37245560	3
chr6	108154196	108179196	11
chr15	67816862	67841862	11
chr12	133005214	133030214	8
chr19	36870898	36895898	8
chr12	133048814	133073814	8
chr19	49419343	49444343	11
chr19	58169033	58194033	8
chr10	38835269	38860269	8
chr19	51950747	51975747	8
chr10	38484872	38509872	8
chr19	44460578	44486790	8
chr19	9327524	9352524	8
chr19	36737898	36762898	8
chr10	38510672	38581669	8
chr10	11165237	11190237	3
chr2	218979678	219004678	11
chr19	1250201	1275201	3
chr17	58328239	58353239	3
chr19	52107347	52132347	8
chr4	110611844	110636844	11
