chr15	25046453	25096453	20
chr19	58229234	58279234	4
chr12	133079014	133129014	22
chr4	424611	474611	20
chr19	58164833	58215034	4
chr19	36513298	36563298	20
chr19	36710498	36760498	20
chr19	57963632	58013632	4
chr19	23335398	23385398	20
chr19	57529632	57579632	4
chr19	56536831	56587032	4
chr19	36618298	36668298	22
chr19	51959747	52009747	4
chr22	36323755	36373755	9
chr12	133032414	133082414	4
chr19	56525831	56576032	4
chr19	38647160	38697160	22
chr19	36858898	36908898	20
chr22	36319555	36369555	9
chr19	37412498	37462498	20
chr19	38648560	38698560	9
chr19	58157633	58207834	4
chr19	58095033	58145033	4
chr19	51855547	51905547	4
chr19	37123898	37173898	22
chr19	36794698	36844698	22
chr4	337411	387411	4
chr4	406011	456011	20
chr19	52086947	52136947	4
chr19	52364947	52414947	4
chr19	37531498	37581699	22
chr19	51851347	51901347	20
chr22	36306154	36356355	9
chr21	10688656	10738656	21
chr5	180243800	180293800	22
chr17	48563638	48613638	1
chr4	344011	394011	20
chr19	9336924	9386924	22
chr19	52287547	52337547	22
chr15	96320571	96370571	1
chr7	27143581	27193581	23
chr19	56402831	56452831	4
chr12	133143814	133193814	4
chr8	143911232	143961232	1
chr19	36728898	36778898	4
chr17	48552438	48602438	1
chr10	41837608	42103952	22
chr4	49906	103314	4
chr12	132907414	132957414	20
chr12	133180414	133230414	4
chr7	27135581	27185581	23
chr8	143914232	143964232	1
chr12	53980216	54030216	4
chr19	37384098	37434098	20
chr19	57949632	57999632	20
chr19	1236401	1286401	13
chr19	53202947	53252947	20
chr19	56374031	56424031	4
chr11	62527528	62577528	13
chr16	3364600	3414600	6
chr15	92880970	92930970	1
chr17	40306348	40356348	3
chr19	44447412	44501348	4
chr15	92880170	92930170	1
chr19	15245389	15295389	9
chr19	44446416	44500748	4
chr16	3277600	3327600	4
chr19	36844098	36894098	4
chr10	38485672	38581669	21
chr17	77424118	77474118	3
chr5	141382633	141432633	20
chr20	47311856	47361856	13
chr22	46042720	46092720	22
chr19	37117898	37167898	20
chr17	38867347	38917347	22
chr10	38811669	41693608	21
chr10	119029488	119079488	22
chr1	227630699	227680699	20
chr17	77407318	77457318	3
chr14	73711697	73761697	1
chr20	35694678	35744678	1
chr12	120216197	120266197	22
chr1	2227161	2277161	22
chr19	15256989	15306989	9
chr19	9375924	9425924	22
chr9	131393013	131443013	22
chr17	7213881	7263881	22
chr17	20994687	21044687	22
chr4	10068976	10118976	1
chr15	72196659	72246659	11
chr2	176087872	176137872	23
chr19	43834848	43884848	20
chr14	21220441	21270441	22
chr19	55634234	55684234	1
chr19	57746032	57796032	4
chr19	51901547	51951547	4
chr4	123918	184611	4
chr17	7214481	7264481	22
chr20	62898248	62948248	1
chr17	82225324	82275324	16
