chr14	22478811	22507215	18
chr2	84838276	84863276	4
chr2	84840476	84865476	11
chr6	90269681	90294681	18
chr3	18409708	18434708	16
chr4	89282249	89307249	18
chr1	151812924	151837924	22
chr6	127893255	127918255	21
chr3	18410908	18435908	16
chrX	136638241	136663241	1
chr10	6036237	6061237	11
chr5	131525707	131550707	18
chr2	213129076	213154076	22
chr8	125920756	125945756	20
chr15	60525601	60550601	14
chr3	60055274	60080274	22
chr3	60055474	60080474	22
chr5	131523107	131548107	18
chr15	60523801	60548801	14
chr2	203704877	203729877	1
chr5	131526707	131551707	18
chr15	60535001	60560001	18
chr1	100420244	100445244	4
chr12	12482266	12507266	18
chr1	169681659	169706659	18
chr15	60534001	60559001	14
chr1	169682059	169707059	18
chr1	100432644	100457644	18
chr8	125927756	125952756	20
chr2	95023455	95048455	4
chr6	106084125	106109125	4
chr3	171246011	171271011	4
chr19	16358989	16383989	11
chr2	84831276	84856276	9
chr2	156319688	156344688	11
chr2	84829676	84854676	9
chr21	31171083	31196284	18
chr12	12472866	12497866	18
chr2	143244031	143269031	18
chrX	136633641	136658641	1
chr10	114491641	114516641	9
chr3	112474953	112499953	4
chr5	160463793	160488793	18
chr15	38528199	38553199	4
chr20	51403063	51428063	18
chr12	12489466	12514466	14
chr14	61501082	61526082	9
chr8	125918356	125943356	18
chr6	106086925	106111925	4
chr2	203711677	203736677	4
chr2	203852477	203877477	18
chr6	127898055	127923055	21
chr1	167442163	167467163	8
chr10	114492641	114517641	9
chr4	89272249	89297249	18
chr5	131529707	131554707	18
chr2	203931277	203956277	18
chr12	47204017	47229017	14
chr2	95029255	95054255	18
chr1	167442763	167467763	8
chr1	167443963	167468963	8
chr3	108822553	108847553	15
chr17	67442884	67467884	13
chr14	64706082	64731082	14
chr11	60983528	61008528	14
chr12	47209017	47234017	14
chr14	98180263	98205263	17
chr14	75520257	75545257	11
chr14	91853056	91878056	3
chr20	32504797	32529797	4
chr14	98183263	98208263	17
chr17	48556838	48581838	4
chr18	69934564	69959564	11
chr5	157548592	157573592	4
chr1	89256917	89281917	1
chr17	67440084	67465084	18
chr5	160464593	160489593	18
chr20	59154945	59179945	2
chr11	60970328	60995328	15
chr11	118875291	118900291	16
chr17	48552038	48577038	4
chr4	142374447	142399447	14
chr11	6391370	6416370	3
chr18	69932164	69957164	11
chr15	38536199	38561199	4
chr4	48112183	48137183	13
chr20	32505997	32530997	4
chr3	105743156	105768156	4
chr5	111231702	111256702	13
chr5	111231502	111256502	13
chr4	48116183	48141183	11
chr3	112470353	112495353	4
chr16	53443288	53468288	4
chr10	114488241	114513241	9
chr6	41952462	41977462	11
chr2	143246031	143271031	18
chr2	156317088	156342088	11
chr9	120893122	120918122	13
chr13	99039546	99064546	16
chr6	41957662	41982662	11
