chr19	3977800	3987800	8
chr12	56550800	56560800	8
chr2	232570200	232580200	8
chr17	39844000	39854000	8
chr5	180665600	180675600	8
chr22	39915000	39925000	8
chr11	62647000	62657000	8
chr17	7473800	7483800	8
chr19	1248400	1258400	8
chr19	49992600	50002600	8
chr14	70233200	70243200	8
chr14	35866600	35876600	8
chr8	146011200	146021200	8
chr19	1266600	1276600	8
chr22	50352600	50362600	8
chr22	39706800	39716800	8
chr16	30074600	30084600	8
chr19	13048200	13058200	8
chr1	150543000	150553000	8
chr11	65264200	65274200	8
chr10	3818200	3828200	8
chr3	52020200	52030200	8
chr12	6641000	6651000	8
chr19	49370400	49380400	8
chr6	31501000	31511000	8
chr16	29815400	29825400	8
chr19	54704000	54714000	8
chr19	42363400	42373400	8
chr16	89622800	89632800	8
chr7	5563200	5573200	8
chr3	186500200	186510200	8
chr19	49118400	49128400	8
chr11	8703200	8713200	8
chr17	56075800	56085800	1
chr12	46758000	46768000	8
chrX	48431400	48441400	8
chr12	53772400	53782400	8
chr14	103799400	103809400	1
chr17	62495400	62505400	8
chr11	6624400	6634400	8
chr14	69253400	69263400	8
chr9	127615000	127625000	1
chr11	62615800	62625800	8
chr19	5686400	5696400	8
chr1	28828000	28838000	8
chr7	99690400	99700400	8
chr11	10821800	10831800	1
chr19	55894600	55904600	1
chr5	179042000	179052000	1
chr20	47893000	47903000	8
chr6	74224200	74234200	1
chr3	134075800	134085800	8
chr11	64883800	64893800	8
chr6	32935600	32945600	1
chr17	4842000	4852000	8
chr12	54671600	54681600	1
chr1	8930200	8940200	8
chr8	145007600	145017600	8
chr5	172191600	172201600	8
chr17	79820400	79830400	8
chr17	74725800	74735800	1
chr6	36561200	36571200	1
chr12	49517600	49527600	1
chr2	217361200	217371200	1
chr1	26791600	26801600	1
chr19	2266400	2276400	1
chr3	134085800	134095800	8
chr17	79475800	79485800	8
chr6	31696400	31706400	8
chr2	85764000	85774000	1
chr1	234739400	234749400	1
chr6	31797400	31807400	1
chr3	51421800	51431800	1
chr9	136214400	136224400	1
chr17	46124000	46134000	1
chr13	45004600	45014600	8
chr17	57286600	57296600	4
chr6	35435400	35445400	1
chr12	53573400	53583400	1
chr7	26234400	26244400	1
chr7	127222000	127232000	4
chr5	177630800	177640800	1
chr11	65620600	65630600	1
chr16	88635800	88645800	4
chr15	44084000	44094000	1
chr6	117995600	118005600	2
chr9	140075000	140085000	4
chr6	33281200	33291200	1
chr22	36723600	36733600	8
chr3	48505400	48515400	8
chr19	18385200	18395200	1
chr11	57084400	57094400	3
chr13	45908600	45918600	1
chr9	130206200	130216200	1
chr16	2089000	2099000	4
chr7	73095600	73105600	4
chr10	74028200	74038200	1
chr5	176559000	176569000	1
chr10	13621000	13631000	4
chr19	4338000	4348000	4
