chr14	22997000	23022000	8
chr5	133451400	133476400	2
chr11	128332200	128357200	8
chr14	99701200	99726200	8
chr14	99713800	99738800	8
chr11	128364400	128389400	4
chr11	128361000	128386000	4
chr5	169697600	169722600	8
chr14	22978600	23003600	2
chr14	22951200	22976200	2
chr1	198613200	198638200	1
chr9	117123000	117148000	8
chr7	50413200	50438200	8
chr14	99685800	99710800	8
chr8	134059000	134084000	8
chr2	145258200	145283200	8
chr2	145257800	145282800	8
chr4	109070000	109095000	15
chr6	24907600	24932600	2
chr4	109069000	109094000	15
chr1	198608400	198633400	8
chr1	206732600	206757600	8
chr10	73507000	73532000	8
chr8	134065400	134090400	8
chr22	37614200	37639200	8
chr2	145256600	145281600	8
chr1	198620200	198645200	1
chr5	156606000	156631000	8
chr11	60739000	60764000	4
chr11	67033800	67058800	2
chr14	99647400	99672400	1
chr11	128374200	128399200	8
chr14	23012400	23037400	8
chr7	50423200	50448200	8
chr16	46385800	46410800	2
chr21	43823600	43848600	8
chr4	40203400	40228400	10
chr10	8086600	8111600	2
chr1	25232800	25257800	2
chr10	8087200	8112200	2
chr5	39185800	39210800	8
chr2	197007200	197032200	10
chr5	35852400	35877400	8
chr2	158269800	158294800	9
chr7	27189600	27214600	14
chr14	100535600	100560600	1
chr11	64619600	64644600	4
chr3	18463800	18488800	2
chr22	40333400	40358400	8
chr4	10093600	10118600	8
chr4	40800	65800	14
chr12	47597400	47622400	2
chr6	24898600	24923600	1
chr1	226900400	226925400	8
chr7	27188200	27213200	14
chr5	156635800	156660800	8
chr2	197014000	197039000	10
chr2	69002000	69027000	8
chr2	158271600	158296600	8
chrX	78402600	78427600	8
chr1	207074200	207099200	2
chr3	30678600	30703600	8
chrX	78399200	78424200	8
chr3	30684000	30709000	8
chr17	37919200	37944200	1
chr2	197018000	197043000	10
chr2	197016800	197041800	10
chr1	167463200	167488200	3
chr19	1066200	1091200	2
chr14	100527800	100552800	8
chr12	9806200	9831200	4
chr22	40331000	40356000	8
chr11	64622200	64647200	4
chr4	40195000	40220000	8
chr22	36755800	36780800	8
chr10	11213600	11238600	8
chr4	40192400	40217400	8
chr10	11210600	11235600	8
chr8	126941000	126966000	10
chr8	126939800	126964800	10
chr1	169656400	169681400	2
chr11	35163600	35188600	2
chr14	91776000	91801000	8
chr22	36723600	36748600	8
chr10	11209600	11234600	8
chr20	39772000	39797000	8
chr11	35179800	35204800	8
chr5	133434800	133459800	8
chr11	117855800	117880800	8
chr1	160592800	160617800	4
chr1	117290600	117315600	8
chr15	81583800	81608800	8
chr1	160592000	160617000	4
chr20	35556000	35581000	2
chr11	117858000	117883000	8
chr12	47600800	47625800	8
chr2	30456800	30481800	1
chr10	124892000	124917000	14
chr14	91860600	91885600	2
chr7	50345800	50370800	8
