chr19	49489200	49489400	8	10.1771	1	(3,8)	7.43522	1	14.3599
chr7	5527600	5527800	8	12.2323	1	(8,8)	10.1071	1	14.3576
chr22	39523000	39523200	8	12.2323	1	(8,8)	10.1071	1	14.3576
chr12	6536200	6536400	8	12.2323	1	(8,8)	10.1071	1	14.3576
chr17	1714000	1714200	3	8.06617	1	(3,8)	9.07257	1	14.2922
chr17	43304600	43304800	14	7.55334	1	(8,14)	9.92244	1	14.2043
chr8	28402600	28402800	3	14.1619	1	(3,3)	14.1619	1	14.1619
chr10	100998800	100999000	3	14.1619	1	(3,3)	14.1619	1	14.1619
chr17	7237400	7237600	3	11.8942	1	(3,3)	9.76894	1	14.0195
chr19	1275000	1275200	8	10.0448	1	(1,8)	7.17065	1	13.849
chr1	28509800	28510000	8	9.87285	1	(8,8)	6.45948	1	13.6653
chr11	62707000	62707200	3	7.86701	1	(3,8)	5.82554	1	13.5988
chr3	134365200	134365400	8	11.8118	1	(8,8)	10.1071	1	13.5164
chr1	156749800	156750000	8	7.88613	1	(3,8)	5.82554	1	13.4257
chr17	7841200	7841400	3	9.49636	1	(3,3)	6.23408	1	13.4148
chr19	48873400	48873600	8	9.71641	1	(8,8)	6.45948	1	13.3553
chr1	32334400	32334600	8	9.71641	1	(8,8)	6.45948	1	13.3553
chr8	37697800	37698000	14	8.74286	1	(8,14)	8.14344	1	13.3023
chr19	12939800	12940000	8	9.68855	1	(8,8)	6.45948	1	13.2205
chr17	7234600	7234800	8	5.95451	1	(3,8)	6.62655	1	13.2051
chr17	28746200	28746400	8	9.5885	1	(8,8)	6.45948	1	13.1487
chr3	48695200	48695400	8	9.58034	1	(8,8)	6.45948	1	13.1362
chr19	58555600	58555800	8	9.58034	1	(8,8)	6.45948	1	13.1362
chr11	62710000	62710200	8	9.58034	1	(8,8)	6.45948	1	13.1362
chr9	70418400	70418600	3	11.4485	1	(3,3)	9.76894	1	13.1281
chr2	64453400	64453600	3	11.4485	1	(3,3)	9.76894	1	13.1281
chr1	27367000	27367200	3	11.4485	1	(3,3)	9.76894	1	13.1281
chr3	50260400	50260600	3	11.4432	1	(3,3)	9.76894	1	13.1175
chr17	77450400	77450600	3	11.4432	1	(3,3)	9.76894	1	13.1175
chr17	7480000	7480200	3	11.4432	1	(3,3)	9.76894	1	13.1175
chr17	17840400	17840600	3	11.4432	1	(3,3)	9.76894	1	13.1175
chr17	43389000	43389200	3	7.45624	1	(3,14)	5.13041	1	13.0991
chr19	39402200	39402400	3	11.4319	1	(3,3)	9.76894	1	13.0948
chr19	18438200	18438400	3	11.4319	1	(3,3)	9.76894	1	13.0948
chr17	65562000	65562200	3	11.4319	1	(3,3)	9.76894	1	13.0948
chr1	36386600	36386800	3	11.4319	1	(3,3)	9.76894	1	13.0948
chr11	65488000	65488200	3	11.4319	1	(3,3)	9.76894	1	13.0948
chr11	62770600	62770800	3	11.4319	1	(3,3)	9.76894	1	13.0948
chr1	148791800	148792000	3	11.4319	1	(3,3)	9.76894	1	13.0948
chr1	143728600	143728800	3	11.4319	1	(3,3)	9.76894	1	13.0948
chr17	43323000	43323200	8	5.73216	1	(8,14)	4.6755	1	13.0763
chr7	100099600	100099800	8	7.68873	1	(4,8)	5.32492	1	13.0606
chr2	231712200	231712400	8	9.42405	1	(8,8)	6.45948	1	12.9911
chr19	2271600	2271800	8	9.42405	1	(8,8)	6.45948	1	12.9911
chr1	6200000	6200200	3	11.3784	1	(3,3)	9.76894	1	12.9879
chr12	56333400	56333600	3	11.3784	1	(3,3)	9.76894	1	12.9879
chr12	56300600	56300800	3	11.3784	1	(3,3)	9.76894	1	12.9879
chr11	64240400	64240600	3	11.3784	1	(3,3)	9.76894	1	12.9879
chr20	32456600	32456800	3	7.50312	1	(3,8)	5.82554	1	12.9431
chr1	205313200	205313400	3	7.49555	1	(3,8)	5.82554	1	12.9345
chr1	157995400	157995600	3	9.27697	1	(3,3)	6.23408	1	12.9223
chr2	218405800	218406000	3	9.33774	1	(3,3)	6.23408	1	12.8833
chr17	57988800	57989000	3	9.32828	1	(3,3)	6.23408	1	12.8676
chr16	3022800	3023000	3	9.32828	1	(3,3)	6.23408	1	12.8676
chr8	144791400	144791600	8	7.63582	1	(4,8)	5.32492	1	12.8453
chr19	3984000	3984200	8	7.63582	1	(4,8)	5.32492	1	12.8453
chr16	89561600	89561800	8	7.63582	1	(4,8)	5.32492	1	12.8453
chr16	2153000	2153200	8	7.63582	1	(4,8)	5.32492	1	12.8453
chr11	67584800	67585000	8	7.63582	1	(4,8)	5.32492	1	12.8453
chr19	41861000	41861200	8	7.70806	1	(1,8)	5.61388	1	12.8291
chr16	720200	720400	3	9.31539	1	(3,3)	6.23408	1	12.8198
chr12	56160800	56161000	8	9.4239	1	(8,8)	6.45948	1	12.7929
chr9	129496400	129496600	3	11.2755	1	(3,3)	9.76894	1	12.782
chr7	76359600	76359800	3	11.2755	1	(3,3)	9.76894	1	12.782
chr7	151252400	151252600	3	11.2755	1	(3,3)	9.76894	1	12.782
chr3	134375000	134375200	3	11.2755	1	(3,3)	9.76894	1	12.782
chr19	58559800	58560000	3	11.2755	1	(3,3)	9.76894	1	12.782
chr19	47231400	47231600	3	11.2755	1	(3,3)	9.76894	1	12.782
chr19	45717800	45718000	3	11.2755	1	(3,3)	9.76894	1	12.782
chr19	43618800	43619000	3	11.2755	1	(3,3)	9.76894	1	12.782
chr19	18282200	18282400	3	11.2755	1	(3,3)	9.76894	1	12.782
chr19	1266000	1266200	3	11.2755	1	(3,3)	9.76894	1	12.782
chr17	73309800	73310000	3	11.2755	1	(3,3)	9.76894	1	12.782
chr17	28725200	28725400	3	11.2755	1	(3,3)	9.76894	1	12.782
chr1	6394000	6394200	3	11.2755	1	(3,3)	9.76894	1	12.782
chr1	181104400	181104600	3	11.2755	1	(3,3)	9.76894	1	12.782
chr11	63917600	63917800	3	11.2755	1	(3,3)	9.76894	1	12.782
chr1	155004200	155004400	3	11.2755	1	(3,3)	9.76894	1	12.782
chr1	33341800	33342000	8	5.68835	1	(3,8)	4.25057	1	12.7732
chr19	19464800	19465000	8	9.45978	1	(8,8)	6.45948	1	12.7351
chr19	47257800	47258000	3	9.19795	1	(3,3)	6.23408	1	12.7207
chr16	30356000	30356200	3	9.19795	1	(3,3)	6.23408	1	12.7207
chr11	47185000	47185200	3	9.24311	1	(3,3)	6.23408	1	12.6969
chr19	2237600	2237800	4	8.7819	1	(4,8)	6.80945	1	12.6744
chr19	1409200	1409400	4	8.7819	1	(4,8)	6.80945	1	12.6744
chr1	1398200	1398400	4	8.7819	1	(4,8)	6.80945	1	12.6744
chr17	47158200	47158400	14	8.46737	1	(14,14)	4.67114	1	12.6694
chr20	49282600	49282800	8	5.57643	1	(8,12)	4.42652	1	12.662
chr11	6611200	6611400	8	7.61353	1	(4,8)	5.32492	1	12.6425
chr3	51994600	51994800	8	5.7126	1	(4,8)	6.06336	1	12.6372
chr19	18278600	18278800	8	5.7126	1	(4,8)	6.06336	1	12.6372
chr1	154962400	154962600	8	7.62044	1	(8,8)	3.66513	1	12.5973
chr17	78357400	78357600	8	5.3651	1	(7,8)	3.17346	1	12.5721
chr9	129488800	129489000	3	9.11105	1	(3,3)	6.23408	1	12.5705
chr2	28389800	28390000	3	9.11105	1	(3,3)	6.23408	1	12.5705
chr7	100584800	100585000	3	9.2088	1	(3,3)	6.23408	1	12.5631
chr3	49929800	49930000	3	9.2088	1	(3,3)	6.23408	1	12.5631
chr19	55606400	55606600	3	9.2088	1	(3,3)	6.23408	1	12.5631
chr19	42285000	42285200	3	9.2088	1	(3,3)	6.23408	1	12.5631
chr1	43454200	43454400	3	9.2088	1	(3,3)	6.23408	1	12.5631
