chr2	132267627	132277627	11
chr2	132264227	132274227	11
chr20	62550193	62560193	3
chr16	34147333	34157333	11
chr2	132261827	132271827	11
chr2	89831190	89841190	8
chr4	48604	59307	10
chr19	57614832	57624832	8
chr19	58182033	58192033	2
chr20	62553393	62563393	3
chr20	49277463	49287463	3
chr19	8804924	8814924	8
chr19	57976432	57986432	8
chr19	44473983	44484589	8
chr19	36546698	36556698	8
chr2	91623774	91633774	8
chr10	129956136	129966136	3
chr5	141413633	141423633	1
chr12	133044014	133054014	8
chr13	110302253	110312253	3
chr7	6687169	6697169	8
chr5	180254400	180264400	8
chr12	133186814	133196814	8
chr19	9525924	9535924	8
chr2	95144055	95154055	8
chr12	133080614	133090614	3
chr19	58253634	58263634	8
chr19	56569231	56579432	8
chr2	91611574	91621574	13
chr19	58192233	58202233	8
chr10	129957336	129967336	3
chr14	23424391	23434391	3
chr9	96756918	96766918	8
chr19	58203233	58213434	8
chr5	178711999	178721999	8
chr19	9560724	9570724	8
chr16	68554697	68564697	8
chr6	17282369	17292369	3
chr19	51964747	51974747	8
chr19	19707791	19717791	8
chr19	36814898	36824898	8
chr17	61396239	61406239	10
chr19	36710698	36720698	8
chr4	49647983	51794034	8
chr12	133118214	133128214	8
chr12	133005814	133015814	8
chr11	65496529	65506529	3
chr19	9376924	9386924	8
chr12	133097414	133107414	8
chr20	62555393	62565393	3
chr19	43838648	43848648	8
chr15	25072053	25082053	8
chr10	86667643	86677643	3
chr10	41843008	41853008	8
chr13	110301053	110311053	3
chr19	37234698	37244698	8
chr19	15191589	15201589	3
chr8	26040684	26050684	10
chr10	41854408	41864408	8
chr2	95210652	95220652	8
chr19	36889898	36899898	8
chr12	132940214	132950214	8
chr5	179073799	179083799	8
chr11	1919770	1929770	3
chr19	58429833	58439833	2
chr19	58124833	58134833	8
chr19	52032547	52042547	8
chr15	25049053	25059053	8
chr4	45604	56106	10
chr19	52314147	52324147	8
chr10	129960536	129970536	3
chr9	136661748	136671748	3
chr8	144836215	144846215	8
chr12	132925214	132935214	8
chr19	12522186	12532186	8
chr17	29613382	29623382	3
chr11	47175649	47185649	3
chr19	7076189	7086189	8
chr17	5084705	5094705	8
chr19	14712588	14722588	8
chr20	49279863	49289863	3
chr19	51990947	52000947	8
chr19	11941985	11951985	8
chr4	54225033	54235033	10
chr1	228207499	228217499	12
chr3	128482757	128492757	11
chr16	3308200	3318200	8
chr19	56406831	56416831	8
chr16	34143733	34153733	8
chr11	114057478	114067478	3
chr19	37577498	37587699	8
chr19	45314742	45324742	3
chr9	136662948	136672948	3
chr17	61399439	61409439	10
chr3	75734849	75744849	8
chr11	65422929	65432929	3
chr12	133150614	133160614	8
chr19	44490349	44500948	3
chr6	32967423	32977423	3
chr19	43962048	43972048	8
