chr22	36327355	36337355	8
chr10	41854608	41864608	12
chr11	65496729	65506729	8
chr2	132267427	132277427	14
chr2	89826190	89836190	12
chr10	41874808	41884808	14
chr19	1248601	1258601	8
chr10	3776008	3786008	8
chr18	15410201	20940439	14
chr10	41839408	41849408	14
chr20	49277463	49287463	8
chr16	34147133	34157133	14
chr19	1250401	1260401	8
chr21	10728456	10738456	12
chr19	1266601	1276601	8
chr21	10712656	10722656	12
chr21	10383656	10393656	12
chr15	25054253	25064253	12
chr19	58253634	58263634	12
chr3	134362758	134372758	8
chr11	31808452	31818452	14
chr19	54200133	54210332	8
chr17	36931900	36942503	15
chr5	55224572	55234572	14
chr4	49146383	49156383	12
chr15	25064453	25074453	12
chr19	40797895	40807895	8
chr5	55224372	55234372	14
chr4	49647983	51794034	14
chr19	58190833	58200833	12
chr2	231705490	231715490	8
chr20	47351656	47361656	9
chr6	32968023	32978023	8
chr19	57613832	57623832	4
chr19	58125033	58135033	12
chr14	68786683	68796683	8
chr9	63816666	63826666	14
chr2	72915071	72925071	14
chr2	43218061	43228061	3
chr19	57979232	57989232	12
chr19	27240892	27250892	14
chr1	150570524	150580524	8
chr9	93950718	93960718	14
chr9	93950918	93960918	14
chr17	48047038	48057038	8
chr2	170814090	170824090	14
chr15	67820062	67830062	14
chr1	197910270	197920270	14
chr12	133044414	133054414	12
chr4	49111183	49121183	12
chr15	67826262	67836262	14
chr18	57432968	57442968	14
chr11	31804452	31814452	14
chr8	144836415	144846415	12
chr3	138937158	138947158	14
chr19	58203833	58214034	12
chr17	81508774	81518774	8
chr2	63047265	63057265	14
chr17	4938705	4948705	8
chr1	180228065	180238065	14
chr12	6532034	6542034	8
chr10	38525672	38581669	12
chr17	79796201	79806201	4
chr8	26041884	26051884	14
chr8	98939572	98949572	14
chr22	39519795	39529795	8
chr12	121797094	121807094	8
chr22	39519195	39529195	8
chr17	4938305	4948305	8
chr1	234603654	234613654	8
chr11	118911291	118921291	3
chr13	78599865	78609865	14
chr11	118916291	118926291	3
chr17	79797201	79807201	2
chr21	10393856	10403856	12
chr9	37028003	37038003	14
chr17	7233681	7243681	8
chr6	5999167	6009167	14
chr1	90716843	90726843	14
chr1	50418128	50428128	14
chr3	75735049	75745049	12
chr21	10668456	10678456	12
chr11	65500929	65510929	8
chr21	10651656	10661656	12
chr17	7571882	7581882	8
chr12	6531234	6541234	8
chr17	7571482	7581482	8
chr2	172093472	172103472	14
chr4	10107776	10117776	3
chr15	25074653	25084653	12
chr19	57569032	57579032	4
chr10	123132684	123142684	14
chr17	36934500	36945500	15
chr18	22164239	22174239	14
chr19	10286924	10296924	14
chr6	108160996	108170996	14
chr7	27242581	27252581	14
chr2	174332872	174342872	14
chr17	61403039	61413039	14
chr7	155372305	155382305	14
