chr20	49278663	49288663	8
chr22	36327555	36337555	8
chr12	46363817	46373817	8
chr2	132267427	132277427	14
chr10	3776208	3786208	2
chr20	31710797	31720797	8
chr16	34147133	34157133	14
chr12	46360417	46370417	8
chr17	64497282	64507282	8
chr1	8869941	8879941	8
chr6	36594223	36604223	8
chr6	36594823	36604823	8
chr21	10700056	10710056	12
chr10	41854608	41864608	12
chr4	47604	58307	12
chr3	75735049	75745049	12
chr1	150570524	150580524	8
chr3	4976915	4986915	8
chr1	8865741	8875741	8
chr21	10710856	10720856	12
chr21	10722056	10732056	12
chr11	65496329	65506329	8
chr1	150569724	150579724	8
chr17	7571282	7581282	8
chr10	41875008	41885008	12
chr7	6687569	6697569	12
chr8	144836015	144846015	12
chr7	130894441	130904441	8
chr9	63816666	63826666	14
chr21	10672256	10682256	12
chr1	234603654	234613654	1
chr2	89829590	89839590	12
chr19	44474383	44484989	12
chr21	10651856	10661856	12
chr19	36546698	36556698	12
chr17	7232281	7242281	7
chr10	38523272	38579269	12
chr2	89809790	89819790	12
chr12	54277216	54287216	8
chr4	49640383	49650383	12
chr5	179615199	179625199	8
chr4	49146383	49156383	12
chr6	32968423	32978423	8
chr19	58190633	58200633	12
chr19	54200133	54210332	8
chr7	57487094	57497094	12
chr20	31235397	31245397	12
chr10	38487472	38497472	12
chr12	124910654	124920654	8
chr15	60372201	60382201	8
chr21	10389456	10399456	12
chr19	57613832	57623832	4
chr12	124910854	124920854	8
chr1	156118809	156128809	8
chr22	39310595	39320595	8
chr6	73514477	73524477	8
chr18	15410201	20940439	14
chr19	58253634	58263634	12
chr12	6531634	6541634	8
chr12	6332634	6342634	8
chr13	45332665	45342665	8
chr9	96755918	96765918	12
chr7	101164119	101174119	14
chr7	101164319	101174319	14
chr12	133044614	133054614	12
chr19	58203833	58214034	12
chr15	25066253	25076253	12
chr10	42312552	42322552	12
chr19	7075789	7085789	12
chr6	30716423	30726423	8
chr1	44800128	44810128	8
chr17	4938705	4948705	8
chr4	49111183	49121183	12
chr20	30416924	31224997	12
chr1	150566524	150576524	8
chr17	64500282	64510282	8
chr21	10793056	10803056	12
chr4	10107776	10117776	8
chr1	35183999	35193999	8
chr16	9091343	9101343	2
chr10	38844069	38854069	12
chr14	21256041	21266041	8
chr15	60389001	60399001	8
chr7	26194780	26204780	8
chr17	7306281	7316281	8
chr9	125233921	125243921	8
chr7	62335149	62345149	12
chr10	38783469	38793469	12
chr15	72222259	72232259	8
chr3	185927412	185937412	8
chr19	12938386	12948386	8
chr10	125887631	125897631	1
chr10	38825869	38835869	12
chr3	134361958	134371958	8
chr11	65418129	65428129	8
chr11	62879728	62889728	8
chr19	27240892	27250892	14
chr3	185927812	185937812	8
chr3	157151611	157161611	8
chr15	72222459	72232459	8
