chr5	123135000	123145000	6
chr2	165879200	165889200	6
chr5	123132200	123142200	6
chr11	69408200	69418200	6
chr19	46036600	46046600	6
chr4	133748000	133758000	6
chr8	11000000	11010000	4
chr11	69407200	69417200	6
chr9	107626200	107636200	6
chr10	80147400	80157400	6
chr11	98740000	98750000	6
chr10	80147200	80157200	6
chr8	126586800	126596800	6
chr11	75164200	75174200	3
chr11	24074000	24084000	1
chr11	120231400	120241400	6
chr17	34023800	34033800	4
chr19	5796000	5806000	6
chr5	142814200	142824200	6
chr17	25828200	25838200	1
chr12	86888000	86898000	6
chr19	46499400	46509400	1
chr3	88529200	88539200	6
chr19	44292200	44302200	6
chr11	120233800	120243800	6
chr7	25275400	25285400	6
chr2	174291000	174301000	1
chr8	120531200	120541200	6
chr7	127018600	127028600	1
chr2	30716200	30726200	6
chr15	96281000	96291000	1
chr9	61369200	61379200	1
chr13	63558600	63568600	1
chr18	75366200	75376200	6
chr17	34114400	34124400	4
chr5	23428200	23438200	1
chr1	82282600	82292600	1
chr17	34585800	34595800	6
chr9	61371000	61381000	1
chr2	73270600	73280600	3
chr17	34025000	34035000	4
chr11	97695000	97705000	2
chr3	88530400	88540400	1
chr11	120343800	120353800	4
chr6	49210200	49220200	1
chr16	23980400	23990400	1
chr4	82502600	82512600	2
chr5	123141000	123151000	1
chr11	69117000	69127000	2
chr2	84734600	84744600	6
chr18	54983600	54993600	1
chr1	82283400	82293400	1
chr7	28369800	28379800	4
chr8	126583000	126593000	6
chr6	88189400	88199400	3
chr13	63556800	63566800	1
chr7	127014800	127024800	1
chr11	70646800	70656800	6
chr9	106883400	106893400	4
chr13	23429200	23439200	1
chr2	18039600	18049600	1
chr11	98935600	98945600	6
chr9	44482400	44492400	6
chr2	18039200	18049200	1
chrX	12081000	12091000	3
chr2	116060200	116070200	1
chr4	106907400	106917400	6
chrX	12127800	12137800	3
chr18	75367400	75377400	12
chr14	25456600	25466600	6
chr11	98959200	98969200	6
chr7	27328200	27338200	3
chr4	48042200	48052200	3
chr14	21981800	21991800	6
chr11	19011800	19021800	1
chr2	119321800	119331800	3
chr16	18581400	18591400	3
chr14	70074000	70084000	3
chr8	108704600	108714600	6
chr2	45107600	45117600	1
chrX	12150800	12160800	3
chr4	126253400	126263400	4
chr13	23744000	23754000	9
chr7	70352800	70362800	1
chr4	133745800	133755800	6
chr7	19300800	19310800	2
chr9	106883800	106893800	4
chr5	28457200	28467200	3
chr5	57714000	57724000	3
chr2	25573000	25583000	3
chr7	28807800	28817800	9
chr11	96821200	96831200	6
chr4	126251600	126261600	1
chr6	51464800	51474800	1
chr4	134244400	134254400	2
chr2	165882000	165892000	6
chr18	82908800	82918800	1
chr13	23528800	23538800	6
chr6	134919800	134929800	1
chr4	126251800	126261800	1
