chr3	134081200	134091200	3
chr2	133025000	133035000	14
chr1	207982400	207992400	8
chr11	113929200	113939200	8
chr18	18510400	18520400	14
chr11	113928200	113938200	3
chr1	207989400	207999400	8
chr1	32043000	32053000	8
chr2	91769200	91779200	14
chr19	39191000	39201000	8
chr16	33955600	33965600	14
chr2	218705000	218715000	8
chr22	36721600	36731600	8
chr13	110429200	110439200	8
chr13	110430400	110440400	8
chr19	58764600	58774600	12
chr3	75784000	75794000	12
chr19	58710200	58720200	12
chr15	25295200	25305200	12
chr15	25305400	25315400	12
chr19	58633800	58643800	12
chr22	36727400	36737400	8
chr16	33956200	33966200	14
chr16	33949800	33959800	14
chr2	218692000	218702000	8
chr1	32040600	32050600	8
chr2	30453400	30463400	8
chr22	46468000	46478000	8
chr19	1266200	1276200	8
chr19	1266000	1276000	8
chr10	3818200	3828200	8
chr17	8049600	8059600	3
chr10	3818000	3828000	8
chr2	218774600	218784600	8
chr2	218680800	218690800	8
chr2	8816200	8826200	4
chr2	218756200	218766200	8
chr22	46468400	46478400	8
chr4	10094600	10104600	8
chr4	10094800	10104800	8
chr15	25315600	25325600	12
chr2	218716800	218726800	8
chr7	5458400	5468400	3
chr12	133621000	133631000	12
chr2	218797400	218807400	3
chr17	8049000	8059000	3
chr2	218750400	218760400	8
chr18	19745000	19755000	1
chr12	53439600	53449600	8
chr1	156084200	156094200	8
chr1	156441200	156451200	8
chrX	153593400	153603400	8
chr3	75772400	75782400	12
chr2	218762000	218772000	8
chr4	10092800	10102800	8
chr5	150021600	150031600	3
chr14	38063800	38073800	4
chr11	118787000	118797000	3
chr2	28612800	28622800	3
chr12	53440000	53450000	8
chr11	6623600	6633600	3
chr12	46758000	46768000	8
chr19	58485800	58495800	12
chr21	11118200	11128200	12
chr19	44979800	44989800	12
chr1	156085200	156095200	8
chr11	114026800	114036800	8
chr19	39204200	39214200	8
chr2	218792200	218802200	8
chr11	73018800	73028800	3
chr11	65187800	65197800	3
chr11	73019200	73029200	3
chr19	19817400	19827400	12
chr17	8047600	8057600	3
chr17	38247800	38257800	8
chr11	65265200	65275200	8
chr12	122235000	122245000	3
chr21	9825400	9835400	14
chr11	65336400	65346400	3
chr5	150020000	150030000	8
chr22	36714800	36724800	8
chr19	39896200	39906200	3
chr5	151044600	151054600	8
chr10	3816400	3826400	8
chr19	37379600	37389600	12
chr15	96872800	96882800	2
chr1	2158200	2168200	3
chr1	45265400	45275400	8
chr11	65265000	65275000	8
chr10	97155400	97165400	8
chr3	187453800	187463800	1
chr12	48206400	48216400	3
chr1	32039600	32049600	8
chr1	45266000	45276000	8
chr2	42274000	42284000	3
chr11	62305600	62315600	3
chr8	30399000	30409000	8
chr16	67993200	68003200	3
chr1	234739400	234749400	3
chr17	79365200	79375200	3
