chr15	25046653	25096653	8
chr10	41839408	42105752	8
chr19	58227434	58277434	8
chr19	58166833	58217034	1
chr21	10688256	10738256	8
chr21	10664656	10714656	8
chr19	57960432	58010432	8
chr12	133079214	133129214	2
chr10	38783469	38833469	8
chr2	89787797	89844190	8
chr10	38485272	38581269	8
chr2	176067072	176117072	11
chr7	27140381	27190381	10
chr19	57529432	57579432	8
chr19	51992947	52042947	8
chr19	36513498	36563498	8
chr3	75717449	75767449	8
chr4	421011	471011	8
chr19	52364747	52414747	8
chr17	48577038	48627038	2
chr19	36710098	36760098	8
chr3	75722849	75772849	8
chr21	10365456	10415456	8
chr16	34127733	34177733	8
chr19	36617498	36667498	2
chr12	53947816	53997816	11
chr5	178926799	178976799	1
chr4	40399	93713	8
chr5	178930599	178980599	1
chr16	34121733	34171733	8
chr4	49106583	49156583	8
chr5	141382633	141432633	8
chr19	36859098	36909098	8
chr2	132238227	132288227	11
chr19	37533898	37584099	8
chr12	132907014	132957014	8
chr19	58151633	58201633	8
chr4	415611	465611	8
chr5	180233400	180283400	8
chr20	30398724	31246797	8
chr19	9376124	9426124	1
chr20	30397724	31245797	8
chr19	57940632	57990632	8
chr19	37415298	37465298	8
chr19	56515831	56565831	2
chr19	36723498	36773498	8
chr19	58093433	58143433	8
chr19	37524098	37574098	8
chr12	132905014	132955014	8
chr19	37123098	37173098	8
chr19	51855147	51905147	1
chr12	133031014	133081014	8
chr19	44447015	44501148	8
chr4	49113783	49163783	8
chr10	100709043	100759043	12
chr19	56403231	56453231	2
chr19	56522431	56572431	2
chr16	3364600	3414600	8
chr19	23330398	23380398	8
chr19	36795098	36845098	1
chr13	99951346	100001346	12
chr3	147375213	147425213	11
chr19	52046147	52096147	8
chr2	176117272	176167272	2
chr2	132243827	132293827	11
chr19	9341524	9391524	8
chr16	3280600	3330600	3
chr19	52289947	52339947	8
chr2	91580143	91633774	12
chr4	336211	386211	8
chr12	133181214	133231214	8
chr19	51944347	51994347	8
chr19	56391431	56441431	1
chr4	58907	113316	8
chr19	51849347	51899347	1
chr19	44451614	44505348	8
chr19	57679232	57729232	2
chr15	96320371	96370371	3
chr4	189634046	189684046	8
chr19	37105898	37155898	8
chr2	118811624	118861624	11
chr17	48548638	48598638	2
chr19	57746432	57796432	2
chr8	11677091	11727091	1
chr11	31792652	31843054	11
chr7	155441705	155491705	11
chr10	38833669	41715608	8
chr19	52383547	52433547	8
chr12	133145814	133195814	8
chr17	48710838	48760838	12
chr4	189564646	189614646	8
chr19	9523124	9573124	8
chr16	86474794	86524794	10
chr19	9522324	9572324	8
chr19	53202147	53252147	8
chr19	56446431	56496431	1
chr19	37383098	37433098	8
chr12	53998416	54048416	10
chr4	8851474	8901474	12
chr4	344611	394611	8
