chr7	27135000	27185000	3
chr2	132996200	133046200	15
chr2	132998000	133048000	15
chr2	218676800	218726800	3
chr21	10697800	10747800	14
chr2	91769200	91819200	14
chr14	23865400	23915400	13
chr16	33938400	33988400	15
chr2	218661200	218711200	8
chr21	10705000	10755000	14
chr2	132985200	133035200	15
chr7	27164000	27214000	3
chr10	97149400	97199400	3
chr11	113932600	113982600	4
chr10	97150600	97200600	3
chr2	218717000	218767000	3
chr3	147093200	147143200	7
chr2	218753600	218803600	3
chr11	113928000	113978000	4
chr10	42358400	42408400	14
chr4	40200	90200	15
chr9	97817400	97867400	3
chr16	33948600	33998600	15
chr19	39173000	39223000	8
chr16	32517600	32567600	2
chr5	140705200	140755200	14
chr8	11555000	11605000	16
chr19	24517800	24567800	14
chr17	46622400	46672400	3
chr8	11555600	11605600	16
chr22	46460000	46510000	8
chr22	36717400	36767400	3
chr8	11535200	11585200	12
chr16	46385800	46435800	15
chr19	39167200	39217200	8
chr8	1991200	2041200	12
chr9	124045400	124095400	8
chr2	176955800	177005800	14
chr9	124044600	124094600	8
chr4	32800	82800	14
chr1	156431800	156481800	3
chr7	27112400	27162400	3
chr22	46451200	46501200	8
chr22	33200800	33250800	3
chr16	46383600	46433600	15
chr11	12236200	12286200	8
chr11	113990200	114040200	3
chr15	25293200	25343200	13
chr13	100601600	100651600	5
chr22	36702000	36752000	8
chr22	36698800	36748800	8
chr2	92275000	92325000	14
chr22	33195200	33245200	4
chr16	32506600	32556600	2
chr10	102467600	102517600	11
chr2	85975200	86025200	3
chr15	96863200	96913200	14
chr1	207975200	208025200	8
chr5	140762200	140812200	1
chr1	207974800	208024800	8
chr17	46609800	46659800	3
chr2	220299800	220349800	4
chr12	54364600	54414600	13
chr12	54319800	54369800	4
chr11	12225800	12275800	8
chr11	31814800	31864800	7
chr4	190472000	190522000	15
chr20	36752400	36802400	3
chr16	86595200	86645200	14
chr4	10076400	10126400	8
chr19	58471800	58521800	8
chr11	113918800	113968800	4
chr1	201321600	201371600	15
chr2	128389400	128439400	3
chr19	58739000	58789000	3
chr21	10748600	10798600	16
chr22	23583000	23633000	10
chr5	140689600	140739600	8
chr1	201323000	201373000	15
chr5	172655600	172705600	16
chr10	88422400	88472400	8
chr9	133789600	133839600	2
chr19	1236800	1286800	4
chr22	33188800	33238800	4
chr5	149991000	150041000	8
chr2	128390400	128440400	3
chr4	190485600	190535600	15
chr6	10377400	10427400	12
chr7	150642600	150692600	16
chr9	682600	732600	8
chr7	150642200	150692200	16
chr4	190490200	190540200	16
chr6	10381200	10431200	12
chr10	45449600	45499600	3
chr11	114044200	114094200	8
chr19	58679000	58729000	10
chr20	10607000	10657000	8
chr20	10606400	10656400	8
chr22	23557800	23607800	7
chr3	147106400	147156400	7
