chr14	22537255	22548854	3
chr15	25066253	25076253	8
chr10	41839408	41849408	8
chr19	44475383	44485989	8
chr19	51964547	51974547	8
chr19	51890747	51900747	8
chr12	133044414	133054414	8
chr5	134115709	134125709	3
chr2	172094272	172104272	11
chr19	58188833	58198833	8
chr19	58203033	58213234	8
chr19	11941785	11951785	8
chr11	65496729	65506729	3
chr16	68554897	68564897	8
chr19	36710498	36720498	8
chr19	36546698	36556698	8
chr10	41854208	41864208	8
chr2	89830790	89840790	8
chr19	57530432	57540432	8
chr19	52312947	52322947	8
chr19	9562724	9572724	8
chr10	8042437	8052437	11
chr4	49647983	51794034	8
chr19	58255434	58265434	8
chr19	37234898	37244898	8
chr12	133004414	133014414	8
chr8	98939372	98949372	11
chr12	133099614	133109614	8
chr19	57772232	57782232	8
chr10	41878408	42104752	8
chr19	57979032	57989032	8
chr6	5994767	6004767	11
chr19	57614832	57624832	8
chr4	49144583	49154583	8
chr17	36932500	36943301	11
chr1	197910070	197920070	11
chr8	98938372	98948372	11
chr1	150570324	150580324	3
chr7	5419969	5429969	10
chr15	81297059	81307059	3
chr19	19709591	19719591	8
chr12	133186814	133196814	8
chr19	7076589	7086589	8
chr7	5418769	5428769	10
chr6	36595423	36605423	3
chr19	57748232	57758232	8
chr2	170813690	170823690	11
chr19	9335324	9345324	8
chr11	31808652	31818652	10
chr19	52950547	52960547	8
chr7	6687569	6697569	8
chr5	35854898	35864898	3
chr10	123141684	123151684	10
chr1	111189178	111199178	3
chr20	49278063	49288063	8
chr19	58127033	58137033	8
chr18	15410401	20940639	8
chr19	52115347	52125347	8
chr12	133080614	133090614	8
chr19	57543232	57553232	8
chr21	10723856	10733856	8
chr6	36596823	36606823	3
chr7	150736112	150746112	3
chr19	52033147	52043147	8
chr1	111190178	111200178	3
chr19	12180785	12190785	8
chr19	52065547	52075547	8
chr19	19672191	19682191	8
chr11	31809852	31820053	10
chr11	117986285	117996285	3
chr15	76335259	76345259	11
chr9	37028203	37038203	11
chr4	49102583	49112583	8
chr19	52014747	52024747	8
chr6	137488463	137498463	11
chr11	128510505	128520505	3
chr9	96757318	96767318	8
chr2	174333472	174343472	12
chr11	128465105	128475105	3
chr5	180256800	180266800	8
chr10	8047237	8057237	11
chr19	9293524	9303524	8
chr6	159035768	159045768	3
chr12	133116014	133126014	8
chr22	31280414	31290414	3
chr19	12522186	12532186	8
chr4	445611	455611	8
chr19	51992747	52002747	8
chr19	36889298	36899298	8
chr19	8806724	8816724	8
chr5	170285796	170295796	3
chr2	89811990	89821990	8
chr7	101164519	101174519	11
chr7	27183581	27193581	11
chr22	31281414	31291414	3
chr19	9410324	9420324	8
chr6	27447621	27457621	8
chr5	170286396	170296396	3
chr8	125938956	125948956	3
chr19	10286324	10296324	11
