chr15	25315000	25340000	20
chr19	58748000	58773000	20
chr19	58697600	58722600	20
chr12	133658800	133683800	20
chr19	58487200	58512200	20
chr19	58041600	58066600	20
chr12	133567800	133592800	20
chr12	133709800	133734800	20
chr19	44978800	45003800	20
chr19	37028800	37053800	20
chr12	133613400	133638400	4
chr19	52465200	52490200	4
chr19	58633000	58658000	20
chr19	37303400	37328400	20
chr5	179671800	179696800	20
chr19	52808400	52833400	20
chr19	37229000	37254000	20
chr19	52519000	52544000	20
chr19	37196800	37221800	20
chr16	68582800	68607800	20
chr12	133757600	133782600	20
chr19	9670600	9695600	4
chr7	6722200	6747200	20
chr16	3436600	3461600	1
chr19	56914400	56939400	20
chr7	6713600	6738600	20
chr12	133505200	133530200	20
chr19	9440600	9465600	20
chr19	37125400	37150400	20
chr19	37909800	37934800	20
chr19	23527400	23552400	20
chr4	443400	468400	20
chr16	68586800	68611800	20
chr19	38053000	38078000	20
chr19	37634400	37659400	20
chr12	133644600	133669600	20
chr19	58624000	58649000	20
chr16	3349600	3374600	20
chr19	37223600	37248600	20
chr22	46462400	46487400	22
chr19	8913800	8938800	20
chr19	37582600	37607600	20
chr19	39137800	39162800	22
chr19	44337000	44362000	20
chr19	57049000	57074000	1
chr19	37374600	37399600	20
chr8	146051600	146076600	20
chr19	52561600	52586600	20
chr19	52610600	52635600	20
chr19	37718600	37743600	20
chr19	52815800	52840800	20
chr19	58679800	58704800	20
chr19	7068800	7093800	20
chr19	9483200	9508200	20
chr11	118776600	118801600	9
chr4	343200	368200	20
chr3	44756000	44781000	20
chr19	37626000	37651000	20
chr3	44756400	44781400	20
chr19	9625000	9650000	20
chr14	74205000	74230000	9
chr19	9514600	9539600	20
chr19	20719600	20744600	20
chr19	57066000	57091000	20
chr19	58193200	58218200	4
chr5	178292400	178317400	20
chr4	69600	94600	20
chr18	46454800	46479800	22
chr11	65252400	65277400	9
chr5	178492200	178517200	20
chr19	52868600	52893600	20
chr5	178130000	178155000	20
chr19	58434600	58459600	20
chr19	53731200	53756200	20
chr5	139026800	139051800	1
chr12	122230200	122255200	9
chr1	156083200	156108200	9
chr19	53731400	53756400	20
chr8	145007000	145032000	1
chr9	99516200	99541200	1
chr12	133767600	133792600	20
chr22	36746600	36771600	9
chr19	57028800	57053800	1
chr19	37861200	37886200	1
chr19	52383400	52408400	20
chr22	36709600	36734600	9
chr19	1251000	1276000	1
chr19	39155200	39180200	9
chr4	412400	437400	20
chr15	96864600	96889600	1
chr19	52429600	52454600	20
chr11	62290600	62315600	9
chr19	58773200	58798200	20
chr22	36716000	36741000	9
chr19	20714000	20739000	20
chr19	44342200	44367200	20
chr11	65183400	65208400	9
chr22	36707200	36732200	9
chr5	178493000	178518000	20
chr12	133581200	133606200	20
