chr9	3006000	3006200	6	6.81617	1	(6,14)	9.64912	1	13.0873
chr14	19417600	19417800	6	6.81617	1	(6,14)	9.64912	1	13.0873
chr11	3169400	3169600	6	6.81617	1	(6,14)	9.64912	1	13.0873
chr11	3160000	3160200	6	8.347	1	(6,14)	8.4946	1	13.0528
chr11	3128400	3128600	6	9.00233	1	(6,14)	7.06705	1	12.7196
chr1	95452000	95452200	14	4.46604	1	(3,14)	4.42546	1	12.6295
chr11	3174400	3174600	14	6.01602	1	(6,14)	7.92137	1	12.4723
chr9	3018400	3018600	14	6.6184	1	(6,14)	7.35105	1	12.3603
chr10	58225200	58225400	14	5.02644	1	(12,14)	4.58467	1	12.2819
chr1	85591200	85591400	6	5.21337	1	(6,14)	6.50151	1	12.2756
chr11	3179400	3179600	6	5.21337	1	(6,14)	6.50151	1	12.2756
chr5	104859800	104860000	9	8.7538	1	(9,14)	6.64215	1	12.2586
chr1	85270000	85270200	14	7.32961	1	(6,14)	8.4946	1	12.2534
chr9	3002800	3003000	12	7.12278	1	(12,14)	8.45132	1	12.2242
chr16	94812600	94812800	12	7.12278	1	(12,14)	8.45132	1	12.2242
chr11	3137400	3137600	14	5.9308	1	(6,14)	6.22003	1	12.2206
chr9	3000400	3000600	6	9.60733	1	(6,6)	7.0555	1	12.1964
chr9	3026800	3027000	12	6.31653	1	(12,14)	8.71495	1	12.1206
chr13	119492000	119492200	12	6.31653	1	(12,14)	8.71495	1	12.1206
chr11	3196000	3196200	14	5.78349	1	(12,14)	7.1429	1	12.1157
chr17	3079200	3079400	12	6.77961	1	(12,14)	6.62448	1	12.1057
chr11	3179600	3179800	14	5.09968	1	(6,14)	5.10365	1	12.0706
chr1	85280400	85280600	14	5.14446	1	(6,14)	3.73341	1	12.0598
chr2	181928400	181928600	14	5.11348	1	(3,14)	4.12771	1	12.0445
chr18	3008800	3009000	6	4.94267	1	(6,14)	5.10365	1	12.0078
chr11	3194000	3194200	6	4.94267	1	(6,14)	5.10365	1	12.0078
chr12	20816000	20816200	2	9.24552	1	(2,2)	6.53895	1	11.9893
chr7	18403000	18403200	14	7.26285	1	(2,14)	4.25247	1	11.9705
chr17	13552000	13552200	14	5.76488	1	(6,14)	4.55183	1	11.9438
chr14	19418800	19419000	12	5.9311	1	(12,14)	7.1429	1	11.9033
chr10	58224000	58224200	12	5.9311	1	(12,14)	7.1429	1	11.9033
chr5	15512400	15512600	14	6.39674	1	(12,14)	6.62448	1	11.88
chr9	3003000	3003200	14	5.00231	1	(12,14)	5.85278	1	11.8668
chr11	3100400	3100600	14	5.00231	1	(12,14)	5.85278	1	11.8668
chr12	67059600	67059800	14	6.40534	1	(12,14)	8.45132	1	11.8484
chr10	58223800	58224000	14	6.40534	1	(12,14)	8.45132	1	11.8484
chr10	11492000	11492200	3	4.7609	1	(3,14)	4.12771	1	11.8342
chr11	3181400	3181600	14	5.70931	1	(12,14)	5.59725	1	11.8276
chrX	170674600	170674800	14	6.42035	1	(6,14)	5.38123	1	11.8264
chr9	3026600	3026800	14	6.42035	1	(6,14)	5.38123	1	11.8264
chr1	85090800	85091000	14	6.42035	1	(6,14)	5.38123	1	11.8264
chr11	3152600	3152800	14	6.42035	1	(6,14)	5.38123	1	11.8264
chr10	3110200	3110400	14	5.69726	1	(12,14)	5.59725	1	11.8101
chr18	37707000	37707200	14	5.10453	1	(2,14)	3.96553	1	11.7987
chr13	119597000	119597200	12	4.66147	1	(12,14)	4.58467	1	11.785
chr1	85277800	85278000	6	8.38551	1	(6,6)	5.4688	1	11.6973
chr11	3130800	3131000	6	8.38551	1	(6,6)	5.4688	1	11.6973
chr4	28176800	28177000	14	4.9591	1	(12,14)	4.58467	1	11.6901
chr15	75086000	75086200	14	5.68685	1	(9,14)	5.84234	1	11.6733
chr8	84912600	84912800	3	7.53168	1	(3,10)	6.28417	1	11.6729
chr11	3125400	3125600	9	7.49555	1	(9,14)	5.84234	1	11.6665
chr6	3191800	3192000	14	5.59712	1	(12,14)	4.08475	1	11.6436
chr13	119598000	119598200	6	4.70434	1	(6,14)	3.73341	1	11.6336
chr9	3005800	3006000	14	7.02914	1	(6,14)	6.22003	1	11.6239
chr16	3243600	3243800	14	6.31547	1	(12,14)	4.8363	1	11.6231
chr11	3181200	3181400	6	5.56877	1	(6,14)	4.55183	1	11.6097
chr4	147449400	147449600	9	4.46033	1	(9,14)	3.49735	1	11.5968
chr1	85594600	85594800	14	6.30474	1	(12,14)	6.62448	1	11.5919
chr13	77439000	77439200	14	4.27832	1	(12,14)	3.58969	1	11.5909
chr2	98664000	98664200	14	4.9423	1	(9,14)	4.78891	1	11.5802
chr11	3148400	3148600	12	7.39683	1	(12,14)	5.59725	1	11.5797
chr7	24500400	24500600	3	6.77537	1	(3,10)	7.42588	1	11.5739
chr17	46460600	46460800	3	6.77537	1	(3,10)	7.42588	1	11.5739
chr1	122357200	122357400	3	5.47586	1	(3,14)	5.02498	1	11.5738
chr18	37742800	37743000	14	4.88147	1	(12,14)	5.85278	1	11.5621
chr12	114379000	114379200	2	5.93445	1	(2,14)	6.59141	1	11.5413
chrY	259200	259400	6	10.1963	1	(6,6)	8.86465	1	11.5279
chr13	119617400	119617600	12	5.41937	1	(12,14)	4.08475	1	11.4958
chr18	3118000	3118200	14	6.96733	1	(6,14)	4.00488	1	11.4901
chr9	3032200	3032400	6	7.34193	1	(6,6)	4.0997	1	11.469
chr3	8246400	8246600	3	5.47462	1	(3,12)	3.30429	1	11.4636
chr13	23563400	23563600	7	5.77524	1	(6,7)	7.36943	1	11.4516
chr2	3050000	3050200	14	5.59244	1	(12,14)	4.08475	1	11.4325
chr4	132270000	132270200	7	7.51844	1	(6,7)	6.46821	1	11.429
chr3	8244600	8244800	14	6.33417	1	(13,14)	4.8737	1	11.3851
chr4	147449200	147449400	14	3.51948	1	(2,14)	3.11389	1	11.3766
chr17	25819400	25819600	3	7.33692	1	(3,10)	6.28417	1	11.3622
chr2	98664800	98665000	14	6.3747	1	(8,14)	8.39005	1	11.3427
chr12	74803600	74803800	14	6.3747	1	(8,14)	8.39005	1	11.3427
chr9	3027200	3027400	6	7.23208	1	(6,6)	4.0997	1	11.3422
chr9	65201600	65201800	7	11.3358	1	(7,7)	11.3358	1	11.3358
chr13	23750800	23751000	7	11.3358	1	(7,7)	11.3358	1	11.3358
chr9	3002200	3002400	6	6.36407	1	(6,14)	3.4634	1	11.3264
chr5	15020200	15020400	14	6.8796	1	(6,14)	4.00488	1	11.3206
chr13	119604000	119604200	14	6.8796	1	(6,14)	4.00488	1	11.3206
chr11	3162800	3163000	14	6.8796	1	(6,14)	4.00488	1	11.3206
chr6	3182800	3183000	3	6.20641	1	(3,14)	3.83141	1	11.3136
chr18	37715200	37715400	2	3.91044	1	(2,14)	3.11389	1	11.296
chr17	13654600	13654800	14	5.52283	1	(9,14)	4.26856	1	11.2582
chr3	3147200	3147400	14	6.80547	1	(6,14)	4.00488	1	11.2309
chr5	32721000	32721200	14	3.98574	1	(12,14)	3.58969	1	11.2224
chrY	90744400	90744600	6	4.5831	1	(6,14)	3.73341	1	11.2098
chr9	3015200	3015400	12	8.07381	1	(12,12)	5.39065	1	11.2039
chr6	3183400	3183600	9	4.39662	1	(3,9)	3.50235	1	11.2032
chr6	136532600	136532800	6	8.14744	1	(6,6)	5.4688	1	11.1386
chr12	20233400	20233600	14	8.23511	1	(3,14)	5.62938	1	11.11
chr11	34681800	34682000	6	3.63105	1	(6,14)	2.9282	1	11.0857
chr7	44462600	44462800	3	7.20248	1	(3,10)	4.04764	1	11.0843
chr1	85085000	85085200	12	7.05643	1	(12,12)	4.03891	1	11.0804
chr10	58231200	58231400	12	6.13683	1	(6,12)	3.3793	1	11.0798
