chr1	145982600	146005600	3
chr6	30480400	30502600	3
chr14	35391000	35413600	3
chr14	69758000	69779000	3
chr17	75766600	75789000	3
chr7	5517400	5539400	3
chr17	41679400	41700200	3
chr3	186774600	186796000	3
chr19	3973800	3994400	3
chr6	36586800	36609000	3
chr6	32964400	32985200	3
chr11	65490200	65516000	3
chr1	150564600	150588800	3
chr19	39397600	39418800	3
chr22	39511200	39532000	3
chr11	123048800	123071200	3
chr17	81499000	81521800	3
chr20	38721000	38741400	11
chr10	3770600	3792200	3
chr5	55222200	55242800	11
chr16	89551400	89572000	3
chr1	35180000	35201400	3
chr5	172759000	172779800	3
chr1	203296800	203319200	3
chr6	30606200	30627200	3
chr5	179610200	179632200	3
chr12	124903400	124923800	3
chr1	234596600	234617800	3
chr1	212596800	212618000	11
chr1	245144800	245165200	11
chr11	57448800	57469200	11
chr17	44958600	44979000	11
chr5	132476400	132499600	3
chr17	4935400	4956800	3
chr2	172085000	172105600	11
chr9	74487200	74507600	10
chr1	148833800	148855200	11
chr1	29226600	29247400	11
chr1	197907800	197928400	11
chr2	43212200	43234400	3
chr7	26186800	26207400	3
chr3	157147800	157169000	3
chr17	64494200	64515200	3
chr11	64766400	64787400	3
chr20	35730200	35750600	3
chr20	43449000	43469200	3
chr1	228637000	228658200	11
chr6	107478600	107499200	11
chr5	40823800	40844000	3
chr19	18268400	18289200	3
chr17	7564000	7584600	3
chr12	92132400	92154400	3
chr14	103325400	103346000	3
chr12	56149800	56170800	3
chr15	28085800	28106600	11
chr5	55163400	55183800	11
chr6	31344600	31366200	3
chr14	68779200	68799600	3
chr2	136105000	136125800	3
chr6	149953800	149974600	11
chr6	73509200	73529800	3
chr6	89073200	89093600	3
chr12	20541200	20561600	11
chr1	121732600	121753600	11
chr6	5986200	6007000	11
chr19	48956200	48976400	3
chr9	63806800	63827600	11
chr12	53985400	54006400	11
chr11	61955000	61975800	3
chr19	49479400	49499600	3
chr17	58320400	58341200	3
chr12	49079800	49100600	11
chr8	81832200	81852400	11
chr14	60712000	60732600	11
chr9	63807800	63828600	11
chr15	44704000	44724400	3
chr15	81289800	81311800	3
chr17	76724200	76745200	3
chr3	157146800	157167200	3
chr1	151045400	151065800	3
chr13	113749600	113770000	11
chr2	172074400	172095600	11
chr4	13534800	13555000	11
chr10	101057200	101077600	11
chr6	29933600	29954000	3
chr6	31260600	31281000	3
chr2	172091800	172112200	11
chr6	5987200	6007600	11
chr8	79755400	79775600	11
chr11	46907000	46928000	11
chr9	99812800	99833400	11
chr6	125739800	125760400	11
chr6	170285000	170305400	11
chr4	112505200	112525800	11
chr4	78048000	78068800	11
chr10	90847200	90867400	11
chr10	72265000	72285600	3
chr14	60714000	60734200	11
chr6	149980800	150001200	11
