chr15	25050053	25075053	20
chr19	58236034	58261034	20
chr19	58184633	58209834	20
chr19	36543098	36568098	20
chr19	52299147	52324147	20
chr12	132989214	133014214	20
chr19	57530032	57555032	20
chr12	133082014	133107014	20
chr4	446611	471611	20
chr15	25075253	25100253	20
chr12	133132214	133157214	20
chr5	180244800	180269800	20
chr4	336011	361011	1
chr19	57978832	58003832	4
chr19	52110947	52135947	20
chr19	37420298	37445298	20
chr19	44473983	44501548	1
chr19	52064347	52089347	20
chr19	51962347	51987347	4
chr19	36745298	36770298	20
chr19	9560124	9585124	4
chr19	52268947	52293947	20
chr19	36814098	36839098	1
chr12	133034414	133059414	22
chr19	36636298	36661298	20
chr19	20541194	20566194	4
chr19	23361998	23386998	20
chr19	57769032	57794032	20
chr19	51879547	51904547	22
chr19	52542947	52567947	20
chr14	22514618	22546658	9
chr16	3386600	3411600	1
chr19	57682632	57707632	4
chr19	52015547	52040547	4
chr8	133051155	133076155	9
chr19	36883698	36908698	20
chr19	56600632	56625632	20
chr19	9322924	9347924	1
chr19	58121633	58146633	20
chr19	36703498	36728498	20
chr1	247140498	247165498	20
chr19	56403031	56428031	20
chr3	35641308	35666308	4
chr17	77432918	77457918	9
chr12	31959266	31984266	1
chrX	2692159	2717159	9
chr5	178865799	178890799	20
chr19	37225498	37250498	20
chr5	134112509	134137509	1
chr22	39932796	39957796	9
chr11	128496305	128521305	9
chr10	124717031	124742031	9
chr12	133179614	133204614	22
chr19	23653398	23678398	20
chr7	6682769	6707769	1
chr19	37561898	37587099	20
chr19	37077898	37102898	1
chr1	31920599	31945599	13
chr4	133657	161210	20
chr15	31344197	31369197	9
chr11	67265929	67290929	1
chr21	44902885	44927885	4
chr5	39177298	39202298	4
chr12	123061253	123086253	9
chr22	36361955	36386955	9
chr4	40193780	40218780	9
chr19	37454098	37479098	20
chr10	11159437	11184437	9
chr16	68548897	68573897	20
chr20	31672397	31697397	9
chr1	40380328	40405328	9
chr14	99187463	99212463	9
chr3	18417708	18442708	1
chr19	51926347	51951347	4
chr19	53332747	53357747	1
chr10	80453244	80478244	1
chr19	52372947	52397947	1
chr2	136113430	136138430	13
chr9	127959321	127984321	1
chr1	169687459	169712459	4
chr7	50329604	50366702	10
chr20	41138360	41163360	10
chr12	47799617	47824617	9
chr16	3285200	3310200	22
chr19	57923832	57948832	1
chr14	100060463	100085463	9
chr4	40195980	40220980	9
chr14	61322082	61347082	4
chr19	23217598	23242598	20
chr9	114359720	114384720	11
chr19	21802198	21827198	20
chr19	37145298	37170298	20
chr7	50303004	50328004	1
chr19	44153847	44178847	22
chr8	143927832	143952832	9
chr11	128714705	128739705	9
chr1	156487008	156512008	1
chr19	11931785	11956785	20
chr14	99221663	99246663	10
chr12	121788494	121813494	9
