chrX	99999800	100000000	14	0.89455	-1	(14,25)	1.57824	-1	1.87067	0.220745
chrX	99999600	99999800	22	0.753055	-1	(22,25)	1.50611	-1	1.58709	0.242887
chrX	99999400	99999600	25	0.00536404	1	(25,25)	0.00536404	1	0.00536404	0.991766
chrX	99998400	99998600	19	1.59157	-1	(19,25)	2.85756	-1	3.16653	0.156869
chrX	9999800	10000000	10	1.9345	-1	(5,10)	2.80496	-1	10.3035	0.0302389
chrX	99998000	99998200	25	0.00536404	1	(25,25)	0.00536404	1	0.00536404	0.991766
chrX	99997200	99997400	24	0.662213	-1	(24,25)	1.32443	-1	1.40596	0.25452
chrX	99996800	99997000	25	0.00536404	1	(25,25)	0.00536404	1	0.00536404	0.991766
chrX	9999600	9999800	12	1.74334	-1	(5,12)	3.15083	-1	6.39737	0.0732713
chrX	99994400	99994600	24	0.662213	-1	(24,25)	1.32443	-1	1.40596	0.25452
chrX	99992800	99993000	25	0.00536404	1	(25,25)	0.00536404	1	0.00536404	0.991766
chrX	9999200	9999400	5	1.01406	-1	(8,8)	0.86421	1	2.21682	0.201394
chrX	99988400	99988600	24	0.662213	-1	(24,25)	1.32443	-1	1.40596	0.25452
chrX	99987200	99987400	22	3.31045	-1	(23,23)	3.38975	1	12.0452	0.0195831
chrX	99987000	99987200	2	1.03728	-1	(1,23)	1.78564	1	4.64658	0.109537
chrX	99986800	99987000	1	1.56342	1	(1,23)	2.51811	1	6.39125	0.0733671
chrX	99986400	99986600	2	2.25854	-1	(2,23)	3.20476	-1	13.6127	0.0126533
chrX	99986200	99986400	23	2.17366	-1	(23,23)	2.29964	-1	11.7505	0.0211364
chrX	99986000	99986200	25	1.71929	-1	(22,23)	2.22551	1	11.5761	0.022107
chrX	99985800	99986000	24	1.63753	1	(24,25)	2.38344	1	9.29121	0.038421
chrX	99985600	99985800	4	1.47884	-1	(4,25)	2.08596	-1	5.70799	0.0852006
chrX	99985400	99985600	22	1.90559	-1	(22,25)	2.37025	-1	6.9137	0.0655239
chrX	99985200	99985400	4	1.50821	-1	(4,25)	2.704	-1	3.52455	0.142685
chrX	99985000	99985200	22	0.958391	-1	(22,25)	1.66937	-1	2.42491	0.190522
chrX	99984400	99984600	25	1.05564	-1	(22,25)	1.48049	-1	4.36836	0.116709
chrX	99983800	99984000	22	0.930751	-1	(22,25)	1.8615	-1	1.93947	0.214825
chrX	99983200	99983400	25	0.00536404	1	(25,25)	0.00536404	1	0.00536404	0.991766
chrX	9997800	9998000	12	1.10333	-1	(8,12)	2.20666	-1	2.97981	0.165008
chrX	99975400	99975600	22	0.930751	-1	(22,25)	1.8615	-1	1.93947	0.214825
chrX	99975000	99975200	25	0.00536404	1	(25,25)	0.00536404	1	0.00536404	0.991766
chrX	99972600	99972800	19	1.57147	1	(19,25)	2.8085	1	4.9152	0.102542
chrX	99972200	99972400	25	0.00536404	1	(25,25)	0.00536404	1	0.00536404	0.991766
chrX	9997200	9997400	5	1.46445	-1	(5,8)	2.35589	-1	6.7309	0.0681758
chrX	9997000	9997200	12	5.10246	-1	(8,12)	6.84618	-1	11.7245	0.0212789
chrX	9996800	9997000	8	0.0389157	-1	(8,8)	0.0389157	-1	0.0389157	0.344479
chrX	9996200	9996400	5	0.778719	-1	(5,8)	1.55744	-1	2.33059	0.196042
chrX	99961200	99961400	24	0.662213	-1	(24,25)	1.32443	-1	1.40596	0.25452
chrX	99960800	99961000	25	0.00536404	1	(25,25)	0.00536404	1	0.00536404	0.991766
chrX	9995400	9995600	12	1.10865	1	(8,12)	1.56415	1	3.68785	0.13642
chrX	9995200	9995400	8	0.211275	-1	(8,8)	0.177765	-1	0.299503	0.308646
chrX	99951200	99951400	19	0.678951	-1	(19,25)	1.3579	-1	1.43998	0.252085
chrX	99950800	99951000	24	0.662213	-1	(24,25)	1.32443	-1	1.40596	0.25452
chrX	99950200	99950400	25	0.00536404	1	(25,25)	0.00536404	1	0.00536404	0.991766
chrX	99948800	99949000	24	0.662213	-1	(24,25)	1.32443	-1	1.40596	0.25452
chrX	99948200	99948400	25	0.00536404	1	(25,25)	0.00536404	1	0.00536404	0.991766
chrX	9994600	9994800	12	1.10131	1	(8,12)	1.78203	1	3.92276	0.128855
chrX	9994200	9994400	5	0.0353586	-1	(5,5)	0.0353586	-1	0.0353586	0.352046
chrX	99940800	99941000	19	0.761024	-1	(19,19)	0.761024	-1	0.761024	0.285683
chrX	99940600	99940800	15	0.954816	-1	(15,25)	1.4562	-1	2.53985	0.184785
chrX	99940400	99940600	17	0.831852	-1	(17,25)	1.24956	-1	2.29393	0.198025
chrX	99940200	99940400	25	0.00536404	1	(25,25)	0.00536404	1	0.00536404	0.991766
chrX	9993800	9994000	8	0.637792	-1	(5,8)	0.984539	-1	1.74081	0.23051
chrX	99935800	99936000	19	1.45729	-1	(19,25)	2.62029	-1	2.91461	0.167638
chrX	99935600	99935800	25	0.00536404	1	(25,25)	0.00536404	1	0.00536404	0.991766
chrX	99935400	99935600	24	0.662213	-1	(24,25)	1.32443	-1	1.40596	0.25452
chrX	99935000	99935200	25	0.00536404	1	(25,25)	0.00536404	1	0.00536404	0.991766
chrX	99934800	99935000	24	0.662213	-1	(24,25)	1.32443	-1	1.40596	0.25452
chrX	99933200	99933400	25	0.00536404	1	(25,25)	0.00536404	1	0.00536404	0.991766
chrX	99932800	99933000	19	0.710504	-1	(19,25)	1.42101	-1	1.50254	0.247561
chrX	99932400	99932600	25	0.00536404	1	(25,25)	0.00536404	1	0.00536404	0.991766
chrX	99929000	99929200	18	0.756112	-1	(18,25)	1.51222	-1	1.5932	0.242326
chrX	99928800	99929000	25	1.14432	-1	(18,25)	1.36419	-1	2.94645	0.166494
chrX	99928600	99928800	19	1.46397	-1	(18,19)	1.09329	-1	3.19609	0.155675
chrX	99928400	99928600	15	0.902091	-1	(15,25)	1.80418	-1	1.88516	0.21928
chrX	99928200	99928400	25	1.34262	-1	(15,25)	1.61284	-1	3.32492	0.1503
chrX	99928000	99928200	18	1.52945	-1	(18,25)	2.72584	-1	3.04257	0.162143
chrX	99927400	99927600	25	1.1268	-1	(18,25)	1.35892	-1	2.95168	0.166281
chrX	99927200	99927400	24	2.00736	-1	(24,25)	2.58748	-1	4.98764	0.10076
chrX	99927000	99927200	25	1.35955	-1	(24,25)	1.94206	-1	3.96136	0.127696
chrX	99926800	99927000	24	1.2999	-1	(24,25)	1.94206	-1	3.65975	0.137507
chrX	99926600	99926800	25	0.973401	-1	(24,25)	1.16984	-1	2.62145	0.180567
chrX	99926200	99926400	24	1.21564	-1	(19,19)	2.33599	1	6.91916	0.0654451
chrX	99926000	99926200	25	0.973401	-1	(24,25)	1.16984	-1	2.62145	0.180567
chrX	99924800	99925000	8	0.600405	-1	(8,25)	1.20081	-1	1.28179	0.264242
chrX	9992400	9992600	12	0.839597	-1	(5,12)	1.67919	-1	3.38112	0.148067
chrX	99922800	99923000	25	1.30185	-1	(7,25)	1.85288	-1	3.21974	0.154627
chrX	99922400	99922600	8	1.14679	-1	(8,25)	2.12658	-1	2.3595	0.193907
chrX	9992200	9992400	8	0.767889	1	(5,8)	1.53578	1	2.76338	0.173945
chrX	999200	999400	25	0.00536404	1	(25,25)	0.00536404	1	0.00536404	0.991766
chrX	99917600	99917800	24	1.97478	-1	(24,25)	2.58748	-1	4.70627	0.107946
chrX	99917000	99917200	8	0.600405	-1	(8,25)	1.20081	-1	1.28179	0.264242
chrX	9991600	9991800	5	0.0353586	-1	(5,5)	0.0353586	-1	0.0353586	0.352046
chrX	99915000	99915200	25	1.04821	-1	(18,25)	1.31954	-1	2.73502	0.175099
chrX	99914800	99915000	18	1.77344	-1	(15,25)	1.67923	-1	8.10777	0.0503554
chrX	99914600	99914800	15	2.64752	-1	(19,25)	2.92018	1	11.1319	0.0247183
chrX	99914400	99914600	14	1.9404	-1	(19,25)	2.17993	1	12.2476	0.0185602
chrX	99914200	99914400	19	2.60665	1	(19,25)	3.39179	1	13.6929	0.0123573
chrX	9991400	9991600	12	1.74334	-1	(5,12)	3.15083	-1	5.30269	0.0934319
chrX	99914000	99914200	14	1.79813	-1	(14,25)	1.68883	-1	8.10296	0.0504114
chrX	99913600	99913800	25	1.0467	-1	(18,25)	1.35409	-1	2.72453	0.175534
chrX	99913200	99913400	8	0.57508	-1	(8,25)	1.15016	-1	1.23119	0.267769
chrX	99909000	99909200	25	1.0467	-1	(18,25)	1.35409	-1	2.72453	0.175534
chrX	9990800	9991000	5	0.172884	-1	(5,5)	0.202944	-1	0.265712	0.310315
chrX	99907800	99908000	8	1.13931	-1	(8,25)	2.11204	-1	2.34428	0.195243
chrX	99906400	99906600	25	1.0467	-1	(18,25)	1.35409	-1	2.72453	0.175534
chrX	99905600	99905800	15	1.80829	-1	(15,25)	1.91048	1	10.2223	0.0308299
chrX	99905400	99905600	18	4.86941	1	(18,18)	4.62875	1	12.8295	0.0158421
chrX	99904800	99905000	13	4.22566	-1	(13,14)	4.36725	-1	12.7866	0.0160333
chrX	99904400	99904600	18	5.19899	1	(18,18)	4.60653	1	18.8178	0.00190053
chrX	9990400	9990600	9	1.19774	-1	(5,9)	1.99419	-1	6.95021	0.0649995
