chr17	46622600	46672600	18
chr17	46623200	46673200	18
chr7	27137200	27187200	10
chr19	13107200	13157200	23
chr7	27175200	27225200	4
chr19	13101000	13151000	23
chr22	46436400	46486400	4
chr19	13162000	13212000	2
chr14	99691800	99741800	21
chr14	99692600	99742600	21
chr12	54374000	54424000	22
chr2	218759400	218809400	2
chr19	13167600	13217600	13
chr15	96862200	96912200	10
chr14	91833200	91883200	3
chr14	91833600	91883600	3
chr10	80897400	80947400	15
chr17	38462600	38512600	16
chr18	74766200	74816200	4
chr10	126381400	126431400	15
chr19	1230600	1280600	14
chr18	74773800	74823800	4
chr12	7031400	7081400	22
chr11	65313000	65363000	13
chr1	22220000	22270000	22
chr12	7029800	7079800	22
chr5	139020800	139070800	23
chr11	75014200	75064200	14
chr10	45451000	45501000	16
chr10	80978800	81028800	18
chr19	39178400	39228400	13
chr10	63796000	63846000	16
chr1	226830800	226880800	13
chr1	27845600	27895600	4
chr14	93469200	93519200	14
chr22	36719000	36769000	9
chr16	73056000	73106000	14
chr8	22406000	22456000	10
chr17	1945000	1995000	9
chr12	124864000	124914000	13
chr16	73056400	73106400	14
chr1	207977800	208027800	3
chr3	50263400	50313400	13
chr7	47510200	47560200	4
chr17	55945000	55995000	3
chr11	128333000	128383000	11
chr13	110950800	111000800	9
chr5	140762200	140812200	20
chr1	21619000	21669000	13
chr9	137256600	137306600	9
chr8	145003200	145053200	23
chr18	74783800	74833800	4
chr17	75428200	75478200	3
chr9	137256000	137306000	9
chr15	31621000	31671000	3
chr13	110951200	111001200	9
chr7	27200000	27250000	22
chr9	97806600	97856600	4
chr19	1064400	1114400	16
chr2	47257600	47307600	14
chr16	70711200	70761200	13
chr17	75419400	75469400	3
chr2	127817200	127867200	13
chr5	140855800	140905800	9
chr2	60734600	60784600	14
chr2	127815800	127865800	13
chr2	240185200	240235200	3
chr5	131747000	131797000	4
chr2	60734400	60784400	14
chr17	55943400	55993400	3
chr2	47256200	47306200	14
chr7	130559000	130609000	13
chr8	22411800	22461800	10
chr5	131753600	131803600	3
chr11	818200	868200	13
chr3	66499600	66549600	14
chr8	22417800	22467800	10
chr11	65305000	65355000	18
chr1	156431600	156481600	13
chr14	93477000	93527000	14
chr5	139032400	139082400	14
chr17	17681200	17731200	1
chr2	240186800	240236800	3
chr12	7021800	7071800	22
chr17	17595600	17645600	4
chr12	57520400	57570400	15
chr9	124470000	124520000	13
chr3	141085000	141135000	9
chr12	109191400	109241400	13
chr9	130280600	130330600	20
chr11	128555000	128605000	14
chr9	124478800	124528800	13
chr1	21603600	21653600	13
chr20	45941800	45991800	13
chr14	74183400	74233400	13
chr12	54762000	54812000	13
chr17	17583800	17633800	4
chr10	81157000	81207000	13
chr9	124467800	124517800	13
chr17	17709000	17759000	1
