chr9	114360920	114385920	8
chr11	128462305	128487305	8
chr2	172081872	172106872	14
chr10	41839408	41864408	14
chr5	170268996	170293996	8
chr22	37220560	37245560	8
chr11	67266329	67291329	2
chr2	89816190	89841190	14
chr7	27150181	27175181	14
chr14	99247263	99272263	8
chr14	99248463	99273463	8
chr7	27148581	27173581	14
chr10	8033437	8058437	14
chr4	49632983	51794034	14
chr10	38508272	38579269	14
chr21	10683056	10708056	12
chr21	10708256	10733256	12
chr10	38783469	38808469	12
chr2	132254227	132279227	14
chr10	42297752	42322752	12
chr10	38829269	38854269	12
chr12	53982016	54007016	14
chr11	31797652	31822853	14
chr20	30418524	31241597	12
chr17	79790201	79815201	2
chr14	22524429	22557898	8
chr10	101213843	101238843	14
chr21	10651656	10676656	12
chr1	206558472	206584068	8
chr7	50326804	50363902	10
chr4	10092976	10117976	8
chr19	58190033	58215234	12
chr15	25055053	25080053	12
chr10	101213043	101238043	14
chr7	27182581	27207581	14
chr10	123132084	123157084	14
chr10	71746643	71771643	8
chr4	49096183	49121183	14
chr4	13524576	13549576	14
chr2	174321872	174346872	14
chr5	134113909	134138909	2
chr8	133050555	133075555	8
chr1	30737153	30762153	8
chr10	8045237	8070237	14
chr10	41864608	42105952	14
chr11	31793652	31818652	14
chr13	99968346	99993346	15
chr12	133041414	133066414	12
chr6	30442823	30467823	14
chr15	81291259	81316259	8
chr2	176082472	176107472	14
chr17	48595438	48620438	14
chr19	44472383	44499948	4
chr10	11161237	11186237	8
chr2	157412888	157437888	8
chr1	90706043	90731043	14
chr11	117985685	118010685	8
chr6	32835223	32860223	8
chr7	50307404	50344502	8
chr6	98823924	98848924	14
chr15	52782803	52807803	14
chr11	64852328	64877328	8
chr5	88665982	88691183	14
chr17	36927706	36953900	14
chr2	176116872	176141872	14
chr9	37014603	37039603	14
chr2	132248427	132273427	14
chr11	117987485	118012485	8
chr19	51962347	51987347	2
chr11	128498905	128523905	1
chr7	62334149	62359149	12
chr2	157415088	157440088	8
chr19	1064601	1089601	8
chr15	74776059	74801059	8
chr10	11171237	11196237	8
chr16	46397288	46422288	14
chr17	48718038	48743038	14
chr17	78117919	78142919	8
chr12	133099214	133124214	12
chr17	58328239	58353239	8
chr5	93578494	93603494	14
chr4	173515049	173540049	14
chr19	58242034	58267034	12
chr21	10376656	10401656	12
chr17	78112519	78137519	8
chr10	11168637	11193637	8
chr13	78585665	78610665	14
chr1	197901670	197926670	14
chr9	123997121	124022121	14
chr19	57530032	57555032	12
chr16	34147533	34172533	14
chr20	49263863	49288863	8
chr19	1251601	1276601	8
chr20	53570461	53595461	2
chr1	24907909	24932909	2
chr10	101120643	101145643	4
chr19	51880347	51905347	2
chr11	64855928	64880928	2
chr2	196147676	196172676	2
chr14	22541857	22572500	8
