chr4	112515244	112515444	11	10.6356	1	(11,11)	11.3123	1	23.5791	0
chr9	113056720	113056920	10	6.86539	1	(8,10)	7.20926	1	23.2436	0
chr17	43322832	43323032	11	8.10607	-1	(8,11)	7.76502	-1	22.8715	0
chr6	137044463	137044663	10	7.76792	-1	(10,10)	9.14684	-1	22.6324	0
chr4	121072245	121072445	10	12.998	-1	(10,10)	12.2516	-1	22.6224	0
chr7	150520112	150520312	3	9.30801	-1	(3,3)	12.0475	-1	22.5089	0
chr2	132269427	132269627	11	7.05109	-1	(11,11)	9.46322	-1	22.3083	7.09112e-08
chr4	173509049	173509249	11	10.785	-1	(11,11)	10.1072	-1	22.2548	1.41822e-07
chr9	95511118	95511318	10	11.2324	1	(10,10)	8.95307	1	22.0958	2.12734e-07
chr4	173500849	173501049	11	9.96588	1	(11,11)	11.2518	1	22.0958	2.12734e-07
chr11	44305850	44306050	11	9.11939	1	(11,11)	11.0785	1	22.0424	2.12734e-07
chr2	132271227	132271427	12	8.40338	-1	(8,13)	5.79983	1	22.0123	2.12734e-07
chr9	113056920	113057120	1	6.84848	-1	(1,1)	4.60894	-1	21.9499	2.12734e-07
chr20	36092878	36093078	11	9.90887	1	(11,11)	11.2518	1	21.9358	2.12734e-07
chr2	196162876	196163076	3	11.149	-1	(3,3)	12.2756	-1	21.8424	2.12734e-07
chr15	81303659	81303859	3	11.149	-1	(3,3)	12.2756	-1	21.8424	2.12734e-07
chr14	70254883	70255083	10	6.90163	-1	(10,10)	6.37146	-1	21.6583	2.12734e-07
chr8	71843165	71843365	11	9.83574	1	(11,11)	8.51644	1	21.5269	2.83645e-07
chr22	31289014	31289214	3	11.2086	-1	(3,3)	12.2756	-1	21.5178	2.83645e-07
chr5	134116709	134116909	3	10.8447	-1	(3,3)	12.2756	-1	21.4818	2.83645e-07
chr4	79353246	79353446	11	8.05918	-1	(8,11)	6.08466	-1	21.3959	2.83645e-07
chr7	5421769	5421969	11	8.2007	-1	(11,11)	11.3701	-1	21.3937	2.83645e-07
chr5	170292796	170292996	3	9.98001	-1	(3,3)	12.0475	-1	21.3892	2.83645e-07
chr3	58585273	58585473	11	9.83574	1	(11,11)	8.51644	1	21.2741	2.83645e-07
chr14	94078254	94078454	3	11.1647	-1	(3,3)	12.2756	-1	21.2436	2.83645e-07
chr6	30453623	30453823	11	10.7579	-1	(11,11)	10.1072	-1	21.2385	3.54556e-07
chr2	172095672	172095872	11	8.71784	-1	(12,12)	7.89349	1	21.2031	3.54556e-07
chr6	29725623	29725823	3	9.9776	-1	(3,3)	12.0475	-1	21.1285	4.25467e-07
chr5	177432599	177432799	3	9.81907	-1	(3,3)	10.3313	-1	21.1268	4.25467e-07
chr1	226735699	226735899	3	9.81907	-1	(3,3)	10.3313	-1	21.1268	4.25467e-07
chr2	132269627	132269827	12	6.79061	-1	(12,12)	3.84783	-1	21.1222	4.25467e-07
chr6	108118196	108118396	11	7.33625	1	(11,11)	8.28266	1	21.1021	4.25467e-07
chr19	35575498	35575698	11	11.1008	-1	(11,11)	10.1072	-1	21.0934	4.25467e-07
chr15	60592601	60592801	10	9.23479	1	(1,1)	8.25086	-1	21.0851	4.25467e-07
chr7	142801316	142801516	3	11.166	-1	(3,3)	12.2756	-1	21.0614	4.25467e-07
chr20	35738878	35739078	3	9.9447	-1	(6,6)	9.73477	1	21.0571	4.25467e-07
chr16	30187479	30187679	3	8.67932	-1	(3,3)	10.1032	-1	21.0125	4.96379e-07
chr11	61581328	61581528	10	6.21777	1	(10,12)	7.47466	1	20.8651	4.96379e-07
chr17	74860077	74860277	11	9.64583	-1	(11,11)	8.37742	-1	20.8201	4.96379e-07
chr7	27165181	27165381	12	7.05242	-1	(12,12)	7.53299	-1	20.8051	4.96379e-07
chr9	113056320	113056520	11	5.36452	1	(8,11)	5.18134	1	20.7783	5.6729e-07
chr4	53506	53706	10	4.71063	-1	(8,8)	4.3867	1	20.7663	5.6729e-07
chr6	125746854	125747054	10	8.21721	-1	(11,11)	7.5463	1	20.7388	5.6729e-07
chr15	44715802	44716002	3	9.98469	-1	(3,3)	12.0475	-1	20.7318	5.6729e-07
chr11	73978555	73978755	3	9.98469	-1	(3,3)	12.0475	-1	20.7318	5.6729e-07
chr2	144514833	144515033	3	7.38468	1	(3,3)	7.28858	1	20.6993	6.38201e-07
chr6	36598823	36599023	3	8.63202	-1	(3,3)	11.4592	-1	20.6566	6.38201e-07
chr6	32842423	32842623	3	8.63202	-1	(3,3)	11.4592	-1	20.6566	6.38201e-07
chr11	66641129	66641329	3	8.63202	-1	(3,3)	11.4592	-1	20.6566	6.38201e-07
chr16	3171799	3171999	12	10.171	1	(12,12)	10.7717	1	20.5913	6.38201e-07
chr9	95510918	95511118	1	7.7148	-1	(1,1)	6.96836	-1	20.5842	6.38201e-07
chr21	41768240	41768440	11	7.70456	-1	(11,11)	8.2068	-1	20.5301	7.80023e-07
chr4	109302644	109302844	10	7.98627	-1	(10,10)	5.21328	-1	20.4882	7.80023e-07
chr13	42049064	42049264	10	7.40293	1	(1,1)	8.25086	-1	20.4862	7.80023e-07
chrX	137032041	137032241	10	7.96501	-1	(10,10)	5.21328	-1	20.4606	7.80023e-07
chr6	29945823	29946023	3	11.0143	-1	(3,3)	10.3313	-1	20.4578	7.80023e-07
chr19	49423143	49423343	12	7.94204	1	(12,12)	10.3008	1	20.4569	7.80023e-07
chr6	44002663	44002863	10	9.13173	-1	(10,10)	6.67579	-1	20.4367	7.80023e-07
chr17	43304451	43304651	11	7.33933	-1	(8,11)	8.3318	-1	20.4341	7.80023e-07
chr13	111067653	111067853	11	8.9941	1	(11,11)	8.51644	1	20.433	7.80023e-07
chr4	165379048	165379248	10	7.29447	1	(10,10)	7.70802	1	20.4272	8.50935e-07
chr1	223364258	223364458	1	6.04081	-1	(7,10)	3.94821	1	20.4267	8.50935e-07
chr14	64540882	64541082	11	10.7115	1	(11,11)	11.3123	1	20.3892	8.50935e-07
chr16	28987279	28987479	3	10.9456	-1	(3,3)	10.3313	-1	20.3503	9.21846e-07
chr13	21673061	21673261	12	9.42592	1	(12,12)	10.7216	1	20.3332	9.92757e-07
chr4	122827445	122827645	11	7.61117	1	(11,11)	10.3421	1	20.2696	9.92757e-07
chr2	132267627	132267827	11	5.83831	-1	(11,11)	8.65261	-1	20.2456	1.06367e-06
chr10	100829243	100829443	11	7.93249	-1	(11,11)	8.2068	-1	20.2255	1.13458e-06
chr11	6258970	6259170	11	9.70684	-1	(11,11)	8.37742	-1	20.2254	1.13458e-06
chr3	192917811	192918011	1	5.02428	-1	(1,10)	5.30624	-1	20.2195	1.13458e-06
chr3	192916611	192916811	11	6.78631	1	(11,11)	6.08471	1	20.2165	1.13458e-06
chr20	31547597	31547797	3	9.30683	1	(3,3)	9.88302	1	20.1762	1.13458e-06
chr6	10412367	10412567	10	7.39814	1	(10,10)	9.39861	1	20.1525	1.13458e-06
chr19	12195585	12195785	2	5.21122	1	(2,8)	5.95047	1	20.1237	1.13458e-06
chr4	121950445	121950645	11	8.48082	1	(11,11)	10.7788	1	20.1157	1.13458e-06
chr7	96075688	96075888	10	8.04328	-1	(10,10)	5.21328	-1	20.113	1.13458e-06
chr19	7450714	7450914	3	6.36158	-1	(8,8)	8.23617	1	20.1022	1.13458e-06
chr2	42495060	42495260	10	8.47133	1	(10,10)	6.19279	1	20.0907	1.13458e-06
chr7	5418769	5418969	12	6.18128	-1	(12,12)	8.69421	-1	20.0764	1.13458e-06
chr15	37099599	37099799	12	7.78193	1	(12,12)	5.82986	1	20.0743	1.13458e-06
chr11	31817452	31817652	12	8.01188	1	(12,12)	10.3008	1	20.0741	1.13458e-06
chr10	8052437	8052637	12	8.06987	1	(12,12)	10.3008	1	20.0496	1.13458e-06
chr15	96357171	96357371	11	8.16698	1	(11,11)	8.45593	1	20.0246	1.13458e-06
chr2	156321888	156322088	12	7.70005	1	(12,12)	5.82986	1	20.0241	1.13458e-06
chr5	78647377	78647577	11	7.43181	1	(11,11)	8.28266	1	20.0217	1.13458e-06
chr11	43579450	43579650	10	7.98627	-1	(10,10)	5.21328	-1	20.0172	1.13458e-06
chr9	62801376	62801576	11	7.4556	1	(11,11)	8.28266	1	20.0094	1.13458e-06
chr9	95004118	95004318	11	9.58856	-1	(11,11)	8.37742	-1	19.9974	1.13458e-06
chr14	52950682	52950882	10	5.83747	-1	(11,11)	4.12667	1	19.993	1.13458e-06
chr19	57934832	57935032	2	4.93945	1	(2,8)	8.16454	1	19.9836	1.13458e-06
chr2	175004672	175004872	12	7.55029	1	(12,12)	8.04588	1	19.9652	1.13458e-06
chr7	127253746	127253946	11	5.86054	1	(1,10)	5.60404	-1	19.9623	1.13458e-06
chr4	143336847	143337047	10	7.91654	-1	(1,1)	8.70323	1	19.9565	1.20549e-06
chr17	43388832	43389032	11	6.57063	-1	(11,11)	6.17826	-1	19.94	1.41822e-06
chr4	152937248	152937448	11	5.95349	1	(11,11)	5.91144	1	19.9309	1.48914e-06
chr19	7916915	7917115	11	7.59966	-1	(12,12)	5.77979	1	19.9183	1.48914e-06
chr6	122789255	122789455	1	4.35592	1	(1,11)	3.9749	1	19.9147	1.48914e-06
chr6	30463623	30463823	12	8.50837	1	(12,12)	8.09595	1	19.9084	1.48914e-06
chr1	20717907	20718107	12	5.5875	1	(10,12)	7.19419	1	19.9028	1.48914e-06
chr6	31269223	31269423	3	9.96243	-1	(3,3)	12.0475	-1	19.8661	1.48914e-06
