chr1	94873200	94893600	1
chr11	10942400	10963400	1
chr13	76042600	76067200	1
chr13	80905400	80926400	1
chr14	67697400	67717800	1
chr8	61580800	61601000	1
chr15	71173000	71195400	1
chr7	112748800	112769000	1
chr7	11003200	11023400	1
chr16	22207400	22227600	1
chr3	193841800	193863000	1
chr2	131138800	131160200	1
chr2	65653000	65674000	1
chr19	8579400	8602800	1
chr11	71813200	71833400	1
chr4	103930400	103950800	1
chr12	57843400	57864200	1
chr1	165589600	165610400	1
chr12	26257000	26277600	1
chr1	27683000	27703200	1
chrX	43504400	43526800	1
chr5	157148000	157168800	1
chr16	22191600	22212800	1
chr17	38965400	38985800	1
chr7	112022000	112042200	1
chr15	45479800	45500800	1
chr9	32374200	32394800	1
chr9	98069200	98089400	1
chr15	78789600	78810200	1
chr17	53305600	53326200	1
chr1	165557200	165577800	1
chr19	12542000	12562600	1
chr14	73382800	73403000	1
chr11	59294200	59315200	1
chr3	13483200	13503600	1
chr6	116927200	116948000	1
chr6	144527800	144548000	1
chr17	43119400	43139600	1
chr1	93240200	93261000	1
chr4	128693000	128714200	1
chr12	120729800	120751000	1
chr7	100199000	100219600	1
chr10	22508200	22529800	1
chr11	86654200	86677400	1
chr17	1161800	1182000	1
chrX	54823800	54844800	1
chr14	70816600	70837600	1
chr6	31859200	31879600	1
chr6	72115400	72142200	1
chr3	52921600	52941800	1
chr6	27709800	27731000	1
chr6	156997600	157018400	1
chr8	133677600	133698000	1
chr10	52489400	52510800	1
chr8	96272200	96292400	1
chr3	105075200	105095800	1
chr2	204390200	204410600	1
chr3	140650400	140670600	1
chr7	24602600	24622800	1
chr16	31461200	31481400	1
chr12	42862000	42891200	1
chr1	149849800	149870400	1
chr2	44385000	44405400	1
chr3	49884000	49904200	1
chr15	41513200	41533400	1
chr10	77151000	77176600	1
chr12	110308400	110328600	1
chr1	95572600	95593600	1
chr12	56717400	56737800	1
chr19	40922000	40942200	1
chr11	74689600	74709800	1
chr13	80045200	80065600	1
chr8	86147800	86168200	1
chr2	170540800	170561000	1
chr2	110359000	110387600	1
chr2	8809200	8830000	1
chr6	27476600	27497600	1
chr15	45561000	45581400	1
chr15	34321400	34341600	1
chr17	8189000	8209800	1
chr3	138624200	138645000	1
chr2	239133000	239153200	1
chr7	22112600	22133200	1
chr4	52698800	52719000	1
chr4	7034200	7055000	1
chr10	88953000	88974600	1
chr19	57864400	57884800	1
chr4	185645400	185665600	1
chr9	35819400	35839600	1
chr2	183932800	183954000	1
chr9	84294800	84315200	1
chr16	5138600	5159200	1
chr6	41737800	41758600	1
chr6	100006600	100027200	1
chr5	180219800	180240000	1
chr4	139994200	140014400	1
chr1	172491200	172511400	1
chrX	154986400	155008600	1
chr15	73335200	73359200	1
chr16	75256400	75299600	4
