chr15	65597000	65597200	18	9.49218	1	(18,18)	9.02118	1	23.1897	0
chr1	202821200	202821400	19	9.00313	-1	(11,22)	10.0489	1	22.6502	0
chr19	9761200	9761400	10	6.01612	1	(6,20)	6.481	-1	22.2585	0
chr19	1855400	1855600	9	7.70764	-1	(10,22)	8.25894	1	22.154	0
chr1	176126600	176126800	10	6.23498	1	(10,20)	5.04251	1	22.0818	0
chr14	75748600	75748800	11	6.21994	1	(11,19)	9.73264	1	22.0645	0
chr16	89976800	89977000	18	10.4693	1	(18,18)	9.12103	1	21.9421	6.58695e-08
chr19	52391800	52392000	22	5.01305	-1	(20,22)	3.51976	-1	21.9312	6.58695e-08
chr6	170055400	170055600	2	6.11555	-1	(13,20)	6.58999	1	21.8808	6.58695e-08
chr9	130856400	130856600	13	9.74841	-1	(13,13)	9.14785	-1	21.8241	6.58695e-08
chrX	115004600	115004800	11	8.29095	1	(3,11)	7.50279	1	21.82	6.58695e-08
chr2	37434400	37434600	10	8.2266	1	(10,20)	9.94055	1	21.7998	6.58695e-08
chr2	133034400	133034600	21	4.76521	-1	(21,23)	4.59277	-1	21.6429	6.58695e-08
chr18	77693800	77694000	19	4.4905	1	(5,19)	4.99015	1	21.6222	6.58695e-08
chr18	77906200	77906400	11	7.02383	1	(11,22)	7.35878	1	21.5963	6.58695e-08
chr1	213073400	213073600	11	8.81174	1	(20,20)	8.60577	-1	21.5658	6.58695e-08
chr6	86302400	86302600	4	10.2761	-1	(4,4)	10.2036	-1	21.457	6.58695e-08
chr9	94860400	94860600	18	7.95299	1	(10,18)	5.32471	1	21.2988	6.58695e-08
chr1	26602600	26602800	11	9.47814	1	(13,13)	8.93243	-1	21.2871	6.58695e-08
chrX	130863000	130863200	1	7.72865	-1	(1,1)	6.43065	-1	21.2767	6.58695e-08
chrX	130881000	130881200	11	9.88477	1	(11,11)	7.83566	1	21.2213	1.31739e-07
chr19	8590400	8590600	22	10.0659	1	(22,22)	10.0659	1	21.2172	1.31739e-07
chr19	10691800	10692000	11	6.54987	1	(16,16)	4.8953	-1	21.1302	1.31739e-07
chr16	69142000	69142200	9	9.28098	1	(9,9)	7.77445	1	21.1246	1.31739e-07
chr5	133967600	133967800	4	8.22257	-1	(4,4)	6.59403	-1	21.1229	1.31739e-07
chr19	57051400	57051600	22	5.73167	1	(21,22)	6.66399	1	21.0903	1.31739e-07
chr12	81171800	81172000	11	6.83069	1	(11,22)	7.35878	1	21.0568	1.31739e-07
chr9	130659800	130660000	14	6.28535	1	(4,14)	8.44496	1	21.034	1.97609e-07
chr17	7483000	7483200	9	9.18989	-1	(9,9)	8.93205	-1	21.0176	1.97609e-07
chr1	23690200	23690400	24	6.77801	1	(20,24)	10.0667	1	21.0019	1.97609e-07
chr18	20818000	20818200	11	7.49881	1	(11,14)	8.29966	1	20.994	1.97609e-07
chr17	7755600	7755800	23	7.65926	1	(11,23)	10.5518	1	20.9932	1.97609e-07
chr11	75417400	75417600	16	8.06976	-1	(19,23)	8.55249	1	20.9822	1.97609e-07
chr17	36833400	36833600	16	8.18079	-1	(19,23)	8.55249	1	20.9595	1.97609e-07
chr7	104585200	104585400	18	12.0351	1	(18,18)	12.5615	1	20.9559	1.97609e-07
chr12	38536600	38536800	19	6.56654	-1	(21,23)	9.98098	1	20.9549	1.97609e-07
chr17	17727000	17727200	22	9.23874	1	(22,22)	10.031	1	20.95	1.97609e-07
chr2	120550600	120550800	18	6.52161	1	(18,22)	6.52446	1	20.9469	1.97609e-07
chr10	104159800	104160000	23	5.23964	1	(11,23)	8.30344	1	20.9291	1.97609e-07
chr7	4785600	4785800	23	7.64114	1	(18,23)	4.10671	1	20.9151	1.97609e-07
chr12	122028000	122028200	18	7.79803	1	(18,22)	5.3431	1	20.9092	1.97609e-07
chr4	26408200	26408400	11	7.19908	1	(20,20)	9.22384	-1	20.9033	1.97609e-07
chr17	45214600	45214800	20	5.36373	1	(19,21)	3.19914	-1	20.8937	1.97609e-07
chr9	91033400	91033600	10	7.30838	1	(10,20)	6.41812	1	20.8679	1.97609e-07
chr2	220113800	220114000	9	6.71663	-1	(9,13)	4.42375	-1	20.7959	1.97609e-07
chrX	133305600	133305800	9	7.592	1	(1,9)	6.60152	1	20.7925	1.97609e-07
chr8	43095800	43096000	19	6.19588	-1	(20,22)	4.79608	1	20.7837	1.97609e-07
chr19	3404800	3405000	18	6.15409	1	(5,18)	4.34319	1	20.7761	1.97609e-07
chr1	46215400	46215600	22	8.55712	1	(22,22)	7.23812	1	20.7696	1.97609e-07
chr2	139294600	139294800	20	7.33664	1	(10,20)	9.94055	1	20.7642	1.97609e-07
chr15	65281000	65281200	4	8.80588	-1	(4,4)	8.09239	-1	20.7534	1.97609e-07
chr3	49067200	49067400	11	8.4089	1	(11,11)	5.33685	1	20.7459	2.63478e-07
chr15	86211600	86211800	18	8.6136	1	(13,13)	7.11867	-1	20.7456	2.63478e-07
chr11	35685800	35686000	20	6.45446	1	(4,4)	8.9555	-1	20.7374	2.63478e-07
chr8	103820400	103820600	15	5.862	1	(15,23)	8.87893	1	20.6921	3.29348e-07
chr11	65265000	65265200	22	5.92977	1	(22,22)	4.48843	1	20.6706	3.29348e-07
chr14	69255600	69255800	9	9.38407	-1	(9,9)	9.34276	-1	20.6477	3.29348e-07
chr8	43095200	43095400	19	6.21377	-1	(19,21)	4.27055	-1	20.6378	3.29348e-07
chr4	80274000	80274200	19	5.55468	-1	(19,21)	5.03949	-1	20.637	3.29348e-07
chr19	35226400	35226600	4	7.22922	-1	(16,22)	4.7713	1	20.6201	3.95217e-07
chr4	78980800	78981000	1	5.65339	1	(1,4)	7.87572	1	20.6176	3.95217e-07
chr1	23690400	23690600	20	6.12106	-1	(20,20)	9.64875	-1	20.6119	3.95217e-07
chr19	20842000	20842200	4	7.50677	1	(4,20)	6.15359	1	20.6114	3.95217e-07
chr19	2273800	2274000	9	8.67863	-1	(9,9)	8.33492	-1	20.6028	3.95217e-07
chr2	133024400	133024600	22	7.72801	1	(22,22)	4.91004	1	20.5743	3.95217e-07
chr5	140480200	140480400	22	7.27717	1	(22,22)	7.0701	1	20.5696	3.95217e-07
chr3	50366200	50366400	4	5.19806	-1	(4,13)	3.44731	-1	20.5687	3.95217e-07
chr6	43142400	43142600	22	4.33792	1	(9,13)	5.10438	-1	20.5657	3.95217e-07
chrX	130875400	130875600	20	7.43714	1	(1,22)	4.96041	-1	20.551	3.95217e-07
chr9	2159400	2159600	18	4.66209	1	(13,18)	3.88987	1	20.5382	3.95217e-07
chr9	130616200	130616400	12	5.86453	1	(3,3)	7.80479	-1	20.5368	4.61087e-07
chr17	47109600	47109800	18	8.00334	1	(11,18)	8.29524	1	20.5168	5.26956e-07
chr15	65023400	65023600	11	10.4194	1	(11,11)	10.8614	1	20.5168	5.26956e-07
chr12	48206800	48207000	1	7.37488	1	(3,9)	4.55389	-1	20.5116	5.26956e-07
chr16	29740400	29740600	11	9.86738	1	(11,11)	7.83566	1	20.4845	5.26956e-07
chr14	77428200	77428400	2	7.32368	-1	(2,2)	6.25866	-1	20.4718	5.26956e-07
chr1	26605400	26605600	13	8.06916	-1	(13,13)	6.20721	-1	20.4587	5.26956e-07
chr6	167364800	167365000	20	5.75883	1	(11,20)	6.94979	1	20.4472	5.26956e-07
chr9	136009600	136009800	9	8.78743	-1	(9,9)	8.33492	-1	20.4443	5.26956e-07
chr16	90062600	90062800	20	6.83675	1	(11,20)	8.51283	1	20.4328	5.26956e-07
chr19	53063000	53063200	20	9.63522	-1	(20,20)	9.57921	-1	20.4194	5.26956e-07
chr11	62390200	62390400	18	10.6931	1	(18,18)	12.2304	1	20.4031	5.26956e-07
chr19	6198800	6199000	4	10.2698	-1	(4,4)	10.2036	-1	20.4018	5.26956e-07
chr1	150583800	150584000	11	9.47814	1	(11,11)	7.83566	1	20.3902	5.92826e-07
chr19	41312800	41313000	9	6.54964	-1	(10,18)	8.30045	1	20.3888	5.92826e-07
chr9	708400	708600	3	5.90273	-1	(3,3)	3.84987	-1	20.3831	5.92826e-07
chr11	61730400	61730600	19	5.19662	1	(11,19)	9.29642	1	20.3752	5.92826e-07
chr1	155232600	155232800	11	9.8928	1	(11,11)	10.8195	1	20.3434	5.92826e-07
chr22	43549000	43549200	4	8.31292	-1	(4,4)	9.11461	-1	20.3343	5.92826e-07
chr10	104182800	104183000	9	6.51422	-1	(9,9)	4.63655	-1	20.3268	5.92826e-07
chr11	62366800	62367000	9	8.01936	-1	(9,9)	7.38985	-1	20.3216	5.92826e-07
chrX	23803200	23803400	9	7.93792	-1	(9,9)	7.02925	-1	20.3186	5.92826e-07
chr11	28161000	28161200	11	6.25583	1	(11,20)	6.94979	1	20.3156	5.92826e-07
chr19	39888400	39888600	11	5.73064	1	(11,15)	5.8175	1	20.3069	5.92826e-07
chr1	223908800	223909000	6	6.43032	1	(6,24)	9.68181	1	20.3068	5.92826e-07
chr14	42069800	42070000	19	8.51587	-1	(19,19)	8.34808	-1	20.3002	5.92826e-07
chr2	242294200	242294400	11	8.01847	-1	(11,11)	6.37326	-1	20.2885	5.92826e-07
chr8	43093800	43094000	22	7.55345	1	(19,19)	5.42126	-1	20.2774	5.92826e-07
chr2	70298400	70298600	18	10.1688	1	(18,18)	12.0194	1	20.2727	5.92826e-07
chr17	4884200	4884400	16	7.53801	1	(11,11)	7.28825	-1	20.2654	5.92826e-07
