chr15	25293200	25343200	20
chr19	58740400	58790400	4
chr19	23523400	23573400	20
chr14	99691800	99741800	23
chr12	133656200	133706200	4
chr19	37031200	37081200	4
chr4	418600	468600	4
chr19	37903400	37953400	20
chr19	52462200	52512200	4
chr19	52776600	52826600	1
chr4	331200	381200	22
chr19	58677000	58727000	4
chr19	37350400	37400400	20
chr19	37280200	37330200	22
chr19	37102200	37152200	20
chr19	58041200	58091200	4
chr19	53042400	53092400	1
chr19	52867800	52917800	4
chr19	37196400	37246400	20
chr19	52359000	52409000	4
chr19	58475000	58525000	4
chr14	22974800	23024800	13
chr12	133610000	133660000	22
chr19	52589000	52639000	4
chr5	179670200	179720200	22
chr19	57044600	57094600	4
chr19	57049400	57099400	4
chr19	56884800	56934800	22
chr19	38029600	38079600	22
chr19	52354800	52404800	22
chr19	37615000	37665000	16
chr19	52855400	52905400	4
chr19	38021800	38071800	22
chr16	3414400	3464400	1
chr19	37219200	37269200	4
chr4	402200	452200	20
chr19	58606400	58656400	22
chr4	339400	389400	22
chr5	131787400	131837400	13
chr16	31884200	31934200	20
chr17	75419600	75469600	3
chr19	57105800	57155800	4
chr1	226820000	226870000	13
chr12	133720400	133770400	22
chr17	46641800	46691800	1
chr22	36724800	36774800	9
chr7	63781400	63831400	20
chr19	56904200	56954200	22
chr19	52424000	52474000	4
chr19	53945000	53995000	1
chr1	226818800	226868800	13
chr7	63780200	63830200	20
chr19	9433600	9483600	1
chr19	57112000	57162000	20
chr19	37881800	37931800	20
chr19	38092000	38142000	20
chr19	37400600	37450600	1
chr19	36816400	36866400	20
chr19	58465800	58515800	4
chr2	68989200	69039200	4
chr10	73486600	73536600	18
chr5	169680800	169730800	18
chr16	31736600	31786600	20
chr1	198605600	198655600	13
chr11	128561800	128611800	16
chr12	9799600	9849600	20
chr19	58257400	58307400	4
chr19	19895600	19945600	1
chr2	68988200	69038200	4
chr17	38462600	38512600	11
chr10	11202800	11252800	14
chr4	123000	173000	4
chr5	133435000	133485000	23
chr19	58668400	58718400	4
chr7	63974800	64024800	11
chr6	24904200	24954200	11
chr7	27201400	27251400	22
chr1	227798200	227848200	20
chr15	96863400	96913400	22
chr19	53700200	53750200	4
chr1	12202400	12252400	13
chr5	131780600	131830600	13
chr7	64125400	64175400	10
chr15	31616000	31666000	1
chr9	117110400	117160400	18
chr19	37949800	37999800	4
chr10	11184800	11234800	9
chr9	132614800	132664800	13
chr21	46304200	46354200	13
chr15	93423200	93473200	1
chr19	44955600	45005600	4
chr19	37618000	37668000	16
chr19	36931600	36981600	1
chr19	19976000	20026000	1
chr12	133484200	133534200	1
chr16	31744800	31794800	20
chr10	82213000	82263000	22
chr1	40915200	40965200	16
chr13	99691400	99741400	1
chr19	1055800	1105800	11
