chr15	25293200	25343200	20
chr19	58741000	58791000	1
chr19	52776600	52826600	1
chr19	52459200	52509200	4
chr12	133655400	133705400	22
chr19	23523400	23573400	20
chr19	37031400	37081400	20
chr19	37903400	37953400	20
chr19	58041200	58091200	1
chr4	418600	468600	4
chr19	58675800	58725800	20
chr12	133577400	133627400	22
chr19	52582600	52632600	4
chr19	53042400	53092400	1
chr19	37107000	37157000	20
chr19	37196400	37246400	20
chr5	179670200	179720200	1
chr4	329800	379800	4
chr19	52359000	52409000	4
chr19	58471800	58521800	4
chr19	52867600	52917600	4
chr12	133610200	133660200	22
chr19	37350200	37400200	20
chr12	133720400	133770400	20
chr19	37280200	37330200	1
chr17	75420200	75470200	9
chr19	52354200	52404200	20
chr16	31884400	31934400	20
chr11	128562000	128612000	9
chr19	57044600	57094600	1
chr19	56883800	56933800	1
chr19	19895600	19945600	1
chr19	38022400	38072400	1
chr19	37876000	37926000	20
chr16	3414000	3464000	1
chr19	58607600	58657600	1
chr4	338200	388200	20
chr19	58668000	58718000	20
chr19	57052000	57102000	1
chr10	11204800	11254800	9
chr14	74205400	74255400	9
chr22	36723600	36773600	9
chr19	52422000	52472000	1
chr12	111840600	111890600	1
chr19	37614800	37664800	1
chr17	38463000	38513000	9
chr13	41543800	41593800	4
chr4	402200	452200	20
chr1	198606600	198656600	4
chr19	39137600	39187600	22
chr19	52599800	52649800	1
chr19	38036800	38086800	1
chr12	133731800	133781800	20
chr15	31616600	31666600	1
chr15	31617000	31667000	1
chr19	56904200	56954200	1
chr13	41536400	41586400	4
chr19	37640800	37690800	1
chr19	38097800	38147800	1
chr19	38098400	38148400	1
chr19	58452200	58502200	4
chr11	67008600	67058600	22
chr19	37950400	38000400	1
chr19	52884000	52934000	4
chr19	44955600	45005600	1
chr4	123800	173800	4
chr15	93424800	93474800	1
chr10	82213000	82263000	22
chr12	133484000	133534000	1
chr8	144987400	145037400	9
chr19	58257400	58307400	1
chr22	36713600	36763600	9
chrX	64886800	64936800	1
chr14	91828400	91878400	9
chr19	53941600	53991600	1
chr1	167597000	167647000	9
chr22	36711400	36761400	9
chr3	30644200	30694200	13
chr15	67365200	67415200	9
chr4	2788000	2838000	4
chr7	64125400	64175400	4
chr15	93426000	93476000	9
chr19	44953400	45003400	4
chr2	238595400	238645400	22
chr3	46967400	47017400	4
chr14	93110200	93160200	9
chr2	238595600	238645600	22
chr1	19763600	19813600	1
chr19	53699800	53749800	22
chr10	82218600	82268600	9
chr3	151970800	152020800	3
chr19	57105800	57155800	4
chr19	19976000	20026000	1
chr19	37572400	37622400	20
chr7	63781800	63831800	20
chr17	76729600	76779600	22
chr1	27020200	27070200	3
chr8	27182400	27232400	9
chr19	36986000	37036000	1
chr10	73487000	73537000	9
