chr1	91377200	91397600	14
chr6	119227200	119247600	14
chr10	96791400	96811800	14
chr17	35140800	35161200	14
chr18	20929800	20950400	14
chr12	20541200	20561600	14
chr2	92083000	92103400	14
chr1	121732400	121753600	14
chr7	62498400	62519200	14
chr1	148833800	148855200	14
chr5	55222200	55243600	14
chr1	245144800	245165400	14
chr8	69679800	69700200	14
chr2	132259200	132279600	14
chr2	132249000	132269800	14
chr21	8978000	8998600	14
chr6	58440200	58462800	14
chrX	137428000	137448400	14
chr11	85473800	85494000	14
chr2	132245000	132265400	14
chrX	58524600	58545000	14
chr14	87761200	87781600	14
chr13	27449400	27469800	14
chr19	3973600	3994400	8
chr14	35391000	35413400	8
chr17	41679800	41700200	8
chr2	172085000	172105600	14
chr4	78046800	78067400	14
chr17	44958600	44979000	14
chr20	38721000	38741400	14
chr7	130724400	130744800	14
chr20	41608400	41628600	2
chr1	11049800	11070000	2
chr11	565800	586200	2
chr8	144084800	144105000	2
chr17	82012800	82033200	2
chr12	53985400	54006400	14
chr6	5986200	6007600	14
chr2	92098400	92118800	14
chr6	107478600	107499400	14
chr5	71840600	71861000	14
chr2	132257800	132278200	14
chr2	92107400	92127800	14
chr17	47146800	47167200	14
chr16	34140400	34160800	14
chr2	229170600	229191000	14
chr10	41695000	41715400	14
chr6	32964600	32985200	8
chr17	7564200	7584400	8
chr9	63806800	63828600	14
chr7	5517600	5539000	8
chr3	123018000	123038400	14
chr11	65494200	65515800	8
chr5	132476400	132498800	8
chr5	181231800	181252400	8
chr10	3770400	3791400	8
chr19	18268400	18289200	8
chr19	1065800	1086400	8
chr2	231701600	231722600	8
chr19	49479200	49499800	8
chr15	28085600	28106600	14
chr14	60712000	60732400	14
chr17	44819200	44839600	14
chr5	50953000	50973600	14
chr2	172091800	172113200	14
chr2	176086600	176107600	14
chr1	29226600	29247400	14
chr10	90847200	90867400	14
chr9	38059200	38079400	2
chr4	87997400	88017800	2
chr4	112505600	112525800	14
chr7	116515000	116535800	14
chr5	55163400	55183600	14
chr6	149953600	149974600	14
chr2	215425600	215446000	14
chr10	70372600	70392800	2
chr7	6262400	6282600	2
chr3	132712400	132732800	2
chr10	73863600	73884000	2
chr17	31848800	31869200	2
chr14	103705400	103725800	2
chr20	58299400	58319600	2
chr17	40052600	40072800	2
chr7	152453600	152473800	2
chr17	81213000	81233400	2
chr1	230858400	230878800	2
chr2	237681800	237702000	2
chr2	129867600	129887800	2
chr1	228637200	228658200	14
chr15	76050000	76070200	14
chr14	69758400	69778800	8
chrX	62488000	62508400	14
chr8	43966200	43986600	14
chr16	46373000	46393400	14
chr18	98800	119400	14
chr19	35565400	35585800	14
chr19	27230800	27251400	14
chr6	58437400	58457600	14
chr18	52782600	52803000	14
chr20	4991000	5011400	2
