chr15	25046253	25096253	8
chr10	41839408	42105752	8
chr21	10688256	10738256	8
chr19	58164833	58215034	8
chr19	58229634	58279634	3
chr12	133040414	133090414	1
chr10	38811469	38861469	8
chr2	89787797	89844190	8
chr10	38485472	38581469	8
chr2	176073672	176123672	11
chr12	133097014	133147014	8
chr10	100708043	100758043	11
chr4	424411	474411	1
chr19	57960232	58010232	1
chr19	58154233	58204233	8
chr19	57529432	57579432	8
chr17	48597838	48647838	11
chr19	36710098	36760098	8
chr19	36513298	36563298	1
chr17	48708438	48758438	11
chr12	53925416	53975416	11
chr3	75704049	75754049	8
chr4	406011	456011	8
chr20	30398924	31246997	8
chr19	58096433	58146433	8
chr12	133181214	133231214	8
chr21	10364856	10414856	8
chr7	27163781	27213781	11
chr16	34129733	34179733	11
chr4	49104583	49154583	8
chr8	11675491	11725491	11
chr4	41999	95313	8
chr19	44447412	44501348	8
chr10	101113443	101163443	11
chr12	133147214	133197214	8
chr19	51992147	52042147	1
chr16	34135933	34185933	11
chr19	51855147	51905147	8
chr13	99949546	99999546	11
chr19	56536431	56586632	1
chr19	44451012	44504948	8
chr3	147364413	147414413	11
chr10	117126089	117176089	11
chr12	132907214	132957214	8
chr2	218956278	219006278	11
chr19	1733201	1783201	12
chr17	7213881	7263881	1
chr19	37531498	37581699	8
chr21	10715856	10765856	8
chr9	123993721	124043721	11
chr11	31793652	31844054	10
chr12	132997814	133047814	8
chr3	75722649	75772649	8
chr6	10378967	10428967	10
chr19	52287347	52337347	1
chr19	1237001	1287001	3
chr4	49113583	49163583	8
chr19	37123098	37173098	1
chr7	1217964	1267964	12
chr19	1237201	1287201	3
chr19	36617698	36667698	1
chr16	36043229	46422688	8
chr15	89361369	89411369	11
chr6	99582924	99632924	10
chr7	155435105	155485105	11
chr12	53975616	54025616	10
chr10	101205243	101255243	11
chr7	6657569	6707569	8
chr22	36294354	36344555	6
chr17	79795801	79845801	11
chr9	35700403	35750403	1
chr15	96320771	96370771	1
chr19	51849747	51899747	8
chr19	1230201	1280201	3
chr19	36849498	36899498	1
chr11	44297050	44347050	11
chr16	3277200	3327200	2
chr4	8852474	8902474	13
chr4	336411	386411	1
chr7	96983288	97033288	11
chr19	9336924	9386924	8
chr10	123117484	123167484	11
chr20	49241463	49291463	3
chr6	31619623	31669623	1
chr19	41261495	41311495	1
chr2	44915661	44965661	11
chr19	37383898	37433898	8
chr9	36997203	37047203	11
chr19	57936632	57986632	8
chr2	176128672	176178672	10
chr9	126606321	126656321	11
chr22	36299354	36349555	6
chr19	56546031	56596232	2
chr4	10068176	10118176	3
chr5	180243600	180293600	1
chr2	132238427	132288427	11
chr17	28679382	28729382	3
chr19	37385298	37435298	8
chr21	10628656	10678656	8
chr19	9522924	9572924	8
