chr19	58695800	58696200	20
chr19	58126800	58127600	20
chr19	58194800	58195800	4
chr7	137566800	137567200	20
chr19	58515200	58516200	4
chr5	140697800	140699200	20
chr19	58088800	58089000	20
chr5	140772200	140772600	20
chr14	50066400	50066600	1
chr19	57986800	57988000	20
chr5	172192400	172192600	13
chr19	58741400	58741600	4
chr7	5563600	5565600	11
chr19	52899800	52900200	4
chr7	64459000	64460000	20
chr5	140810000	140811400	23
chr22	46931000	46931800	24
chr5	140798600	140799800	20
chr17	8090800	8091000	13
chr9	130285600	130286200	20
chr1	27902200	27902400	1
chr14	103454200	103454400	20
chr16	3356400	3356800	20
chr19	58512000	58512600	4
chr17	8090200	8090600	1
chr17	8129800	8130400	13
chr12	124426400	124427000	20
chr19	58259800	58260400	4
chr19	9784400	9784600	20
chr19	58096400	58096800	4
chr12	133658400	133658800	20
chr19	57051400	57051600	4
chr19	53088000	53088600	20
chr17	73771000	73771400	11
chr7	6049400	6049600	4
chr19	58693400	58693600	22
chrX	130875200	130876000	1
chrX	53110400	53111000	22
chr2	242627000	242627200	4
chr8	146061400	146062400	20
chr19	18392400	18392800	22
chr20	1206400	1206600	22
chr21	45758600	45758800	22
chr8	146277600	146277800	22
chr8	1711600	1711800	22
chr8	28480000	28480200	22
chr5	1633200	1633800	22
chr7	75071400	75071800	22
chr7	6865000	6865800	22
chr7	64498400	64498600	22
chr8	57124000	57124200	22
chr2	238600600	238600800	22
chr2	112812200	112812600	22
chr2	11295200	11295400	22
chr8	99838000	99838200	22
chr8	181600	182200	22
chr7	102118800	102119200	22
chr7	2671400	2671600	22
chr16	15006000	15006200	22
chr3	132441400	132441600	22
chr3	195361800	195362000	22
chr3	13009200	13009400	22
chr22	51221400	51221600	22
chr22	50946200	50946600	22
chr22	22651600	22651800	22
chr19	7985600	7985800	22
chr19	57683400	57683600	22
chr22	43583200	43583600	22
chrX	148621600	148621800	22
chrX	49047400	49047800	22
chrX	129066200	129066400	22
chr17	43129000	43129400	22
chr14	20774200	20774400	22
chr14	100150400	100150600	22
chr15	28834800	28835200	22
chr15	80444800	80445200	22
chr16	29093200	29093800	22
chr16	18572200	18573200	22
chr1	120836600	120836800	22
chr1	220267200	220267400	22
chr12	74200	74600	22
chr1	120838400	120839200	22
chr1	11333000	11333200	22
chr1	9970400	9970600	22
chr1	147932000	147932200	22
chr1	155715600	155716200	22
chr1	148176000	148176200	22
chr1	206136600	206137400	22
chr1	2136400	2136800	22
chr1	155580000	155580600	22
chr1	160068600	160068800	22
chr1	25593400	25594000	22
chr1	147624400	147624600	22
chr12	26984600	26984800	22
chr17	80709400	80709600	22
chr17	38109200	38109400	22
chr9	41954200	41954400	22
chr9	67340200	67340600	22
chr9	129987200	129987400	22
chr17	56160600	56160800	22
