chr7	138556255	138566255	20
chr9	136662148	136672148	23
chr11	65419529	65429529	9
chr2	89829590	89839590	21
chr11	65498129	65508129	13
chr7	6694169	6704169	6
chr19	58253634	58263634	20
chr12	132944214	132954214	20
chr22	46072320	46082320	9
chr19	58198833	58209034	20
chr19	57615032	57625032	4
chr12	133039214	133049214	20
chr9	136663348	136673348	23
chr12	133081814	133091814	4
chr11	118914691	118924691	9
chr12	132988014	132998014	20
chr19	57746232	57756232	22
chr19	9563924	9573924	20
chr5	172764597	172774597	13
chr8	144838015	144848015	20
chr19	58127433	58137433	20
chr5	178713399	178723399	20
chr19	58236234	58246234	20
chr19	52312147	52322147	20
chr15	25050053	25060053	20
chr15	25060253	25070253	20
chr15	25070453	25080453	20
chr15	25080653	25090653	20
chr16	68550497	68560497	20
chr19	57978632	57988632	20
chr19	51892547	51902547	20
chr19	57771232	57781232	12
chr19	37234698	37244698	20
chr19	7074989	7084989	20
chr19	51964547	51974547	20
chr19	57991432	58001432	4
chr12	133005814	133015814	20
chr19	44490349	44500948	4
chr19	57530232	57540232	20
chr19	11941785	11951785	20
chr16	3283800	3293800	20
chr5	180247200	180257200	20
chr19	52015747	52025747	20
chr19	44476983	44487790	20
chr19	9526924	9536924	20
chr9	136663748	136673748	23
chr12	133182814	133192814	20
chr19	57542632	57552632	20
chr19	36710498	36720498	20
chr19	52033147	52043147	20
chr7	5523169	5533169	11
chr19	9412524	9422524	20
chr19	36546898	36556898	20
chr19	36752298	36762298	20
chr22	30968014	30978014	6
chr19	9293724	9303724	20
chr7	27102981	27112981	23
chr19	8804324	8814324	20
chr10	3774008	3784008	19
chr17	48595038	48605038	23
chr19	52548147	52558147	20
chr19	57681432	57691432	4
chr19	57699432	57709432	4
chr12	133097014	133107014	20
chr1	234598654	234608654	1
chr7	27101381	27111381	23
chr19	39401960	39411960	13
chr19	21808598	21818598	20
chr11	61964128	61974128	13
chr19	52063547	52073547	20
chr19	36818698	36828698	20
chr2	132267627	132277627	21
chr19	52374347	52384347	20
chr19	52950947	52960947	20
chr16	86503994	86513994	4
chr1	156119809	156129809	9
chr19	9376924	9386924	20
chr19	37424298	37434298	20
chr19	14712388	14722388	20
chr1	23553709	23563910	13
chr19	52405147	52415147	20
chr19	20543594	20553594	20
chr19	52115147	52125147	20
chr2	95145655	95155655	20
chr16	3306400	3316400	20
chr12	54019816	54029816	4
chr12	6333634	6343634	9
chr19	57924832	57934832	4
chr9	96758118	96768118	20
chr19	23344598	23354598	20
chr5	178873999	178883999	20
chr19	51992347	52002347	20
chr12	133143814	133153814	20
chr17	48593638	48603638	4
chr19	4057602	4067602	22
chr19	53343147	53353147	20
chr20	47351656	47361656	13
chr11	65490929	65500929	22
chr5	180257400	180267400	20
chr19	56405031	56415031	4
