chr11	3144400	3154400	12
chr11	3188200	3198200	12
chr11	3161600	3171600	6
chr11	102352800	102362800	6
chr7	142566400	142576400	1
chr11	120229200	120239200	3
chr5	142814000	142824000	3
chr11	32284400	32294400	7
chr1	88282400	88292400	14
chr8	94178000	94188000	9
chr11	69117000	69127000	9
chr1	88209800	88219800	8
chr8	23050600	23060600	6
chr4	82503800	82513800	3
chr17	24202800	24212800	3
chr3	96239400	96249400	7
chr8	84699400	84709400	12
chr1	88253000	88263000	12
chr16	23980800	23990800	1
chr3	96239000	96249000	7
chr15	78403000	78413000	6
chr2	127362600	127372600	3
chr13	23741000	23751000	9
chr4	119104400	119114400	5
chr18	11047800	11057800	3
chr12	78904800	78914800	2
chr3	96237600	96247600	7
chr8	70835000	70845000	9
chr9	106883400	106893400	4
chr11	87745200	87755200	7
chr11	69364000	69374000	3
chr4	46390600	46400600	6
chr8	84831600	84841600	6
chr4	126253400	126263400	3
chr7	103806600	103816600	9
chr3	84471600	84481600	4
chr14	70618400	70628400	3
chr12	86884000	86894000	5
chr9	106883800	106893800	4
chr11	84865000	84875000	9
chr18	75365600	75375600	4
chr12	86885400	86895400	5
chr3	100480800	100490800	2
chr11	69364600	69374600	3
chr8	122284200	122294200	6
chr9	95554600	95564600	9
chr8	105818800	105828800	6
chr8	105295200	105305200	7
chr18	32550000	32560000	6
chr5	64802000	64812000	12
chr2	93453800	93463800	4
chr15	82338200	82348200	9
chr11	69410800	69420800	3
chr2	173022000	173032000	6
chr3	89416600	89426600	4
chr17	25078000	25088000	2
chr2	51139000	51149000	5
chr9	64016400	64026400	3
chr4	136172000	136182000	6
chr15	9071600	9081600	6
chr15	103248200	103258200	6
chr12	105031000	105041000	9
chr11	98579600	98589600	6
chr7	17053800	17063800	3
chr11	84820000	84830000	6
chr11	98960000	98970000	12
chr2	26908200	26918200	2
chr9	71156800	71166800	6
chr5	23428200	23438200	2
chr7	70350800	70360800	2
chr10	42268000	42278000	6
chr17	84180000	84190000	9
chr11	78066400	78076400	6
chr9	44333200	44343200	9
chr11	57646200	57656200	2
chr12	25092200	25102200	3
chr13	45507400	45517400	12
chr1	75210200	75220200	2
chr13	23536800	23546800	9
chr9	57757200	57767200	6
chr6	49210200	49220200	9
chr1	75136200	75146200	6
chr10	80672400	80682400	12
chr17	28820400	28830400	6
chr11	3196000	3206000	9
chr5	137286600	137296600	3
chr11	69913000	69923000	6
chr19	5722200	5732200	4
chr19	44292400	44302400	4
chr4	62511000	62521000	6
chr11	32278000	32288000	7
chr2	127361600	127371600	3
chr8	84968000	84978000	6
chr15	73174800	73184800	6
chr18	64482000	64492000	6
chr7	80201400	80211400	6
chr4	154920600	154930600	6
chr9	108077200	108087200	5
chr9	107974600	107984600	6
chr11	69409000	69419000	3
