chr8	26626684	26651684	8
chr1	207803455	207828455	8
chr2	172083472	172108472	14
chr3	134352558	134377558	8
chr10	101214243	101239243	14
chr19	38704360	38729360	8
chr12	53993816	54018816	15
chr4	110611444	110636444	15
chr22	38727595	38752595	8
chr4	173514849	173539849	14
chr14	36502595	36527595	14
chr4	49632983	51794034	14
chr7	97002888	97027888	14
chr2	222286281	222311281	14
chr21	10705456	10730456	12
chr10	38483472	38508472	12
chr15	25049053	25074053	12
chr19	58185633	58210834	12
chr10	38809669	38834669	12
chr21	10651656	10676656	12
chr20	30416924	31239997	12
chr10	38508672	38579669	12
chr8	26576284	26601284	8
chr10	42295152	42320152	12
chr1	90704243	90729243	14
chr10	38783469	38808469	12
chr4	13524576	13549576	14
chr12	114672395	114697395	14
chr1	118983777	119008777	15
chr2	176081872	176106872	15
chr2	89815990	89840990	14
chr7	27131181	27156181	14
chr12	54034816	54059816	14
chr10	100724443	100749443	14
chr2	118833224	118858224	14
chr17	48601238	48626238	15
chr12	114393595	114418595	14
chr10	38835869	38860869	12
chr17	48561038	48586038	14
chr14	60635682	60660682	14
chr10	41841408	41866408	14
chr7	27166981	27191981	14
chr7	155448705	155473705	14
chr16	86491994	86516994	15
chr8	11690091	11715091	15
chr17	48723838	48748838	15
chr7	27093981	27118981	14
chr6	100445524	100470524	15
chr10	101120443	101145443	14
chr2	176116072	176141072	15
chr2	176151272	176176272	15
chr7	62333949	62358949	12
chr14	36645195	36670195	14
chr15	52783003	52808003	14
chr10	8033637	8058637	14
chr11	44302250	44327250	14
chr10	123130684	123155684	14
chr6	10401967	10426967	14
chr7	157000306	157025306	15
chr10	99519243	99544243	15
chr1	43945728	43970728	8
chr16	34074133	34099133	12
chr19	49418743	49443743	14
chr1	18628306	18653306	15
chr13	27955463	27980463	14
chr22	46088520	46113520	8
chr12	133039214	133064214	12
chr21	36689100	36714100	14
chr8	23692687	23717687	15
chr21	10789256	10814256	12
chr17	20996487	21021487	8
chr19	36537898	36562898	12
chr7	27192181	27217181	15
chr19	1744801	1769801	15
chr4	49096183	49121183	14
chr5	51375566	51400566	15
chr22	41508196	41533196	8
chr19	44472183	44499748	4
chr22	46085520	46110520	8
chr9	37019203	37044203	14
chr1	156474208	156499208	8
chr7	20775380	20800581	14
chr19	9329724	9354724	12
chr19	38708760	38733760	8
chr12	133098214	133123214	12
chr7	1225964	1250964	15
chr6	28764023	28789023	16
chr19	58115433	58140433	12
chr2	218979678	219004678	14
chr6	27273021	27298021	16
chr20	22559362	22584362	14
chr16	32518279	32543279	12
chr16	46397288	46422288	14
chr19	37547498	37572498	12
chr12	133135014	133160014	12
chr3	183797812	183822812	8
chr3	75722049	75747049	12
chr1	201483472	201508472	8
chr5	135026710	135051710	14
chr16	19858878	19883878	8
