chr7	27156981	27206981	14
chr1	167629563	167679563	8
chr10	11161237	11211237	1
chr9	114348520	114398520	8
chr2	233058890	233108890	8
chr12	53969616	54019616	14
chr7	50303404	50365502	2
chr11	67254929	67304929	8
chr2	176091272	176141272	14
chr1	198637670	198687871	1
chr17	48577238	48627238	14
chr2	233064690	233114690	8
chr6	10380167	10430167	2
chr17	79796001	79846001	2
chr14	92641055	92691055	8
chr5	93564894	93614894	14
chr5	88650582	88700783	14
chr19	1236801	1286801	14
chr4	173494049	173544049	14
chr19	41295295	41345295	1
chr2	68762468	68812468	1
chr1	155931209	155981209	8
chr7	50314404	50376502	8
chr17	48707438	48757438	15
chr19	1226601	1276601	14
chr10	11178437	11228437	8
chr22	36329155	36379155	8
chr19	41304095	41354095	2
chr15	96318771	96368771	14
chr5	132451908	132501908	1
chr6	30446023	30496023	8
chr13	99953746	100003746	15
chr9	123996121	124046121	14
chr10	71726043	71776043	1
chr19	16107990	16158189	2
chr19	58169833	58220034	1
chr22	37278759	37328759	3
chr5	141382433	141432433	14
chr11	128692305	128742305	1
chr10	38783469	38833469	12
chr10	38483472	38579469	12
chr21	10683056	10733056	12
chr2	144471233	144521233	1
chr2	176141472	176191472	14
chr19	1064401	1114401	10
chr11	31793652	31844054	14
chr6	28764623	28814623	15
chr11	35138453	35188453	1
chr17	38558164	38608747	4
chr1	155926809	155976809	8
chr12	111402596	111452596	2
chr19	41285095	41335095	1
chr2	172072672	172122672	14
chr8	27345883	27395883	3
chr3	147375813	147425813	14
chr8	27324483	27374483	1
chr2	68734668	68784668	8
chr15	25048053	25098053	12
chr22	36321555	36371555	8
chr14	73738697	73788697	2
chr17	79802201	79852201	2
chr12	6921837	6972038	2
chr8	11673691	11723691	15
chr6	33271023	33321023	2
chr7	27207181	27257181	14
chr9	21961201	22011201	14
chr8	140999701	141049701	2
chr5	132443108	132493108	1
chr12	54019816	54069816	14
chr10	100706243	100756243	15
chr7	96985688	97035688	14
chr15	92880370	92930370	1
chr17	77425718	77475718	1
chr11	67233529	67283529	8
chr6	99584124	99634124	14
chr9	127755521	127805521	2
chr19	2040401	2090401	2
chr9	36988403	37038403	14
chr6	108131796	108181796	14
chr6	149919264	149969264	14
chr22	36319555	36369555	8
chr1	40031128	40081128	1
chr3	30611508	30661508	8
chr5	141326233	141376233	14
chr15	31323597	31373597	2
chr10	41839408	42105752	14
chr16	667400	717400	14
chr4	13501176	13551176	14
chr19	2047601	2097601	2
chr3	30602908	30652908	1
chr3	30605508	30655508	3
chr2	222276081	222326081	14
chr19	1220401	1270401	14
chr17	40306748	40356748	1
chr9	127743521	127793521	2
chr17	8114682	8164682	10
chr8	98936172	98986172	14
chr2	104840342	104890342	14
chr12	6933637	6984039	8
chr1	167602363	167652363	8
