chr4	79964646	79964846	20	7.36511	1	(20,23)	3.70813	1	17.2646
chr20	35490974	35491174	11	5.78931	1	(3,11)	4.51342	1	16.9791
chr3	65356725	65356925	13	3.14579	1	(13,23)	1.35907	1	16.8511
chr8	673600	673800	13	4.28474	1	(13,20)	2.34385	1	16.6408
chr1	7827140	7827340	20	5.83146	1	(11,20)	5.47131	1	16.5262
chr10	17713001	17713201	20	8.00965	1	(20,20)	2.64561	1	16.5121
chr7	62508822	62509022	23	4.23493	1	(18,23)	2.11533	1	16.4782
chr6	58451922	58452122	23	4.07805	1	(3,23)	1.64218	1	16.4368
chr19	56476231	56476431	4	5.48172	1	(4,21)	3.18479	1	16.4077
chr20	35490774	35490974	3	6.48053	1	(3,20)	3.95176	1	16.2434
chr7	62508622	62508822	18	4.3933	1	(18,23)	3.17411	1	16.2136
chr7	62509022	62509222	3	4.21736	1	(3,23)	2.52291	1	16.1383
chr5	141491633	141491833	23	4.27213	1	(4,23)	2.44681	1	16.0656
chr11	397400	397600	16	5.50217	1	(11,16)	2.67283	1	16.0332
chr7	64997622	64997822	20	6.11967	1	(15,20)	3.29528	1	16.0103
chr16	69351697	69351897	11	4.26283	1	(11,22)	2.93817	1	15.9902
chr19	34679095	34679295	20	6.79154	1	(4,20)	4.93307	1	15.9675
chr6	35428223	35428423	20	7.04868	1	(16,20)	2.04686	1	15.9469
chr19	56476031	56476231	12	4.68865	1	(12,21)	3.67625	1	15.9351
chr7	22192982	22193182	11	4.30406	1	(2,11)	2.2879	1	15.9216
chr1	7827340	7827540	11	5.42752	1	(11,20)	4.11072	1	15.9165
chr11	118910491	118910691	1	3.14433	1	(1,10)	1.64387	1	15.8898
chr12	10139	10339	22	3.90857	1	(22,23)	1.7585	1	15.8858
chr17	1031160	1031360	11	4.38905	1	(4,11)	3.01038	1	15.766
chr1	45622928	45623128	11	5.28116	1	(4,11)	2.63932	1	15.752
chr9	34372402	34372602	20	6.73918	1	(20,23)	7.57272	1	15.7346
chr4	1250612	1250812	20	6.09518	1	(9,20)	2.98553	1	15.7213
chr19	58182033	58182233	20	7.15827	1	(20,22)	9.29589	1	15.6946
chrX	2629759	2629959	18	4.30186	1	(18,20)	3.38919	1	15.6938
chr3	65356925	65357125	2	5.08483	1	(2,22)	1.90476	1	15.6902
chr9	87728085	87728285	4	4.56999	1	(4,11)	2.87934	1	15.6854
chr5	116545104	116545304	20	3.04478	1	(10,21)	1.46459	1	15.659
chr1	220884658	220884858	23	5.36894	1	(11,23)	2.78584	1	15.6508
chr2	207930876	207931076	11	5.39	1	(11,22)	2.59299	1	15.644
chr9	127849121	127849321	20	7.94559	1	(4,20)	6.39277	1	15.6015
chr18	58256768	58256968	11	5.38069	1	(11,22)	2.69179	1	15.6007
chr14	99235263	99235463	21	6.69968	1	(2,21)	3.914	1	15.5793
chr15	66755662	66755862	10	6.62734	1	(10,20)	7.74412	1	15.5656
chr2	27442333	27442533	22	4.05852	1	(13,22)	2.60822	1	15.5491
chr5	141491833	141492033	4	4.06792	1	(4,23)	2.44681	1	15.5252
chr8	6733079	6733279	22	2.91751	1	(13,22)	1.11429	1	15.5192
chr9	127741721	127741921	23	5.28584	1	(11,23)	2.75499	1	15.5141
chr9	127523721	127523921	20	6.79264	1	(11,20)	5.08753	1	15.5031
chr9	87728685	87728885	11	5.27428	1	(4,11)	3.97799	1	15.5024
chr8	19084290	19084490	3	2.91363	1	(3,4)	1.00016	1	15.4993
chr19	48859743	48859943	22	4.2353	1	(7,22)	2.92909	1	15.4854
chr1	165752363	165752563	7	3.42796	1	(4,7)	2.07074	1	15.4802
chr5	65802173	65802373	20	6.92156	1	(18,20)	5.83815	1	15.4731
chr11	6630569	6630769	22	4.03484	1	(7,22)	1.9393	1	15.4692
chr5	149775237	149775437	20	7.25415	1	(18,20)	5.70916	1	15.4661
chr11	111910076	111910276	22	5.49177	1	(11,22)	4.10352	1	15.466
chr2	27442733	27442933	13	7.80215	1	(13,13)	3.19622	1	15.462
chr8	97276772	97276972	4	5.04346	1	(4,20)	2.7906	1	15.4544
chr19	13095186	13095386	11	5.80429	1	(11,23)	5.58022	1	15.4437
chr7	117076546	117076746	21	3.05046	1	(15,20)	1.50765	1	15.4433
chr1	151157324	151157524	22	4.16592	1	(11,22)	2.89835	1	15.4395
chr5	140672615	140672815	22	5.56396	1	(11,22)	5.34939	1	15.438
chr9	127525121	127525321	20	6.89244	1	(10,20)	3.815	1	15.4349
chr14	105399863	105400063	20	4.56821	1	(12,20)	3.15517	1	15.4254
chr2	144389233	144389433	22	5.41934	1	(7,22)	2.68524	1	15.425
chr3	114451553	114451753	13	4.08996	1	(1,13)	1.99401	1	15.4239
chr17	82845924	82846124	13	4.1203	1	(4,13)	1.95423	1	15.4205
chr1	207031055	207031255	13	5.34089	1	(9,13)	3.47736	1	15.3869
chr3	197848129	197848329	11	4.28363	1	(11,13)	2.49569	1	15.3799
chr19	782000	782200	3	5.14767	1	(3,14)	3.60547	1	15.3678
chr5	116546504	116546704	21	4.9429	1	(20,21)	2.70839	1	15.3613
chr15	92811770	92811970	13	4.05416	1	(3,13)	1.7423	1	15.3587
chr3	38084309	38084509	21	6.13728	1	(4,21)	4.08031	1	15.3502
chr4	304011	304211	21	6.37174	1	(21,22)	2.88541	1	15.3487
chr2	25977131	25977331	12	5.11794	1	(12,16)	2.62497	1	15.3422
chr4	184802646	184802846	6	2.95519	1	(6,15)	1.45539	1	15.3396
chr14	92688255	92688455	11	4.39431	1	(11,23)	3.03817	1	15.3395
chr19	38305360	38305560	9	2.56803	1	(9,22)	0.66234	1	15.3376
chr1	151157724	151157924	4	4.17669	1	(4,11)	2.93992	1	15.3369
chr2	102147340	102147540	10	5.22843	1	(10,20)	4.60637	1	15.3368
chr12	52191416	52191616	12	3.07894	1	(3,12)	1.46098	1	15.3328
chr5	37209298	37209498	22	7.44056	1	(22,22)	2.89271	1	15.3314
chr1	200892472	200892672	2	2.78118	1	(2,24)	1.18364	1	15.3305
chr5	116544904	116545104	18	4.13067	1	(18,20)	2.2432	1	15.3272
chr19	18932591	18932791	16	4.00404	1	(16,22)	1.53499	1	15.3134
chr17	45395434	45395634	11	5.63054	1	(2,11)	4.54173	1	15.3131
chr1	200896072	200896272	1	2.89004	1	(1,13)	1.33829	1	15.3128
chr19	13095386	13095586	23	5.09841	1	(11,23)	4.26941	1	15.3037
chr13	48320264	48320464	4	7.75654	1	(4,20)	8.14724	1	15.3012
chr7	135180048	135180248	20	8.15355	1	(18,20)	9.37766	1	15.2976
chr11	111910276	111910476	13	5.31039	1	(11,13)	3.40963	1	15.2967
chr9	34371402	34371602	23	8.63784	1	(20,23)	5.1956	1	15.2819
chr17	45405234	45405434	19	5.20045	1	(6,19)	3.1093	1	15.2702
chr9	2624000	2624200	14	3.75885	1	(9,14)	1.86883	1	15.2696
chr4	40514983	40515183	13	3.97595	1	(1,13)	1.89234	1	15.2647
chr4	40513983	40514183	4	4.00497	1	(1,4)	2.01941	1	15.2613
chr16	69925697	69925897	11	3.90177	1	(4,11)	2.03442	1	15.2604
chr15	74954659	74954859	4	2.74938	1	(4,19)	0.729682	1	15.2595
chr2	91630574	91630774	20	6.70283	1	(19,20)	5.80893	1	15.2574
chr14	85536856	85537056	3	2.82957	1	(3,9)	0.9447	1	15.2511
chr1	27360909	27361109	23	5.54349	1	(7,23)	4.55034	1	15.2389
chr17	45425034	45425234	22	2.66771	1	(9,22)	0.651745	1	15.2376
chr4	184802446	184802646	15	4.01805	1	(6,15)	2.16527	1	15.2337
chr9	98087318	98087518	11	4.0307	1	(11,16)	1.99671	1	15.2332
chr17	72125259	72125459	24	5.08727	1	(11,24)	2.72706	1	15.2279
