chr7	5528769	5528969	3	14.9425	1	(3,3)	14.9425	1	14.9425
chr6	32974623	32974823	3	14.9425	1	(3,3)	14.9425	1	14.9425
chr5	172769197	172769397	3	14.9425	1	(3,3)	14.9425	1	14.9425
chr17	81511574	81511774	3	14.9425	1	(3,3)	14.9425	1	14.9425
chr14	35403194	35403394	3	14.9425	1	(3,3)	14.9425	1	14.9425
chr14	69768683	69768883	3	13.0931	1	(3,3)	11.9888	1	14.1975
chr10	3781608	3781808	3	13.0691	1	(3,3)	11.9888	1	14.1494
chr22	39521595	39521795	3	13.0464	1	(3,3)	11.9888	1	14.104
chr19	48874143	48874343	3	13.0464	1	(3,3)	11.9888	1	14.104
chr19	3984002	3984202	3	13.0464	1	(3,3)	11.9888	1	14.104
chr14	68790483	68790683	3	13.0464	1	(3,3)	11.9888	1	14.104
chr1	234607654	234607854	3	13.0464	1	(3,3)	11.9888	1	14.104
chr1	150577124	150577324	3	13.0464	1	(3,3)	11.9888	1	14.104
chr11	123060492	123060692	3	13.0464	1	(3,3)	11.9888	1	14.104
chr20	49280063	49280263	3	11.6357	1	(3,3)	9.38031	1	14.0587
chr1	121743402	121743602	11	11.4525	1	(11,11)	9.06081	1	13.9277
chrX	137438241	137438441	11	10.1422	1	(11,11)	6.86271	1	13.7587
chr8	69690165	69690365	11	10.1422	1	(11,11)	6.86271	1	13.7587
chr1	91387443	91387643	11	10.1422	1	(11,11)	6.86271	1	13.7587
chr14	87771256	87771456	11	10.1422	1	(11,11)	6.86271	1	13.7587
chr8	81842365	81842565	11	12.6506	1	(11,11)	11.5894	1	13.7118
chr20	26209364	26209564	11	12.6506	1	(11,11)	11.5894	1	13.7118
chr6	36597223	36597423	3	11.4636	1	(3,3)	9.38031	1	13.6391
chr19	18278790	18278990	3	11.4636	1	(3,3)	9.38031	1	13.6391
chr19	14516188	14516388	3	11.4636	1	(3,3)	9.38031	1	13.6391
chr9	63816866	63817066	11	8.87125	1	(8,11)	7.76537	1	13.537
chr21	8988567	8988767	11	8.87125	1	(8,11)	7.76537	1	13.537
chr13	27459663	27459863	11	8.87125	1	(8,11)	7.76537	1	13.537
chr12	20551466	20551666	11	8.87125	1	(8,11)	7.76537	1	13.537
chr10	96801643	96801843	11	8.87125	1	(8,11)	7.76537	1	13.537
chr17	75778519	75778719	3	11.4228	1	(3,3)	9.38031	1	13.5012
chr1	145994868	145995068	3	11.4228	1	(3,3)	9.38031	1	13.5012
chr11	65503129	65503329	3	11.3163	1	(3,3)	9.38031	1	13.431
chr12	34219665	34219865	11	9.99366	1	(11,11)	6.86271	1	13.4026
chr14	75280897	75281097	3	8.65783	1	(3,3)	5.17494	1	13.3927
chr3	186785611	186785811	3	11.3367	1	(3,3)	9.38031	1	13.3519
chr17	41690148	41690348	3	11.2796	1	(3,3)	9.38031	1	13.3503
chr1	35190799	35190999	3	11.2796	1	(3,3)	9.38031	1	13.3503
chr12	56160216	56160416	3	11.2796	1	(3,3)	9.38031	1	13.3503
chr1	148808366	148808566	11	11.1097	1	(11,11)	9.06081	1	13.331
chr13	109781453	109781653	3	9.92674	1	(3,3)	7.11122	1	13.2745
chr6	58452722	58452922	11	7.61804	1	(8,11)	8.37434	1	13.2443
chr6	58450922	58451122	11	7.61804	1	(8,11)	8.37434	1	13.2443
chr5	71850973	71851173	11	7.61804	1	(8,11)	8.37434	1	13.2443
chr2	132259427	132259627	11	7.61804	1	(8,11)	8.37434	1	13.2443
chrX	48576012	48576212	3	9.97949	1	(3,3)	7.11122	1	13.2107
chr19	12939986	12940186	3	9.97949	1	(3,3)	7.11122	1	13.2107
chr14	102085463	102085663	3	9.97949	1	(3,3)	7.11122	1	13.2107
chr11	61965128	61965328	3	9.97949	1	(3,3)	7.11122	1	13.2107
chr15	96334771	96334971	3	9.93389	1	(3,3)	7.11122	1	13.175
chr12	127165855	127166055	11	8.53145	1	(8,11)	5.66556	1	13.1048
chr15	39582599	39582799	3	9.94661	1	(3,3)	7.11122	1	13.0869
chr16	89561792	89561992	3	9.81888	1	(3,3)	7.11122	1	12.9496
chr9	76571884	76572084	11	8.47404	1	(8,11)	5.66556	1	12.9423
chr6	32973023	32973223	3	9.92508	1	(3,3)	7.11122	1	12.9332
chr6	139373663	139373863	3	9.92508	1	(3,3)	7.11122	1	12.9332
chr9	61857048	61857248	11	7.3069	1	(8,11)	6.55899	1	12.9208
chr19	2271801	2272001	3	9.799	1	(3,3)	7.11122	1	12.9188
chr20	43459160	43459360	3	8.64742	1	(2,3)	6.94495	1	12.9013
chr17	35151181	35151381	11	8.50774	1	(8,11)	5.66556	1	12.892
chrX	62498330	62498530	8	6.50532	1	(8,11)	8.37434	1	12.8734
chr9	107486919	107487119	3	6.33276	1	(3,10)	2.97906	1	12.8492
chr9	125238721	125238921	3	8.57787	1	(3,6)	6.80585	1	12.8158
chr2	132267827	132268027	11	7.25769	1	(8,11)	6.55899	1	12.7588
chr1	149163181	149163381	10	4.7177	1	(10,11)	3.59314	1	12.7459
chr9	133349145	133349345	3	9.80074	1	(3,3)	7.11122	1	12.7338
chr9	62802576	62802776	11	5.8097	1	(8,11)	3.91444	1	12.7188
chr22	49962752	49962952	3	9.79682	1	(3,3)	7.11122	1	12.7015
chr2	132265827	132266027	11	7.28657	1	(8,11)	6.55899	1	12.6596
chr10	72275442	72275642	3	9.76273	1	(3,3)	7.11122	1	12.6105
chr17	7241081	7241281	3	9.73845	1	(3,3)	7.11122	1	12.5974
chr14	103335663	103335863	3	9.6482	1	(3,3)	7.11122	1	12.5942
chr13	44434464	44434664	3	9.63542	1	(3,3)	7.11122	1	12.5449
chr11	8684053	8684253	3	9.63542	1	(3,3)	7.11122	1	12.5449
chr12	124913454	124913654	3	9.70218	1	(3,3)	7.11122	1	12.5284
chrX	109054170	109054370	11	6.05456	1	(8,11)	6.85905	1	12.5107
chr3	50356569	50356769	3	8.35549	1	(3,3)	5.17494	1	12.5001
chr8	144791215	144791415	3	9.63478	1	(3,3)	7.11122	1	12.4947
chr22	39317395	39317595	3	7.23714	1	(3,6)	7.34628	1	12.436
chr17	7574682	7574882	3	7.23714	1	(3,6)	7.34628	1	12.436
chr11	62882928	62883128	3	7.23714	1	(3,6)	7.34628	1	12.436
chr10	75399042	75399242	3	8.46762	1	(3,3)	5.17494	1	12.4257
chr4	69430882	69431082	8	7.31345	1	(8,11)	7.76537	1	12.4243
chr21	8807367	8807567	8	7.31345	1	(8,11)	7.76537	1	12.4243
chr19	35575698	35575898	8	7.31345	1	(8,11)	7.76537	1	12.4243
chr11	85483956	85484156	8	7.31345	1	(8,11)	7.76537	1	12.4243
chr2	216499877	216500077	3	9.61287	1	(3,3)	7.11122	1	12.4031
chr12	89349423	89349623	3	8.4678	1	(3,3)	5.17494	1	12.366
chr2	132277027	132277227	11	6.07863	1	(8,11)	6.85905	1	12.3626
chr2	132273227	132273427	11	6.07863	1	(8,11)	6.85905	1	12.3626
chr2	132269227	132269427	11	6.07863	1	(8,11)	6.85905	1	12.3626
chr6	30616823	30617023	3	8.5144	1	(1,3)	6.6789	1	12.3515
chr2	43225261	43225461	3	8.5144	1	(1,3)	6.6789	1	12.3515
chr3	75672249	75672449	8	6.35234	1	(8,10)	5.00706	1	12.3407
chr6	30490423	30490623	3	8.454	1	(3,3)	5.17494	1	12.3258
chr17	78358719	78358919	3	8.454	1	(3,3)	5.17494	1	12.3258
chr19	30227493	30227693	10	9.612	1	(10,10)	7.27241	1	12.2778
chr5	179620999	179621199	3	8.39994	1	(3,3)	5.17494	1	12.2508
chr16	1963799	1963999	3	8.40766	1	(3,3)	5.17494	1	12.2489
chr9	113595520	113595720	3	9.6662	1	(3,3)	7.11122	1	12.1816
