chr11	118915691	118925691	9
chr11	65417529	65427529	9
chr10	125148831	125158831	9
chr11	65497129	65507129	9
chr16	2148199	2158199	9
chr20	49278663	49288663	9
chr22	36327155	36337155	9
chr16	75244702	75254702	9
chr20	47347456	47357456	9
chr7	5523369	5533369	11
chr8	30389884	30399884	9
chr1	28505088	28515088	9
chr7	131546841	131556841	9
chr17	48047238	48057238	9
chr2	43218461	43228461	9
chr10	112949841	112959841	9
chr15	25070453	25080453	20
chr15	25060253	25070253	20
chr19	9560524	9570524	20
chr15	25080653	25090653	20
chr15	25050053	25060053	20
chr19	36710498	36720498	20
chr19	36745298	36755298	20
chr19	9525724	9535724	20
chr1	40454128	40464128	20
chr12	133039214	133049214	20
chr19	7075389	7085389	20
chr19	51889347	51899347	20
chr19	52313347	52323347	20
chr7	6686569	6696569	20
chr19	58245634	58255634	20
chr19	57976432	57986432	20
chr19	52114347	52124347	20
chr19	58185433	58195433	20
chr16	3307000	3317000	20
chr5	180251800	180261800	20
chr19	58255834	58265834	20
chr8	144834215	144844215	20
chr7	131545641	131555641	9
chr19	57615032	57625032	20
chr19	21807998	21817998	20
chr19	20543594	20553594	20
chr12	6531834	6541834	9
chr22	36360755	36370755	9
chr14	68786083	68796083	9
chr19	44490949	44501548	20
chr1	27566489	27576489	9
chr19	38661960	38671960	9
chr12	133149014	133159014	20
chr9	96756918	96766918	20
chr16	3283800	3293800	20
chr15	63042401	63052401	9
chr19	44476583	44487390	20
chr12	133182014	133192014	4
chr12	133006014	133016014	20
chr19	38661160	38671160	9
chr12	121797094	121807094	9
chr20	47314056	47324056	9
chr12	133096814	133106814	20
chr17	81507174	81517174	9
chr1	26410309	26420309	18
chr19	23220398	23230398	20
chr12	133080614	133090614	20
chr19	36544898	36554898	20
chr19	9293924	9303924	20
chr8	143939032	143949032	9
chr1	27003509	27013509	18
chr22	39310395	39320395	9
chr9	111536520	111546520	20
chr19	58127033	58137033	20
chr19	20111991	20121991	20
chr16	75243302	75253302	9
chr5	139650615	139660615	9
chr19	58204233	58214434	20
chr1	246983098	246993098	20
chr12	6532634	6542634	9
chr19	51867947	51877947	20
chr19	11941985	11951985	20
chr19	36513498	36523498	20
chr17	5182505	5192505	20
chr12	120225597	120235597	9
chr3	50235768	50245768	22
chr7	5057369	5067369	20
chr5	142318235	142328235	9
chr20	45336960	45346960	9
chr19	51964547	51974547	20
chr20	17962757	17972757	9
chr6	73514077	73524077	11
chr19	38648360	38658360	9
chr2	95209252	95219252	20
chr13	55575065	55585065	9
chr7	5418169	5428169	9
chr19	51992547	52002547	20
chr18	3448002	3458002	9
chr1	156743408	156753408	9
chr5	139646615	139656615	9
chr1	156120809	156130809	9
chr5	181240000	181250000	9
chr20	62922248	62932248	9
chr18	3449802	3459802	9
