chr7	71474600	71474800	18	7.25871	1	(18,20)	8.19849	1	14.4239
chr19	12873600	12873800	23	5.63521	1	(20,23)	4.03427	1	14.3011
chr7	115226200	115226400	18	8.61556	1	(18,23)	7.06972	1	14.1372
chrX	65197000	65197200	1	7.81367	1	(1,18)	10.4102	1	14.0101
chrX	139342400	139342600	18	7.06552	1	(1,18)	8.19016	1	13.9992
chr6	169655200	169655400	13	5.35774	1	(13,20)	6.55578	1	13.885
chrX	115888400	115888600	11	8.2255	1	(3,11)	7.46479	1	13.834
chr9	71919200	71919400	10	7.07108	1	(10,20)	10.5957	1	13.7658
chr18	80148200	80148400	11	6.97234	1	(11,22)	7.31619	1	13.7616
chr12	54351200	54351400	11	6.8066	1	(11,23)	8.25784	1	13.6972
chr2	37207400	37207600	10	8.1604	1	(10,20)	9.88355	1	13.6935
chr4	78252400	78252600	20	5.35871	1	(13,20)	4.24517	1	13.6898
chr17	7852200	7852400	23	7.5939	1	(11,23)	10.4948	1	13.6486
chr19	24075400	24075600	18	8.1118	1	(18,20)	6.73813	1	13.6266
chr12	80778000	80778200	11	6.7792	1	(11,22)	7.31619	1	13.5568
chr10	102400000	102400200	11	6.88022	1	(11,23)	8.25784	1	13.556
chr1	202852000	202852200	11	6.82491	1	(11,22)	9.99208	1	13.4822
chr19	1855400	1855600	10	6.75988	1	(10,22)	8.21334	1	13.4587
chr18	62000600	62000800	20	7.60505	1	(18,20)	6.73813	1	13.4468
chr19	39409000	39409200	9	6.86474	1	(1,9)	7.98895	1	13.436
chr4	88277000	88277200	20	6.19402	1	(11,20)	4.43652	1	13.3567
chr1	36176200	36176400	11	7.97017	1	(11,22)	9.3177	1	13.3525
chr19	12873400	12873600	11	3.61944	1	(20,23)	2.60595	1	13.346
chr13	49020400	49020600	20	6.45759	1	(15,20)	5.45667	1	13.3392
chr3	16688600	16688800	11	6.11516	1	(11,20)	4.43652	1	13.3222
chr9	88418600	88418800	20	7.53309	1	(10,20)	9.88355	1	13.2543
chr2	138537000	138537200	20	7.53309	1	(10,20)	9.88355	1	13.2543
chr1	159929400	159929600	11	7.72858	1	(1,11)	3.77092	1	13.2037
chr2	119792600	119792800	18	8.00798	1	(4,18)	6.54518	1	13.1935
chr6	75272800	75273000	10	6.42823	1	(10,20)	7.76887	1	13.1866
chr14	64716800	64717000	9	7.68391	1	(9,19)	3.74712	1	13.1839
chr18	26232200	26232400	10	4.4868	1	(10,20)	3.67015	1	13.1558
chrX	131704600	131704800	22	4.88019	1	(7,22)	5.77638	1	13.1371
chr1	26418800	26419000	1	4.97888	1	(1,9)	3.78019	1	13.0932
chr13	99747000	99747200	1	7.55379	1	(1,15)	7.31122	1	13.0911
chr11	61962800	61963000	11	7.93103	1	(11,19)	9.23942	1	13.0881
chr2	167862800	167863000	11	6.2442	1	(11,20)	6.90548	1	13.0862
chr7	64561000	64561200	20	6.57143	1	(12,20)	10.3491	1	13.0829
chr7	43668200	43668400	20	6.57143	1	(12,20)	10.3491	1	13.0829
chr15	98831800	98832000	20	6.57143	1	(12,20)	10.3491	1	13.0829
chr11	28140800	28141000	11	4.90982	1	(11,20)	5.0457	1	13.0609
chr5	171980000	171980200	10	5.90351	1	(10,18)	4.13739	1	13.0538
chr6	130997400	130997600	3	6.10642	1	(3,14)	7.00408	1	13.0481
chr19	10580800	10581000	11	6.78316	1	(11,19)	9.90858	1	13.0264
chr14	75282200	75282400	11	6.78316	1	(11,19)	9.90858	1	13.0264
chr5	165233800	165234000	20	6.10281	1	(11,20)	6.90548	1	13.0155
chr7	26183600	26183800	18	8.04514	1	(11,18)	8.24094	1	12.9729
chr17	49032200	49032400	18	8.04514	1	(11,18)	8.24094	1	12.9729
chr11	65538400	65538600	11	7.95567	1	(11,24)	9.28869	1	12.9264
chr7	93645000	93645200	18	8.06279	1	(18,22)	8.27624	1	12.9244
chr6	26200600	26200800	18	8.06279	1	(18,22)	8.27624	1	12.9244
chr14	101918400	101918600	18	8.06279	1	(18,22)	8.27624	1	12.9244
chr1	223024800	223025000	18	8.06279	1	(18,22)	8.27624	1	12.9244
chrX	154381200	154381400	18	4.71142	1	(18,22)	3.02723	1	12.9243
chr2	132277000	132277200	23	4.34644	1	(20,23)	4.03427	1	12.9172
chr11	71248200	71248400	9	6.18766	1	(9,14)	3.90947	1	12.9107
chr7	25954200	25954400	18	9.54181	1	(18,21)	6.68286	1	12.9008
chr19	53783400	53783600	18	9.54181	1	(18,21)	6.68286	1	12.9008
chr1	236097000	236097200	18	9.54181	1	(18,21)	6.68286	1	12.9008
chr3	87727000	87727200	13	4.8486	1	(13,20)	4.24517	1	12.8918
chr10	21162400	21162600	11	4.97679	1	(11,20)	5.0457	1	12.8833
chr19	24075800	24076000	20	5.22003	1	(14,20)	2.0512	1	12.8815
chr9	71968000	71968200	21	5.83433	1	(11,21)	5.45463	1	12.8791
chrX	65197200	65197400	2	7.26896	1	(2,18)	9.23094	1	12.8757
chrX	1401200	1401400	18	6.61865	1	(11,18)	8.84354	1	12.8693
chr6	60412200	60412400	18	9.4419	1	(18,22)	6.48302	1	12.868
chr5	136382000	136382200	18	9.4419	1	(18,22)	6.48302	1	12.868
chr5	106254800	106255000	18	9.4419	1	(18,22)	6.48302	1	12.868
chr4	152700800	152701000	18	9.4419	1	(18,22)	6.48302	1	12.868
chr15	93061800	93062000	18	9.4419	1	(18,22)	6.48302	1	12.868
chr11	25579400	25579600	18	9.4419	1	(18,22)	6.48302	1	12.868
chr5	147566200	147566400	18	9.42778	1	(11,18)	6.45478	1	12.8677
chr19	41872600	41872800	18	9.42778	1	(11,18)	6.45478	1	12.8677
chr11	28139600	28139800	11	4.68783	1	(11,20)	3.23845	1	12.8674
chr15	39889200	39889400	18	10.9534	1	(18,18)	9.04461	1	12.8622
chr1	176157400	176157600	10	6.18209	1	(10,20)	5.01211	1	12.8576
chr3	16688400	16688600	18	4.52935	1	(15,20)	4.00357	1	12.8562
chr19	17332800	17333000	11	6.0503	1	(11,22)	4.71033	1	12.8525
chr19	17326400	17326600	11	6.55853	1	(11,16)	7.53335	1	12.85
chr2	157838000	157838200	14	7.80065	1	(3,14)	8.92756	1	12.8426
chr3	5198000	5198200	18	6.61999	1	(10,18)	8.84621	1	12.8163
chr1	205453400	205453600	11	8.95378	1	(11,11)	5.28036	1	12.807
chr2	127369600	127369800	20	7.41753	1	(12,20)	9.65243	1	12.805
chr2	218286400	218286600	14	6.63217	1	(3,14)	9.57594	1	12.7907
chr5	126800	127000	11	6.17006	1	(11,20)	6.90548	1	12.7842
chr19	12765600	12765800	11	8.93845	1	(11,22)	7.31619	1	12.7811
chr16	785400	785600	11	4.99466	1	(5,11)	4.96223	1	12.7704
chr2	218731200	218731400	18	9.26575	1	(18,18)	6.20038	1	12.7603
chr17	82821000	82821200	11	7.37361	1	(11,20)	5.66063	1	12.7582
chr4	145260200	145260400	18	10.8966	1	(18,18)	9.04461	1	12.7485
chr10	21161800	21162000	18	10.8966	1	(18,18)	9.04461	1	12.7485
chr13	43057600	43057800	3	6.14173	1	(3,10)	7.3643	1	12.7467
chrX	69149800	69150000	18	6.63748	1	(18,22)	8.8812	1	12.7393
chrX	111543800	111544000	18	6.63748	1	(18,22)	8.8812	1	12.7393
chr5	99010400	99010600	18	6.63748	1	(18,22)	8.8812	1	12.7393
chr22	18939000	18939200	18	6.63748	1	(18,22)	8.8812	1	12.7393
chr19	42028200	42028400	18	6.63748	1	(18,22)	8.8812	1	12.7393
chr17	32085000	32085200	18	6.63748	1	(18,22)	8.8812	1	12.7393
chr1	53449400	53449600	18	6.63748	1	(18,22)	8.8812	1	12.7393
chr1	36178800	36179000	18	6.63748	1	(18,22)	8.8812	1	12.7393
