chr1	121742400	121743600	11
chr6	58450200	58453000	11
chr16	14486800	14487000	11
chr2	132271400	132273800	11
chr1	91387200	91387600	11
chr2	132267400	132270000	11
chr16	34150000	34157000	11
chr1	212606600	212608000	11
chr17	43388600	43389000	11
chr2	132261200	132262600	11
chr18	52792600	52793000	11
chrX	137438000	137438400	11
chr7	62508400	62509200	11
chr13	27459400	27460000	11
chr14	87771000	87771600	11
chr6	119237200	119237600	11
chr10	96801400	96801800	11
chr19	27240800	27242400	11
chr2	132259000	132259800	8
chr10	22322200	22322800	11
chr21	8807000	8807400	11
chr4	79352400	79352600	11
chr4	79353000	79353600	11
chr17	43322800	43323800	11
chr3	123028000	123028200	11
chr17	43304200	43305000	8
chr3	71724400	71724600	11
chr12	50056800	50057200	11
chr7	151303200	151304000	10
chr17	47189000	47189400	10
chr2	132276800	132277200	8
chr15	60592600	60593200	10
chr2	132265400	132266600	11
chr9	63816600	63818800	11
chr17	44968600	44969200	11
chr18	20938800	20940400	8
chr18	111000	111800	8
chr16	34220000	34220400	8
chr12	20551200	20551600	8
chr1	245153200	245153800	11
chr7	158595200	158595400	8
chr9	62799200	62799600	12
chr1	197917200	197917400	12
chr9	62801000	62801800	12
chr17	35150800	35151200	11
chr5	1386200	1386400	10
chr7	64998800	64999400	8
chr7	6701800	6703800	8
chr19	57615000	57616200	8
chr12	4276800	4277000	12
chr17	43907400	43907800	10
chr7	130734600	130734800	11
chr5	141319000	141320200	8
chr4	67398400	67400200	8
chr2	92135200	92136000	8
chr18	20931000	20933000	8
chr6	58447200	58448400	8
chr20	47894800	47895000	11
chr12	55707400	55707600	10
chr3	75669400	75670800	8
chr3	75671600	75672400	8
chr4	190020600	190020800	8
chr9	61856800	61857200	8
chr12	57215600	57215800	12
chr6	30480600	30481000	12
chr2	176096800	176097000	11
chr1	212698800	212699000	11
chr8	43237600	43238200	8
chr8	43239600	43241000	8
chr12	133081400	133081800	8
chr12	34219400	34219800	8
chr2	10832200	10832400	12
chr6	166628200	166628400	11
chr7	101169600	101169800	11
chr10	46106800	46107200	11
chr9	127448800	127450400	3
chr18	46546200	46546600	8
chr6	30466400	30466800	10
chr2	132275200	132276000	8
chr10	100482200	100482400	11
chr2	169364200	169364800	11
chr12	57217400	57217600	11
chr12	49538200	49538400	11
chr19	43639200	43639400	11
chr12	120639800	120640200	11
chr15	66253000	66253200	10
chr6	30357800	30358000	11
chr17	47135400	47137400	8
chr19	46659600	46660200	12
chr7	151252200	151252400	12
chr2	216499600	216499800	3
chr2	101003400	101003800	3
chr10	3782400	3782600	3
chr20	31718800	31721400	3
chr6	35469600	35471200	3
chr6	33272600	33274800	3
chr11	62600200	62600400	3
chr11	65120800	65121200	3
chr16	18788200	18789400	3
chr14	69768200	69768800	3
