chr4	80865600	80906400	20
chr9	34351000	34391800	23
chr15	65577000	65617200	18
chr17	41361800	41402400	11
chr18	55902200	55943200	22
chr19	53560200	53600600	20
chr14	99680800	99721800	21
chr18	55903600	55944200	6
chr11	65245000	65285200	22
chr19	46262400	46303200	22
chr16	31467600	31509200	11
chr19	15288800	15329200	11
chr20	35993400	36033600	11
chr16	2121000	2162000	13
chr5	179720800	179761400	22
chr1	7867000	7907600	11
chr19	18681000	18721800	11
chr19	57031400	57071600	4
chr11	20024800	20065000	22
chr19	48732800	48773200	11
chr7	64438000	64480200	20
chr6	28301600	28342000	9
chr19	58588200	58628400	4
chr20	34058400	34099000	7
chr5	140790000	140831800	23
chr5	140778200	140819800	20
chrX	3598200	3638600	1
chr3	65322200	65362800	22
chr7	61949000	61989600	23
chr14	99682800	99723000	21
chr2	85972000	86013200	2
chr11	65389600	65430200	11
chr5	37189200	37229600	22
chr4	113262400	113302800	20
chr3	125009600	125050000	4
chr19	52371800	52412000	22
chr7	137546800	137587200	20
chr19	19023000	19063600	2
chr18	18498800	18539200	22
chr17	49103000	49143800	13
chr19	12964000	13004600	23
chr17	40802400	40842800	11
chr1	144974000	145015200	2
chr17	7721400	7761800	9
chr15	33003200	33043400	16
chr17	45194600	45234800	19
chr5	16720600	16761400	6
chr17	47093400	47133600	22
chr19	48813400	48854200	9
chr2	145126800	145167600	11
chr19	14496600	14537200	11
chr18	88200	128400	21
chr11	63509400	63551600	3
chr19	46011400	46052000	11
chr14	75728400	75768600	11
chr17	49104200	49144600	13
chr19	46099200	46140000	18
chr19	13908400	13949200	22
chr3	149634800	149675000	4
chr5	180236600	180277200	20
chr19	7596000	7636600	22
chr13	96273400	96313600	4
chr11	63746400	63786800	16
chr11	65339400	65380200	11
chr8	8162200	8203000	11
chr19	48213400	48253600	9
chr5	177528200	177569000	11
chr6	58756600	58798800	22
chr22	38590600	38631200	11
chr4	277800	318000	4
chr11	65354400	65394800	22
chr8	6570400	6611000	13
chr8	48552000	48592200	1
chr12	7052200	7093600	3
chr12	75400	115600	19
chr19	15287200	15327400	23
chr19	53068000	53108600	20
chr1	156026000	156067000	9
chr8	134517600	134558000	10
chr15	23791200	23832000	4
chr17	7143600	7184000	9
chr19	50414000	50454200	11
chr5	140032200	140072400	11
chr11	66117400	66158200	16
chr19	15271800	15312000	11
chr6	138871200	138911800	22
chr19	38774400	38816000	9
chr5	60684600	60724800	22
chr1	223917000	223957200	22
chr9	130265600	130306400	20
chr17	79455600	79495800	11
chr1	179092200	179132400	1
chr19	47709400	47749600	1
chr10	103523800	103564000	11
chr19	56896800	56937000	4
chr2	60737800	60778200	19
chr15	37366800	37407400	22
chr6	167344800	167385000	13
chr17	17665800	17706000	1
chr19	52879800	52920000	4
