chr17	41689600	41690200	8
chr19	3983600	3984400	8
chr14	35401000	35403400	8
chr1	121742400	121743600	14
chr7	62508400	62509200	14
chr2	92093000	92093400	14
chr7	5527600	5529200	8
chr17	43304400	43304800	14
chr20	49279800	49281400	8
chr6	32974400	32975200	8
chr17	7574200	7574400	8
chr3	196898400	196898800	14
chr6	159041600	159042000	8
chr10	41710400	41710800	14
chr1	156216400	156216800	14
chr11	123058800	123061200	8
chr8	45940600	45940800	14
chr6	30490400	30491600	8
chr2	136114800	136115800	8
chr6	119237200	119237600	14
chr17	35151000	35151200	14
chr18	20939800	20940400	14
chr1	91387200	91387600	14
chr10	96801400	96801800	14
chr12	20551200	20551600	14
chr2	92108400	92108800	14
chr2	231711600	231712600	8
chr19	49489200	49489800	8
chr19	1075800	1076400	8
chr14	69768200	69768800	8
chr18	108000	109600	14
chr2	132276800	132277200	14
chr4	49657200	49657800	14
chr10	41875000	41875600	14
chr2	172095000	172095600	14
chr17	64504600	64505000	8
chr2	92102200	92103200	14
chr19	27245400	27246000	14
chr5	132485800	132489200	8
chr11	64776600	64777600	8
chr2	92087600	92088000	14
chr16	34156600	34156800	14
chr2	132265600	132266000	14
chr5	50109800	50110000	14
chr4	67399600	67400200	14
chr22	18890800	18891000	14
chr16	34153000	34153200	14
chr4	69430800	69431000	14
chr16	34220000	34220400	14
chr9	70038000	70038400	14
chr6	58448000	58448400	14
chr18	20938800	20939200	14
chr5	181241800	181242400	8
chr10	3780400	3781400	8
chr11	65503600	65505800	8
chr19	18278400	18279200	8
chr19	27247400	27248400	14
chr19	27240800	27242400	14
chr2	92117400	92118000	14
chr2	132261200	132261400	14
chr11	54527400	54527800	14
chr2	92112400	92113000	14
chr4	79353200	79353600	14
chr1	121613800	121614400	14
chr21	8807000	8807400	14
chrX	58534600	58535000	14
chrX	137438000	137438400	14
chr8	69690000	69690200	14
chr13	27459400	27459800	14
chr6	58450200	58453000	14
chr14	87771200	87771600	14
chr21	8988000	8988600	14
chr11	85483800	85484000	14
chr2	132254400	132255400	14
chr2	132269200	132269600	14
chr2	132259000	132259600	14
chr1	145993000	145994600	8
chr19	35575400	35575800	14
chr16	46382800	46383400	14
chr18	52792600	52793000	14
chr6	58447200	58447600	14
chr8	43976200	43976600	14
chr5	71850600	71851000	14
chrX	62498000	62498400	14
chr16	14486800	14487000	14
chr5	141319600	141320000	12
chr17	47156800	47157200	14
chr2	229180600	229181000	14
chr2	132267800	132268200	14
chr16	34150400	34150800	14
chr10	41705000	41705400	14
chr2	92120800	92121600	14
chr18	20938000	20938400	14
chr5	179620600	179622000	8
