chr7	27178800	27203800	8
chr7	27181400	27206400	8
chr7	27178600	27203600	8
chr7	27177800	27202800	8
chr5	178682000	178707000	12
chr22	38371400	38396400	15
chr2	223147600	223172600	2
chr7	27204400	27229400	15
chr21	47528600	47553600	15
chr12	115101800	115126800	14
chr7	27216600	27241600	15
chr7	27210600	27235600	15
chr16	87877000	87902000	9
chr16	57653800	57678800	14
chr16	57653200	57678200	14
chr17	59466800	59491800	8
chr6	100890800	100915800	8
chr16	57656000	57681000	14
chr2	238393800	238418800	12
chr5	178690800	178715800	3
chr2	223142600	223167600	2
chr12	54354400	54379400	15
chr16	86596600	86621600	15
chr3	50187600	50212600	2
chr12	54353200	54378200	15
chr11	128365200	128390200	4
chr17	21195800	21220800	14
chr5	178729400	178754400	10
chr7	19136400	19161400	15
chr12	114829200	114854200	1
chr22	38377000	38402000	15
chr11	128364800	128389800	4
chr14	61101000	61126000	8
chr1	109793000	109818000	8
chr2	223153400	223178400	8
chr2	239752200	239777200	15
chr8	145003400	145028400	4
chr17	48256000	48281000	9
chr15	31370400	31395400	15
chr12	115112000	115137000	15
chr8	21974000	21999000	15
chr11	114028600	114053600	1
chr12	54379200	54404200	5
chr17	79008400	79033400	3
chr2	85978600	86003600	1
chr22	38411200	38436200	15
chr5	140777400	140802400	2
chr17	21190200	21215200	8
chr12	109213600	109238600	1
chr2	85978000	86003000	1
chr17	79383000	79408000	1
chr18	74822000	74847000	15
chr17	79383600	79408600	1
chr7	130570800	130595800	3
chr5	178675800	178700800	10
chr17	76874800	76899800	8
chr20	60925200	60950200	5
chr2	145258000	145283000	3
chr1	156086800	156111800	10
chr17	77903800	77928800	10
chr22	20864200	20889200	1
chr5	178694400	178719400	3
chr5	178736200	178761200	10
chr15	60663400	60688400	1
chr17	46667400	46692400	7
chr2	172948400	172973400	4
chr20	60926600	60951600	5
chr3	55500800	55525800	15
chr17	74519000	74544000	8
chr20	60924600	60949600	5
chr22	36746800	36771800	1
chr9	139235000	139260000	3
chr19	13112400	13137400	15
chr12	4379400	4404400	10
chr21	47466200	47491200	1
chr8	21981800	22006800	8
chr18	20714400	20739400	15
chr18	74803800	74828800	3
chr17	75417400	75442400	4
chr6	166378200	166403200	3
chr17	79352800	79377800	8
chr6	1373200	1398200	8
chr19	13113800	13138800	15
chr6	1375000	1400000	8
chr17	77902000	77927000	10
chr2	172945800	172970800	4
chr1	2382800	2407800	8
chr1	25235000	25260000	15
chr5	178741600	178766600	10
chr19	1235800	1260800	4
chr2	239762400	239787400	1
chr5	92906000	92931000	8
chr1	156610800	156635800	1
chr13	114862800	114887800	15
chr6	1376600	1401600	8
chr1	954400	979400	1
chr1	157968600	157993600	8
chr1	156623400	156648400	2
chr12	120656600	120681600	10
chr10	82213400	82238400	4
