chr7	27144000	27169000	23
chr7	27140600	27165600	23
chr7	27162000	27187000	16
chr17	46622400	46647400	23
chr17	46623200	46648200	23
chr17	46656800	46681800	12
chr17	46656600	46681600	12
chr7	27165800	27190800	16
chr5	148785600	148810600	3
chr17	48265000	48290000	23
chr9	139549400	139574400	9
chr5	92908000	92933000	4
chr17	43299200	43324200	11
chr17	46664000	46689000	12
chr17	46665200	46690200	12
chr7	27201400	27226400	4
chr17	43297800	43322800	11
chr19	13113800	13138800	23
chr16	86526400	86551400	4
chr12	54409400	54434400	4
chr2	218700200	218725200	20
chr12	54407400	54432400	4
chr19	13160400	13185400	14
chr15	96878200	96903200	10
chr2	218762000	218787000	14
chr1	207977200	208002200	4
chr10	134212000	134237000	14
chr18	19750400	19775400	19
chr1	207977600	208002600	4
chr10	73511600	73536600	18
chr10	73510800	73535800	18
chr12	7050600	7075600	4
chr10	81158000	81183000	13
chr9	139553800	139578800	9
chr12	7051600	7076600	4
chr17	59467000	59492000	12
chr5	148791000	148816000	3
chr10	45453400	45478400	16
chr10	45453000	45478000	16
chr1	12226600	12251600	22
chr2	85983000	86008000	11
chr12	54375000	54400000	4
chr4	2792800	2817800	9
chr7	27127000	27152000	18
chr18	19745200	19770200	19
chr5	149509200	149534200	13
chr2	133011800	133036800	22
chr2	127821600	127846600	3
chr5	131747800	131772800	4
chr2	20401400	20426400	4
chr4	185721400	185746400	6
chr12	6320400	6345400	13
chr22	50339600	50364600	13
chr4	185723400	185748400	6
chr18	74796400	74821400	3
chr9	130594600	130619600	20
chr14	105933800	105958800	4
chr2	127829200	127854200	3
chr16	2072600	2097600	14
chr11	114026600	114051600	11
chr14	105933200	105958200	4
chr8	22435000	22460000	9
chr9	124482000	124507000	13
chr9	124040000	124065000	4
chr11	113928800	113953800	24
chr16	2073800	2098800	14
chr19	13154400	13179400	14
chr9	116340000	116365000	11
chr3	50284400	50309400	1
chr11	75039200	75064200	13
chr19	1244400	1269400	14
chr8	30399600	30424600	13
chr3	50287200	50312200	9
chr12	57523000	57548000	13
chr16	70720600	70745600	9
chr5	151042400	151067400	13
chr17	48270600	48295600	23
chr6	41679000	41704000	14
chr17	47071600	47096600	4
chr8	22436800	22461800	9
chr12	7055600	7080600	22
chr11	65252400	65277400	22
chr7	5716400	5741400	13
chr18	19743800	19768800	19
chr20	36769600	36794600	14
chr11	1884000	1909000	22
chr8	22431000	22456000	9
chr17	1951400	1976400	22
chr1	31206600	31231600	4
chr9	124043600	124068600	4
chr11	1999800	2024800	4
chr9	116336600	116361600	13
chr3	66525400	66550400	22
chr16	1576600	1601600	9
chr1	31210000	31235000	4
chr5	149518400	149543400	13
chr10	63796800	63821800	16
chr1	31209800	31234800	4
chr1	43995400	44020400	13
chr9	14298800	14323800	13
