chr1	2313000	2333200	1
chr14	23048200	23068400	1
chr14	23378400	23398600	1
chr14	23388600	23408800	1
chr14	23554400	23574600	1
chr14	23745400	23765600	1
chr14	23760800	23781000	1
chr14	23780600	23800800	1
chr14	24573800	24594000	1
chr14	24574200	24594400	1
chr14	24600800	24621000	1
chr14	24902000	24922200	1
chr14	39891600	39912000	1
chr14	31879800	31900000	1
chr14	23928600	23948800	1
chr14	104172000	104192200	1
chr15	31608800	31629000	1
chr15	89868200	89888400	1
chr15	89079800	89100000	1
chr15	77214000	77234200	1
chr15	75734200	75754400	1
chr15	75220400	75240600	1
chr15	75125400	75145600	1
chr15	68512000	68532200	1
chr15	66074400	66094600	1
chr14	39634200	39654400	1
chr15	65569200	65589400	1
chr14	53009200	53029400	1
chr14	77777200	77797400	1
chr13	77450400	77470600	1
chr13	78261800	78282000	1
chr13	96319200	96339400	1
chr13	98075400	98095600	1
chr13	98076400	98096600	1
chr13	98618600	98638800	1
chr13	100248800	100269000	1
chr13	101317000	101337400	1
chr13	111204000	111224200	1
chr13	111348400	111368600	1
chr14	21914400	21934600	1
chr14	95991200	96011400	1
chr14	54853400	54873600	1
chr14	58696600	58716800	1
chr14	58755000	58775200	1
chr14	59645200	59665400	1
chr14	53009600	53029800	1
chr14	77554400	77574600	1
chr14	89249200	89269400	1
chr14	90839600	90859800	1
chr14	91517000	91537200	1
chr14	93571600	93591800	1
chr14	93641200	93661400	1
chr14	93789400	93809600	1
chr14	56574800	56595200	1
chr13	74698400	74718600	1
chr15	63883000	63903200	1
chr15	52033800	52054000	1
chr16	31461000	31481200	1
chr16	67586200	67606400	1
chr16	67917000	67937200	1
chr16	68109000	68129200	1
chr16	68269000	68289200	1
chr16	70090000	70110200	1
chr16	70138000	70158200	1
chr16	70313400	70333600	1
chr16	71747600	71768000	1
chr16	15139800	15160000	1
chr16	11999800	12020000	1
chr16	30923800	30944200	1
chr16	11429200	11449400	1
chr16	178600	198800	1
chr16	274800	295000	1
chr16	422000	442200	1
chr16	677000	697200	1
chr16	781000	801200	1
chr16	1866600	1886800	1
chr16	2195600	2215800	1
chr16	2263400	2283600	1
chr16	2572000	2592200	1
chr16	2713000	2733200	1
chr16	71833000	71853200	1
chr16	9047800	9068000	1
chr15	52811000	52831200	1
chr16	30528000	30548200	1
chr16	30097400	30117600	1
chr15	49903000	49923200	1
chr15	90767200	90787600	1
chr15	45561400	45581600	1
chr15	45480800	45501000	1
chr15	45067000	45087200	1
chr15	45011000	45031200	1
chr15	42857600	42877800	1
chr15	42056600	42076800	1
chr15	41614800	41635000	1
chr15	40391000	40411200	1
chr15	40064600	40084800	1
chr16	30336200	30356400	1
chr15	34649400	34669600	1
chr15	32897600	32917800	1
chr15	32897000	32917200	1
