chr19	58753200	58778200	20
chr15	25309800	25334800	20
chr19	58698800	58723800	20
chr12	133658600	133683600	20
chr19	58488000	58513000	20
chr12	133613000	133638000	20
chr12	133709800	133734800	20
chr19	37025800	37050800	20
chr12	133567600	133592600	20
chr19	44980200	45005200	20
chr19	58042200	58067200	20
chr19	52803200	52828200	20
chr5	179676800	179701800	20
chr19	37302200	37327200	20
chr19	37194600	37219600	20
chr12	133757600	133782600	4
chr19	58630200	58655200	20
chr7	6722200	6747200	1
chr19	37229000	37254000	20
chr4	424400	449400	20
chr19	9670800	9695800	20
chr16	68582800	68607800	20
chr19	52614000	52639000	20
chr19	52465400	52490400	4
chr19	52519000	52544000	20
chr19	23527400	23552400	20
chr12	133505200	133530200	20
chr19	56914400	56939400	20
chr19	52563000	52588000	20
chr19	9434000	9459000	4
chr8	146051400	146076400	1
chr19	37125400	37150400	20
chr19	58625600	58650600	20
chr19	39137800	39162800	22
chr19	8913200	8938200	20
chr19	44339000	44364000	20
chr7	6712600	6737600	20
chr19	37911000	37936000	20
chr16	68586800	68611800	20
chr16	3349600	3374600	20
chr12	133644600	133669600	20
chr19	57064600	57089600	20
chr11	118776600	118801600	9
chr16	3436600	3461600	1
chr5	178292400	178317400	20
chr4	124400	149400	3
chr19	37374600	37399600	20
chr9	99516200	99541200	20
chr4	329800	354800	4
chr19	37223600	37248600	20
chr3	44753400	44778400	20
chr19	52865200	52890200	20
chr19	57065600	57090600	20
chr19	7068800	7093800	4
chr19	37636200	37661200	20
chr19	57112200	57137200	20
chr19	37718600	37743600	20
chr3	44756200	44781200	1
chr4	71200	96200	20
chr19	9625000	9650000	20
chr19	38054600	38079600	20
chr8	145004200	145029200	3
chr19	53734000	53759000	1
chr11	65252200	65277200	9
chr19	9443200	9468200	20
chr12	122230200	122255200	1
chr19	20719600	20744600	20
chr22	29662600	29687600	9
chr19	52605000	52630000	20
chr19	39151400	39176400	9
chr18	46454800	46479800	22
chr19	58680000	58705000	20
chr19	37115600	37140600	20
chr10	120800600	120825600	6
chr19	52378200	52403200	20
chr20	17929400	17954400	3
chr22	36746600	36771600	9
chr19	1251200	1276200	1
chr22	36746000	36771000	9
chr19	56922200	56947200	20
chr19	9483200	9508200	20
chr11	3376200	3401200	1
chr8	144994000	145019000	9
chr19	52429600	52454600	4
chr19	44343000	44368000	20
chr19	9250400	9275400	4
chr19	58079200	58104200	20
chr11	65183400	65208400	1
chr20	61536800	61561800	3
chr3	185631400	185656400	1
chr19	52817000	52842000	1
chr16	2803400	2828400	1
chr19	58435200	58460200	1
chr1	247303800	247328800	20
chr12	53845400	53870400	22
chr6	86329600	86354600	1
chr20	34306400	34331400	1
chr5	139026600	139051600	1
chr19	56164800	56189800	1
chr17	37023600	37048600	3
