chr19	3984000	3984200	8	12.9998	1	(8,8)	12.9998	1	12.9998
chr12	56554000	56554200	8	12.3257	1	(8,8)	11.8492	1	12.8022
chr17	39846200	39846400	8	11.1568	1	(8,8)	9.71953	1	12.6143
chr8	146016600	146016800	8	12.2087	1	(8,8)	11.8492	1	12.5682
chr7	5567800	5568000	8	10.5147	1	(8,8)	8.73968	1	12.3399
chr2	232576800	232577000	8	11.5064	1	(8,8)	10.7559	1	12.2838
chr20	47896800	47897000	8	9.92485	1	(8,8)	7.81588	1	12.2581
chr22	39919000	39919200	8	11.4709	1	(8,8)	10.7559	1	12.2045
chr17	7477600	7477800	8	10.9299	1	(8,8)	9.71953	1	12.1608
chr3	183895000	183895200	8	11.4485	1	(8,8)	10.7559	1	12.1503
chr19	49993000	49993200	8	11.4485	1	(8,8)	10.7559	1	12.1503
chr16	30078600	30078800	8	11.4485	1	(8,8)	10.7559	1	12.1503
chr19	18389600	18389800	8	10.896	1	(8,8)	9.71953	1	12.1007
chr11	65273000	65273200	8	9.85604	1	(8,8)	7.81588	1	12.0909
chr22	39714000	39714200	8	10.3859	1	(8,8)	8.73968	1	12.0889
chr17	4849800	4850000	8	11.4158	1	(8,8)	10.7559	1	12.084
chr19	55898600	55898800	8	7.8548	1	(4,8)	6.36728	1	12.0455
chr6	35437600	35437800	8	10.3575	1	(8,8)	8.73968	1	12.0213
chr1	150548000	150548200	8	10.3575	1	(8,8)	8.73968	1	12.0213
chr20	42087800	42088000	8	6.85083	1	(4,8)	6.85917	1	11.9311
chr16	89628200	89628400	8	10.2523	1	(8,8)	8.73968	1	11.8757
chr19	49376800	49377000	8	8.40137	1	(1,8)	5.52005	1	11.8729
chr12	6645400	6645600	8	10.7767	1	(8,8)	9.71953	1	11.8642
chr5	180669000	180669200	8	10.7643	1	(8,8)	9.71953	1	11.8622
chr11	62650400	62650600	8	10.7643	1	(8,8)	9.71953	1	11.8622
chr19	1274800	1275000	8	10.2417	1	(8,8)	8.73968	1	11.8234
chr5	179048800	179049000	8	9.2732	1	(8,8)	6.94765	1	11.8122
chr19	50000800	50001000	8	9.71177	1	(8,8)	7.81588	1	11.7871
chr6	74228400	74228600	8	8.68225	1	(8,8)	6.13448	1	11.7443
chr14	35872600	35872800	8	9.68994	1	(8,8)	7.81588	1	11.7334
chr6	31508000	31508200	8	8.16746	1	(8,8)	5.37584	1	11.6881
chr17	79476600	79476800	8	7.8812	1	(8,8)	4.67116	1	11.6794
chr17	41382000	41382200	14	7.25671	1	(8,14)	5.07735	1	11.6634
chr17	56083000	56083200	8	8.27041	1	(8,8)	5.37584	1	11.6488
chr9	130211800	130212000	8	10.6681	1	(8,8)	9.71953	1	11.6461
chr11	8705600	8705800	8	9.18902	1	(8,8)	6.94765	1	11.6431
chr14	69256200	69256400	8	8.68065	1	(8,8)	6.13448	1	11.6391
chr3	52028600	52028800	8	9.60489	1	(8,8)	7.81588	1	11.6147
chr11	6632400	6632600	8	10.1428	1	(8,8)	8.73968	1	11.5974
chr19	59057400	59057600	8	7.21331	1	(4,8)	5.92743	1	11.5932
chr19	13050800	13051000	8	9.06579	1	(8,8)	6.94765	1	11.5384
chr19	42365200	42365400	8	9.10466	1	(8,8)	6.94765	1	11.4948
chr11	62559800	62560000	8	9.58424	1	(8,8)	7.81588	1	11.4836
chr22	36724800	36725000	8	9.56897	1	(8,8)	7.81588	1	11.4736
chr17	46128600	46128800	8	10.0444	1	(8,8)	8.73968	1	11.4474
chr4	10116800	10117000	8	9.54511	1	(8,8)	7.81588	1	11.4446
chr19	2271800	2272000	8	9.5237	1	(8,8)	7.81588	1	11.4429
chr12	54676400	54676600	8	9.51514	1	(8,8)	7.81588	1	11.4388
chr14	102551800	102552000	8	7.53351	1	(4,8)	4.81697	1	11.3767
chr6	37140400	37140600	8	7.58199	1	(4,8)	4.81697	1	11.3735
chr9	140136800	140137000	8	9.02317	1	(8,8)	6.94765	1	11.3068
chr6	31702000	31702200	8	9.99058	1	(8,8)	8.73968	1	11.3061
chr1	234743400	234743600	8	6.85182	1	(1,8)	5.8794	1	11.3034
chr6	30458200	30458400	8	7.17141	1	(8,8)	4.01984	1	11.2853
chrX	153627800	153628000	8	8.08273	1	(8,8)	5.37584	1	11.2702
chrX	48433800	48434000	8	8.47928	1	(8,8)	6.13448	1	11.2358
chr19	3434600	3434800	8	8.03983	1	(8,8)	5.37584	1	11.2345
chr1	145441200	145441400	8	8.9202	1	(8,8)	6.94765	1	11.2192
chr12	53776000	53776200	8	8.9128	1	(8,8)	6.94765	1	11.2122
chr17	45214600	45214800	14	6.26094	1	(12,14)	5.59637	1	11.1986
chr6	58779000	58779200	14	8.7288	1	(14,14)	6.52979	1	11.1923
chr1	203276400	203276600	8	7.59762	1	(8,8)	4.67116	1	11.1916
chr3	186502400	186502600	8	6.37428	1	(2,8)	3.53949	1	11.1781
chr17	39846000	39846200	1	6.06757	1	(1,8)	7.12505	1	11.1695
chr1	113242800	113243000	8	8.44118	1	(8,8)	6.13448	1	11.1652
chr9	131905600	131905800	8	9.40097	1	(8,8)	7.81588	1	11.1087
chr1	121485000	121485200	14	10.5356	1	(14,14)	9.98095	1	11.0903
chr19	57988000	57988200	4	5.18209	1	(4,12)	6.53613	1	11.0846
chr6	31805000	31805200	8	9.36925	1	(8,8)	7.81588	1	11.0816
chr2	92276000	92276200	14	7.06052	1	(12,14)	5.6949	1	11.0788
chr16	46403400	46403600	14	7.06052	1	(12,14)	5.6949	1	11.0788
chr16	46404800	46405000	14	7.87864	1	(14,14)	5.09884	1	11.077
chr2	92296600	92296800	14	7.8608	1	(14,14)	5.09884	1	11.0741
chr2	92281400	92281600	14	7.8608	1	(14,14)	5.09884	1	11.0741
chr10	3824000	3824200	8	8.83772	1	(8,8)	6.94765	1	11.0646
chr19	800600	800800	8	9.36293	1	(8,8)	7.81588	1	11.0601
chr9	72653200	72653400	14	6.65927	1	(12,14)	6.04091	1	11.0576
chr14	70235000	70235200	8	7.52596	1	(8,8)	4.67116	1	11.0512
chr17	41151600	41151800	8	8.8614	1	(8,8)	6.94765	1	11.0494
chr8	43831400	43831600	14	7.50051	1	(12,14)	6.09048	1	11.0487
chr4	80274400	80274600	14	7.50051	1	(12,14)	6.09048	1	11.0487
chr18	50319200	50319400	14	7.50051	1	(12,14)	6.09048	1	11.0487
chr18	18519800	18520000	14	7.50051	1	(12,14)	6.09048	1	11.0487
chr18	109000	109200	14	7.50051	1	(12,14)	6.09048	1	11.0487
chr10	42534600	42534800	14	7.50051	1	(12,14)	6.09048	1	11.0487
chr6	36566600	36566800	8	7.84426	1	(8,8)	5.37584	1	11.0475
chrX	61717800	61718000	14	7.89702	1	(12,14)	5.59637	1	11.0434
chr4	70296600	70296800	14	7.89702	1	(12,14)	5.59637	1	11.0434
chr2	133023400	133023600	14	7.89702	1	(12,14)	5.59637	1	11.0434
chr2	133018800	133019000	14	7.89702	1	(12,14)	5.59637	1	11.0434
chr19	27732200	27732400	14	7.89702	1	(12,14)	5.59637	1	11.0434
chr16	33959200	33959400	14	7.89702	1	(12,14)	5.59637	1	11.0434
chr16	33957400	33957600	14	7.89702	1	(12,14)	5.59637	1	11.0434
chr16	33955600	33955800	14	7.89702	1	(12,14)	5.59637	1	11.0434
chr12	34372600	34372800	14	7.89702	1	(12,14)	5.59637	1	11.0434
chr2	133015200	133015400	14	7.10305	1	(12,14)	6.48833	1	11.0374
chr18	18518800	18519000	14	7.10305	1	(12,14)	6.48833	1	11.0374
chr3	156876400	156876600	8	7.57325	1	(8,8)	4.67116	1	11.0342
chr19	49469600	49469800	8	7.54889	1	(8,8)	4.67116	1	11.0295
chrX	58561400	58561600	14	8.29443	1	(14,14)	5.79017	1	11.0231
