chr15	25289000	25339000	20
chr19	23512600	23562600	20
chr4	418600	468600	4
chr19	58740200	58790200	20
chr19	37904200	37954200	20
chr19	37025200	37075200	20
chr12	133655400	133705400	22
chr19	37350400	37400400	20
chr19	37203800	37253800	20
chr19	58471800	58521800	20
chr19	57040200	57090200	1
chr19	58676000	58726000	1
chr19	37108600	37158600	20
chr19	56918200	56968200	20
chr19	9447400	9497400	20
chr4	49400	99400	4
chr19	37614600	37664600	1
chr19	58041000	58091000	20
chr4	329800	379800	20
chr19	52868800	52918800	20
chr12	133484000	133534000	20
chr19	38026600	38076600	20
chr19	37285200	37335200	22
chr19	52562800	52612800	1
chr19	44336400	44386400	20
chr19	37882000	37932000	20
chr5	179670200	179720200	20
chr19	52464600	52514600	20
chr19	58613800	58663800	20
chr12	54365600	54415600	23
chr19	38018600	38068600	20
chr19	56928400	56978400	20
chr19	53703000	53753000	20
chr12	133720400	133770400	20
chr7	27191400	27241400	22
chr19	52616400	52666400	20
chr4	123800	173800	4
chr5	150274600	150324600	1
chr19	44341400	44391400	20
chr19	53701000	53751000	20
chr12	133748600	133798600	4
chr19	37402000	37452000	20
chr19	52358800	52408800	20
chr16	31738600	31788600	20
chr19	52354800	52404800	20
chr22	46456000	46506000	22
chr19	57060800	57110800	20
chr5	178366800	178416800	20
chr7	27146800	27196800	1
chr16	31742800	31792800	20
chr11	128343600	128393600	1
chr16	31885000	31935000	20
chr1	40918000	40968000	1
chr19	52791000	52841000	20
chr7	130560200	130610200	18
chr21	10772800	10822800	21
chr16	32515400	32565400	21
chr15	93425200	93475200	1
chr5	140610200	140660200	22
chr1	170630200	170680200	1
chr17	46617800	46667800	1
chr4	392800	442800	20
chr5	14142000	14192000	4
chr1	227818400	227868400	20
chr1	201704400	201754400	3
chr14	62161000	62211000	1
chr19	24508800	24558800	21
chr10	63805400	63855400	3
chr11	122015800	122065800	20
chr7	27206200	27256200	4
chr4	131400	181400	20
chr19	39137600	39187600	22
chr2	216254800	216304800	22
chr15	60642800	60692800	1
chr17	46622800	46672800	1
chr16	3324800	3374800	20
chr10	39102800	39152800	21
chr15	93446800	93496800	20
chr8	144984600	145034600	1
chr3	112316800	112366800	11
chr19	13105800	13155800	22
chr7	63773800	63823800	4
chr9	127019800	127069800	1
chr7	104618000	104668000	3
chr15	67392600	67442600	9
chr22	36718800	36768800	9
chr5	14164600	14214600	9
chr2	161219400	161269400	1
chr9	127022000	127072000	9
chr21	36215200	36265200	1
chr22	36691800	36741800	12
chr15	48888800	48938800	1
chr1	22215600	22265600	22
chr3	171756600	171806600	3
chr20	34285000	34335000	4
chr14	21688600	21738600	1
chr19	15356600	15406600	9
chr7	137637800	137687800	22
chr8	144987600	145037600	1
chr12	109203200	109253200	1
