chr11	3150200	3160200	6
chr1	85273600	85283600	14
chr5	137149200	137159200	14
chr7	12008400	12018400	14
chr11	3161400	3171400	14
chr9	3024400	3034400	6
chr18	3002000	3012000	6
chr1	183289600	183299600	6
chr2	98662200	98672200	6
chr9	35305000	35315000	6
chr9	24542000	24552000	6
chr18	40298400	40308400	6
chr11	3130600	3140600	6
chr11	3179000	3189000	14
chrX	112361400	112371400	6
chr11	60105800	60115800	6
chr18	37817400	37827400	6
chr2	165879000	165889000	6
chr11	3120600	3130600	6
chr18	12939400	12949400	6
chr14	19410200	19420200	6
chr9	2999800	3009800	6
chr12	86798800	86808800	6
chr1	86433800	86443800	6
chr1	134058400	134068400	6
chr11	109002200	109012200	6
chr10	79851400	79861400	6
chr4	106907400	106917400	6
chr19	46036600	46046600	6
chr6	125088200	125098200	6
chr11	120816200	120826200	6
chr2	26131800	26141800	6
chr2	181909400	181919400	6
chr6	3191800	3201800	6
chr13	3369200	3379200	6
chr5	32725600	32735600	14
chr2	30716200	30726200	6
chr5	146260800	146270800	6
chr9	3014400	3024400	6
chrX	170001600	170011600	6
chr4	70374600	70384600	6
chrX	76589400	76599400	6
chr12	86888000	86898000	6
chr8	126587200	126597200	6
chr11	98780600	98790600	6
chr2	30438800	30448800	6
chr13	119485400	119495400	6
chr10	80151600	80161600	6
chr5	125385400	125395400	6
chr19	44280000	44290000	6
chr17	34586000	34596000	6
chr11	3190000	3200000	6
chr17	39841800	39851800	6
chr17	45728000	45738000	6
chr18	75494600	75504600	6
chr7	25275400	25285400	6
chr9	3034400	3044400	6
chr5	123132800	123142800	6
chr9	4251400	4261400	14
chr12	3108400	3118400	6
chr19	44292400	44302400	6
chr6	114873800	114883800	6
chr2	30706200	30716200	6
chr9	72530200	72540200	6
chr8	84194800	84204800	6
chr1	85584800	85594800	14
chr12	20806200	20816200	2
chr2	165850800	165860800	6
chr6	86478600	86488600	6
chr3	87905600	87915600	6
chr2	30651200	30661200	6
chr9	31278600	31288600	6
chr19	5797200	5807200	6
chr5	125133800	125143800	6
chr1	180847600	180857600	6
chr13	119597000	119607000	6
chr9	107610600	107620600	6
chr12	67053200	67063200	6
chr7	45457000	45467000	6
chr3	95984800	95994800	6
chr2	3049600	3059600	6
chr1	86497000	86507000	6
chr6	103643000	103653000	6
chr13	119607800	119617800	14
chr2	118758000	118768000	6
chr4	148037200	148047200	6
chr2	30593200	30603200	6
chr12	74801800	74811800	6
chr2	75657200	75667200	6
chr11	113779000	113789000	6
chr5	142900600	142910600	6
chr7	4915600	4925600	6
chr1	48880800	48890800	12
chr17	46644200	46654200	6
chr11	60202800	60212800	6
chr9	121364800	121374800	6
chr9	72636400	72646400	6
chr5	114914400	114924400	6
chr6	72510800	72520800	6
chr11	106151800	106161800	6
