chr7	131530441	131555441	8
chr8	30383284	30408284	8
chr8	38429682	38454682	8
chr10	21497271	21522271	9
chr10	21500471	21525471	15
chr8	71671165	71696165	4
chr8	30390484	30415484	8
chr1	26408509	26433509	9
chr11	94639834	94664834	8
chr3	32820708	32845708	8
chr13	99960346	99985346	8
chr1	143642346	143668160	14
chr1	42931329	42956329	4
chr13	99962746	99987746	8
chrX	71097350	71122350	3
chr1	26990709	27015709	8
chr1	232116054	232141054	8
chr3	32853508	32878508	2
chr19	1251401	1276401	8
chr18	48937230	48962230	4
chr5	116549704	116574704	8
chr8	127796154	127821154	8
chr8	127795954	127820954	8
chrX	153862545	153887746	15
chr3	32817308	32842308	8
chr5	116548104	116573104	8
chr10	125132231	125157231	8
chr6	15247369	15272369	4
chr3	32835508	32860508	3
chr8	41299681	41324681	8
chr8	41299881	41324881	8
chr6	167223112	167248112	8
chr17	49000238	49025238	8
chrX	40146147	40171147	3
chr8	30531283	30556283	8
chr20	47346056	47371056	8
chr20	10647552	10672552	8
chr20	32760594	32785594	8
chr2	7867269	7892269	8
chr2	63843066	63868066	8
chr15	70079061	70104061	8
chrX	40081147	40106147	3
chr8	30395684	30420684	8
chr16	73032101	73057101	15
chr18	8607402	8632402	4
chrX	40152747	40177747	15
chr11	118906891	118931891	8
chr1	112803178	112828178	7
chrX	154359632	154384840	8
chr2	63839666	63864666	8
chr1	56526728	56551927	8
chr7	20775380	20800581	10
chr8	41296681	41321681	8
chrX	152884056	152909056	3
chr1	56514528	56539528	8
chr4	122825645	122850645	8
chr19	1247001	1272001	8
chr14	38187195	38212195	8
chr11	65484129	65509129	8
chr4	128816645	128841645	3
chr5	116544704	116569704	8
chr7	125915546	125940546	1
chr19	27748092	27773092	12
chr14	38187995	38212995	8
chr20	22555962	22580962	15
chr18	48941030	48966030	4
chr12	132273414	132298414	4
chrX	71101550	71126550	3
chrX	49161178	49188547	4
chr3	134354158	134379158	4
chr8	127809154	127834154	8
chr14	56793482	56818482	10
chr1	26994109	27019109	8
chr14	38188995	38213995	8
chr8	41290881	41315881	8
chr5	2737286	2762286	7
chr1	8856741	8881741	8
chr10	125138031	125163031	8
chr17	44538032	44563032	4
chr12	114664195	114689195	15
chr7	125909146	125934146	1
chr16	3006799	3031799	8
chr20	49273063	49298063	8
chr6	158795568	158820568	8
chr5	147431637	147456637	3
chrX	40087147	40112147	4
chr1	112697978	112722978	7
chr8	38422482	38447482	8
chr6	10382767	10407767	15
chr7	125906146	125931146	1
chr15	96329571	96354571	15
chrX	70420150	70445150	8
chr1	156653808	156678808	8
chr8	71662765	71687765	4
chr6	131321260	131346260	1
chr3	181706612	181731612	4
chr8	30426084	30451084	8
chr7	26182580	26207580	8
chr4	110608644	110633644	11
chr1	143634739	143660536	14
