chr12	53989416	54039416	14
chr7	27139581	27189581	14
chr17	48585238	48635238	9
chr10	41838008	42104352	14
chr8	11676091	11726091	1
chr15	96320771	96370771	9
chr17	79790801	79840801	15
chr2	176088072	176138072	14
chr21	10689456	10739456	12
chr2	89787797	89844190	12
chr12	114655995	114705995	8
chr10	38493272	38589269	14
chr10	38783469	38833469	12
chr2	176140672	176190672	14
chr6	10380567	10430567	3
chr10	100707843	100757843	15
chr4	173494049	173544049	15
chr15	89360369	89410369	15
chr4	8852874	8902874	14
chr7	27198381	27248381	15
chr3	147363813	147413813	14
chr21	10371256	10421256	12
chr9	123992521	124042521	15
chr16	56624288	56674288	14
chr17	48709438	48759438	14
chr2	44918061	44968061	15
chr19	12982586	13032586	14
chr2	218853277	218903478	14
chr10	8030037	8080037	3
chr9	126605521	126655521	14
chr2	132238227	132288227	14
chr5	93569094	93619094	14
chr16	34129533	34179533	14
chr7	155442105	155492105	14
chr12	47980417	48030417	14
chr10	101113243	101163243	15
chr20	30398924	31246997	12
chr2	222275881	222325881	3
chr1	18625106	18675106	14
chr19	1227001	1277001	3
chr19	1741601	1791601	15
chr4	49102383	49152383	14
chr10	38833669	41715608	15
chr11	31787052	31837253	14
chr19	1237201	1287201	3
chr10	117126089	117176089	14
chr13	99949546	99999546	3
chr19	38649360	38699360	3
chr19	1231401	1281401	3
chr22	36323755	36373755	8
chr1	46446928	46496928	14
chr2	218957478	219007478	3
chr16	73022101	73072101	14
chr2	92086974	92136974	15
chr10	101200643	101250643	15
chr1	156628208	156678208	8
chr3	128450357	128500357	15
chr7	96983888	97033888	14
chr13	99947746	99997746	3
chr1	39665528	39715528	14
chr18	48914630	48964630	3
chr21	10775856	12977279	12
chr1	47410128	47460128	15
chr3	134325958	134375958	3
chr10	75388242	75438242	14
chr3	50226368	50276569	3
chr19	1224201	1274201	3
chr6	28768023	28818023	14
chr6	99578524	99628524	14
chr19	38661960	38711960	3
chr8	23680287	23730287	14
chr20	10625752	10675752	8
chr9	62798976	62848976	15
chr2	44928061	44978061	15
chr1	27557689	27607689	3
chr1	33319999	33369999	14
chr10	99505843	99555843	15
chr16	678800	728800	3
chr17	79808801	79858801	15
chr1	42923129	42973129	3
chr12	54042616	54092616	14
chr9	62748099	62848376	15
chr16	67149897	67199897	14
chr10	21493871	21543871	3
chr1	18632506	18682506	14
chr16	73028701	73078701	14
chr9	63794866	63844866	14
chr6	149919064	149969064	14
chr1	205282472	205332472	3
chr4	26800	79107	12
chr12	57723417	57773417	4
chr5	88652782	88702983	14
chr2	70859470	70909470	14
chr13	27938863	27988863	14
chr17	39588347	39638347	14
chr1	917620	967620	3
chr3	75641049	75691049	14
chr16	86471594	86521594	15
chr2	222264081	222314081	3
chr3	75704049	75754049	12
