chr7	70322200	70372200	1
chr10	80131200	80181200	6
chr10	80123000	80173000	6
chr8	120502600	120552600	6
chr10	80140800	80190800	6
chr15	98760200	98810200	1
chr19	44717800	44767800	3
chr8	120516000	120566000	6
chr11	120215800	120265800	6
chr11	98311200	98361200	4
chr4	115930000	115980000	3
chr8	84762400	84812400	2
chr7	79496200	79546200	3
chr9	91355400	91405400	3
chr13	40697000	40747000	4
chr7	79498600	79548600	3
chr11	98922200	98972200	4
chr4	152114400	152164400	3
chr15	102903200	102953200	3
chr2	74655400	74705400	3
chr11	69979600	70029600	1
chr19	43571000	43621000	3
chr5	125130400	125180400	2
chr6	52154800	52204800	3
chr1	74762800	74812800	3
chr8	108690600	108740600	1
chr2	165840400	165890400	6
chr8	71653200	71703200	3
chr11	96160600	96210600	3
chr13	78162800	78212800	3
chr11	96306400	96356400	3
chr13	21994200	22044200	6
chr8	120531200	120581200	6
chr4	89265400	89315400	3
chr1	78171800	78221800	3
chr2	74705600	74755600	3
chr14	25456400	25506400	6
chr2	165838600	165888600	6
chr15	102981400	103031400	3
chr9	107533600	107583600	4
chr3	88197000	88247000	3
chr2	30676200	30726200	6
chr5	119643000	119693000	3
chr4	139805000	139855000	3
chr6	52216800	52266800	3
chr2	38331400	38381400	3
chr2	18025400	18075400	1
chr8	84685200	84735200	4
chr7	141428600	141478600	6
chr17	85599600	85649600	3
chr2	165850800	165900800	6
chr11	98740000	98790000	1
chr13	23528200	23578200	1
chr14	122444800	122494800	3
chr7	141433600	141483600	6
chr19	44638600	44688600	3
chr4	106907400	106957400	6
chr6	114872600	114922600	2
chr14	122443200	122493200	3
chr11	119036800	119086800	4
chr8	105253800	105303800	3
chr18	35827400	35877400	6
chr19	45127600	45177600	9
chr8	84682400	84732400	4
chr2	30674400	30724400	6
chr17	33907800	33957800	6
chr8	121079400	121129400	4
chr10	80465400	80515400	3
chr7	27325400	27375400	2
chr2	18027800	18077800	1
chr13	23524800	23574800	1
chr2	33599400	33649400	3
chr7	25267400	25317400	6
chr7	70336000	70386000	1
chr17	25788400	25838400	4
chrX	12115800	12165800	3
chr13	23531200	23581200	1
chr17	85447000	85497000	3
chr8	70484800	70534800	4
chr10	127507000	127557000	9
chr8	70483600	70533600	4
chr2	25270600	25320600	4
chr11	119012400	119062400	1
chr19	5722200	5772200	2
chr11	3154800	3204800	4
chr11	69086000	69136000	6
chr16	91221400	91271400	3
chr2	165209400	165259400	3
chr8	57307800	57357800	3
chr4	133009600	133059600	1
chr10	81134200	81184200	4
chr6	52271200	52321200	3
chrX	152176400	152226400	3
chr10	127047600	127097600	1
chr2	31626800	31676800	4
chr18	75360400	75410400	1
chr5	147265400	147315400	3
chr5	120393600	120443600	6
chr10	127163200	127213200	1
chr7	44847400	44897400	6
