chr17	47143834	47144034	14	7.66165	1	(7,14)	7.0927	1	16.6944
chr4	40295183	40295383	12	4.89794	1	(8,12)	3.05632	1	16.6798
chr17	47141834	47142034	12	5.6833	1	(7,12)	3.57454	1	16.4621
chr9	76175084	76175284	14	5.00126	1	(12,14)	3.27262	1	16.1637
chr19	56477431	56477631	13	4.95517	1	(1,13)	3.1569	1	16.1447
chr17	47138634	47138834	14	7.54256	1	(12,14)	4.98863	1	16.1325
chr17	47172034	47172234	14	7.64863	1	(14,14)	3.02407	1	16.0261
chr19	34961696	34961896	8	6.12625	1	(8,12)	6.30085	1	15.915
chr9	64997582	64997782	14	6.91796	1	(12,14)	3.75676	1	15.887
chr8	125941756	125941956	12	4.90647	1	(10,12)	3.5977	1	15.8705
chr19	56477231	56477431	1	4.83518	1	(1,13)	4.18595	1	15.8504
chr9	76175284	76175484	12	5.49307	1	(12,14)	4.10489	1	15.6817
chr8	125941156	125941356	8	5.94149	1	(8,12)	4.84317	1	15.6682
chrX	4240359	4240559	12	5.93361	1	(1,12)	2.72107	1	15.6305
chr5	141319833	141320033	4	6.86629	1	(4,12)	5.61182	1	15.5645
chr10	41710008	41710208	14	7.87432	1	(12,14)	5.88139	1	15.5402
chr6	150264264	150264464	10	8.18504	1	(10,12)	4.82772	1	15.528
chr19	56478031	56478231	1	4.64209	1	(1,13)	3.13355	1	15.4718
chrX	115888267	115888467	14	3.49235	1	(12,14)	1.22627	1	15.4713
chr9	137328148	137328348	14	5.11516	1	(12,14)	2.61491	1	15.453
chr19	56478231	56478431	13	3.76311	1	(2,13)	2.22883	1	15.436
chr19	34961496	34961696	12	7.78772	1	(8,12)	8.86992	1	15.427
chr7	158595308	158595508	14	7.7861	1	(14,14)	3.2646	1	15.4004
chr7	44883601	44883801	12	4.88459	1	(4,12)	2.70583	1	15.4
chr7	150520912	150521112	2	6.92612	1	(2,7)	4.75637	1	15.3964
chr17	47141634	47141834	14	6.19137	1	(12,14)	5.05721	1	15.396
chr5	141319633	141319833	12	6.60671	1	(4,12)	5.50157	1	15.3299
chr2	144515033	144515233	16	3.44097	1	(8,16)	1.56678	1	15.3142
chr2	144518633	144518833	14	3.48881	1	(3,14)	1.88209	1	15.31
chr12	132767214	132767414	14	6.68933	1	(12,14)	4.10442	1	15.3067
chr19	12195385	12195585	12	7.05063	1	(1,12)	4.66435	1	15.2968
chr17	47143634	47143834	16	5.20125	1	(7,16)	2.37173	1	15.2963
chr2	144519433	144519633	14	4.58888	1	(14,15)	2.89971	1	15.2962
chr1	168348962	168349162	14	8.0526	1	(14,18)	3.32326	1	15.2777
chrX	62466130	62466330	12	5.15927	1	(12,15)	2.58885	1	15.2697
chr2	86440277	86440477	12	5.22859	1	(1,12)	4.23568	1	15.2642
chr9	64951982	64952182	12	5.49394	1	(12,14)	4.12126	1	15.2578
chr7	62561422	62561622	14	8.83438	1	(12,14)	5.12568	1	15.2384
chr16	30096679	30096879	12	4.01478	1	(1,12)	2.29119	1	15.2175
chr1	236097300	236097500	14	3.54125	1	(9,14)	1.50884	1	15.2105
chr19	56508431	56508631	12	3.70438	1	(2,12)	2.13956	1	15.2079
chr6	105980725	105980925	14	3.93771	1	(6,14)	1.62466	1	15.2043
chr19	56476831	56477031	13	5.30595	1	(1,13)	5.3579	1	15.191
chr2	144515433	144515633	14	3.5425	1	(1,14)	1.99401	1	15.1795
chr12	130754655	130754855	10	5.65369	1	(9,10)	2.50218	1	15.1724
chr1	184388266	184388466	3	3.63265	1	(3,15)	1.47454	1	15.1683
chr19	58059432	58059632	1	3.33628	1	(1,13)	1.604	1	15.1561
chr9	63860066	63860266	12	6.12964	1	(1,12)	5.18167	1	15.1443
chrX	4240959	4241159	12	3.9713	1	(1,12)	2.2909	1	15.137
chr9	63859266	63859466	1	4.47311	1	(1,12)	3.12395	1	15.1339
chrX	112313372	112313572	12	5.49316	1	(12,14)	2.99759	1	15.1307
chr12	131627255	131627455	10	8.05071	1	(10,12)	6.35503	1	15.1271
chr2	144519033	144519233	1	5.69532	1	(1,14)	3.36155	1	15.11
chr19	56507231	56507431	4	4.57309	1	(4,13)	3.17378	1	15.0894
chr14	51420082	51420282	9	6.58259	1	(9,12)	5.66676	1	15.085
chr12	133081814	133082014	12	6.61023	1	(4,12)	5.49224	1	15.0689
chr4	49149783	49149983	14	7.92669	1	(12,14)	7.38728	1	15.0657
chr1	143720744	143720944	1	5.248	1	(1,10)	3.70144	1	15.0642
chr11	48824048	48824248	12	4.17334	1	(12,14)	2.40323	1	15.0572
chr4	49906	50106	15	4.63827	1	(12,15)	3.94468	1	15.0516
chr18	22346837	22347037	3	3.45595	1	(3,16)	1.54238	1	15.0148
chr1	184388066	184388266	15	3.62331	1	(3,15)	2.17422	1	15.0095
chr8	125942756	125942956	12	4.85744	1	(10,12)	3.59766	1	15.004
chr8	71842165	71842365	10	3.62089	1	(10,14)	2.05186	1	14.9978
chr4	49105583	49105783	14	6.87229	1	(12,14)	5.99244	1	14.9896
chr6	85451082	85451282	14	3.54382	1	(1,14)	1.30141	1	14.9844
chr19	58059232	58059432	2	4.20736	1	(2,13)	2.84206	1	14.9793
chr7	151408514	151408714	9	4.41661	1	(9,15)	2.77444	1	14.9475
chr20	49280663	49280863	8	7.84455	1	(8,12)	6.69991	1	14.9427
chr1	26129509	26129709	12	7.56799	1	(12,15)	5.56068	1	14.9355
chr19	56507431	56507631	10	3.4917	1	(2,10)	1.57872	1	14.9311
chr5	85661782	85661982	14	8.17976	1	(12,14)	6.27137	1	14.9296
chr18	22347637	22347837	10	4.37877	1	(1,10)	2.18123	1	14.9205
chr19	58182233	58182433	12	5.03268	1	(4,12)	3.7418	1	14.9148
chr8	125941956	125942156	10	7.98558	1	(10,12)	7.85726	1	14.9116
chr7	150571112	150571312	8	7.81393	1	(8,12)	6.70652	1	14.9091
chr12	10339	10539	10	5.64491	1	(10,12)	4.45482	1	14.8948
chr9	137327748	137327948	12	5.51144	1	(12,14)	3.4352	1	14.8947
chr19	57748432	57748632	12	6.54847	1	(4,12)	4.112	1	14.89
chr17	47135434	47135634	12	6.50953	1	(12,15)	4.49689	1	14.8793
chr13	57492466	57492666	12	4.5232	1	(4,12)	2.82239	1	14.8693
chr1	143699950	143700150	14	5.53787	1	(10,14)	3.53442	1	14.8607
chr17	41567148	41567348	12	4.53521	1	(9,12)	2.77401	1	14.8595
chr19	6592589	6592789	14	3.38475	1	(14,15)	1.59114	1	14.8566
chr10	41698008	41698208	14	8.53266	1	(14,14)	4.36883	1	14.8459
chr4	54506	54706	12	7.25634	1	(12,15)	4.886	1	14.8436
chr9	62827976	62828176	12	5.98649	1	(12,16)	5.60525	1	14.8433
chr15	81300459	81300659	8	7.60873	1	(2,8)	5.22786	1	14.831
chr6	62587895	62588095	14	4.86051	1	(12,14)	3.46802	1	14.83
chr3	43015308	43015508	12	5.80159	1	(9,12)	5.87447	1	14.8272
chr3	43016708	43016908	9	5.31073	1	(9,12)	4.6049	1	14.8205
chr18	22347837	22348037	1	5.07835	1	(1,14)	2.09217	1	14.8158
chr5	138352111	138352311	3	3.25817	1	(3,12)	1.61095	1	14.8142
chr13	50078464	50078664	16	3.74029	1	(3,16)	1.56108	1	14.8129
chr17	41567348	41567548	10	6.95487	1	(10,12)	5.35566	1	14.8112
chr14	31882194	31882394	15	4.66358	1	(12,15)	1.96949	1	14.8112
chr1	156114009	156114209	15	4.50748	1	(3,15)	2.82141	1	14.7967
chr19	57935232	57935432	12	8.39656	1	(1,12)	8.41517	1	14.7932
chr16	34158533	34158733	12	4.62273	1	(12,14)	3.42578	1	14.7815
chr12	10139	10339	14	11.5465	1	(14,14)	8.45921	1	14.7784
