chr19	13161400	13171400	16
chr17	1959600	1969600	23
chr12	115106600	115116600	20
chr19	13125400	13135400	10
chr19	13163000	13173000	23
chr4	50200	60200	8
chr19	13126200	13136200	10
chr19	13164000	13174000	23
chr19	13164200	13174200	23
chr1	200983800	200993800	12
chr10	63810000	63820000	5
chr17	46625400	46635400	11
chr19	27731000	27741000	3
chr19	13164600	13174600	23
chr1	1286800	1296800	14
chr9	22000000	22010000	24
chr12	115110400	115120400	20
chr1	1287400	1297400	14
chr17	1956400	1966400	23
chr1	200984600	200994600	12
chr19	13117800	13127800	10
chr4	141011600	141021600	14
chr17	43317800	43327800	23
chr12	57538800	57548800	12
chr22	46360000	46370000	9
chr9	21983400	21993400	16
chr11	121964600	121974600	1
chr7	45011800	45021800	1
chr17	63548000	63558000	16
chr12	115112000	115122000	20
chr5	140865400	140875400	3
chr2	66664400	66674400	22
chr6	10400400	10410400	9
chr6	10400200	10410200	9
chr9	21984800	21994800	16
chr3	55510000	55520000	4
chr1	55321800	55331800	11
chr1	55322200	55332200	11
chr17	63546000	63556000	16
chr12	57527200	57537200	9
chr17	46620800	46630800	11
chr17	59477200	59487200	24
chr22	30644000	30654000	19
chr1	201978600	201988600	22
chr2	216280800	216290800	4
chr5	148794400	148804400	11
chr12	54378400	54388400	24
chr10	73521600	73531600	10
chr1	966800	976800	12
chr17	46652400	46662400	22
chr17	46673400	46683400	12
chr12	57526800	57536800	12
chr3	112351000	112361000	18
chr17	43314600	43324600	23
chr7	27153600	27163600	22
chr3	55510600	55520600	9
chr17	46673600	46683600	12
chr22	20776800	20786800	6
chr10	63806400	63816400	11
chr19	13203200	13213200	24
chr4	141014200	141024200	9
chr2	216292800	216302800	23
chr10	63806200	63816200	11
chr3	48595000	48605000	16
chr1	201616200	201626200	24
chr4	141010600	141020600	14
chr7	27171400	27181400	15
chr2	173298400	173308400	13
chr21	36182600	36192600	14
chr15	74214200	74224200	16
chr2	47260600	47270600	3
chr12	34493800	34503800	21
chr13	110955400	110965400	6
chr13	110949800	110959800	23
chr10	73520600	73530600	10
chr17	63549000	63559000	14
chr4	141014600	141024600	9
chr2	47258800	47268800	3
chr6	10403000	10413000	9
chr1	20799600	20809600	15
chr5	1103400	1113400	4
chr18	74775600	74785600	4
chr5	131755800	131765800	15
chr17	48260800	48270800	16
chr2	121491400	121501400	9
chr5	131755200	131765200	15
chr2	133023200	133033200	23
chr1	200861200	200871200	1
chr5	148785400	148795400	22
chr10	74087200	74097200	11
chr5	1103600	1113600	4
chr15	96881600	96891600	11
chr16	86598000	86608000	1
chr2	102757600	102767600	21
chr7	27202000	27212000	4
chr9	22001400	22011400	4
chr7	41732800	41742800	19
chr1	170634400	170644400	18
chr2	127835600	127845600	10
chr7	94022600	94032600	23
