chr15	25045853	25095853	20
chr12	133080014	133130014	1
chr19	58229434	58279434	4
chr19	38647160	38697160	9
chr4	424611	474611	3
chr22	36323955	36373955	9
chr1	27555489	27605489	9
chr19	36513098	36563098	1
chr19	58164433	58214634	20
chr19	57963632	58013632	20
chr17	77432318	77482318	9
chr20	47311856	47361856	9
chr20	47310856	47360856	9
chr19	36710498	36760498	20
chr22	36315755	36365755	9
chr19	57529632	57579632	1
chr1	2226761	2276761	9
chr19	23334998	23384998	20
chr19	52088147	52138147	1
chr19	51855347	51905347	1
chr10	79066443	79116443	3
chr1	27549289	27599289	9
chr20	47305456	47355456	9
chr10	125113031	125163031	9
chr9	131393013	131443013	9
chr19	1230401	1280401	9
chr15	92880770	92930770	3
chr11	12675253	12725253	3
chr14	21220441	21270441	2
chr15	96320771	96370771	9
chr9	131391813	131441813	9
chr5	139636015	139686015	9
chr5	139635615	139685615	9
chr19	15249589	15299589	10
chr19	58157233	58207434	20
chr19	51992747	52042747	1
chr17	77450118	77500118	9
chr19	56533231	56583432	1
chr20	62905048	62955048	9
chr19	58094433	58144433	20
chr5	180243800	180293800	2
chr8	143911432	143961432	9
chr10	80454444	80504444	9
chr10	79110443	79160443	9
chr17	7203681	7253681	3
chr19	52287547	52337547	1
chr4	336011	386011	1
chr17	17680686	17730686	1
chr17	38867147	38917147	9
chr15	96316171	96366171	9
chr19	15256389	15306389	9
chr2	234951156	235001156	9
chr14	68930683	68980683	1
chr1	26692109	26742109	9
chr19	19444591	19494591	9
chr12	133029414	133079414	1
chr2	234951556	235001556	9
chr11	62525728	62575728	3
chr17	7213881	7263881	9
chr1	157992010	158042010	13
chr12	133143814	133193814	4
chr17	77368918	77418918	9
chr10	119031688	119081688	3
chr17	7207881	7257881	3
chr19	38673360	38723360	9
chr19	55634234	55684234	1
chr16	89314792	89364792	9
chr8	143928232	143978232	9
chr17	20994687	21044687	9
chr12	124496654	124546654	9
chr12	120216197	120266197	9
chr12	133181214	133231214	4
chr17	38865747	38915747	9
chr2	207118276	207168276	1
chr2	207117876	207167876	1
chr19	36618698	36668698	1
chr14	73738297	73788297	9
chr19	4367203	4417203	2
chr19	56525831	56576032	1
chr20	35694078	35744078	1
chr1	156630808	156680808	9
chr15	98646771	98696771	9
chr12	124498454	124548454	9
chr15	67063662	67113662	9
chr19	57950032	58000032	20
chr17	79795801	79845801	9
chr14	68915683	68965683	9
chr16	89400992	89450992	10
chr12	110279795	110329795	3
chr16	73022101	73072101	1
chr17	48576838	48626838	2
chr1	19437106	19487106	9
chr8	30383084	30433084	3
chr14	68908083	68958083	9
chr2	176079072	176129072	23
chr3	9387516	9437516	3
chr12	108682824	108732824	9
chr5	14142091	14192091	1
chr2	54556863	54606863	3
chr3	172122410	172172410	9
