chr1	1158400	1178600	4
chr15	72657200	72677600	4
chr15	59938400	59958800	4
chr15	59055600	59075800	4
chr15	50967400	50987600	4
chr15	44572200	44593000	4
chr15	41825600	41845800	4
chr15	41700400	41720600	4
chr15	41683800	41704000	4
chr15	74278000	74298200	4
chr15	40217200	40237400	4
chr15	91554600	91574800	4
chr16	729400	749600	4
chr16	87788400	87808600	4
chr16	82192600	82213000	4
chr16	81029000	81049200	4
chr16	77216000	77236200	4
chr16	70824000	70844200	4
chr16	68335800	68356000	4
chr15	34864400	34884600	4
chr16	57487400	57507600	4
chr15	74977200	74997600	4
chr15	83645600	83666000	4
chr14	76116200	76136400	4
chr14	75168800	75189000	4
chr14	69857600	69878000	4
chr14	69607600	69627800	4
chr14	63998200	64018600	4
chr14	59942200	59962400	4
chr14	58702600	58723000	4
chr14	55867200	55887600	4
chr15	76592600	76612800	4
chr14	51123000	51143200	4
chr14	35506600	35526800	4
chr14	35443400	35463600	4
chr14	23929600	23949800	4
chr14	21896200	21916400	4
chr14	104376800	104397200	4
chr15	29550000	29570400	4
chr15	91488800	91509400	4
chr15	89001800	89022000	4
chr14	35752600	35773200	4
chr14	77912800	77933200	4
chr16	57472200	57492400	4
chr16	57212000	57232200	4
chr17	57278200	57298400	4
chr17	47010800	47031200	4
chr17	46961200	46981400	4
chr17	46176200	46196400	4
chr17	46039200	46059400	4
chr17	45166600	45186800	4
chr17	60492200	60512400	4
chr17	60547600	60567800	4
chr17	53034400	53055000	4
chr17	61807800	61828000	4
chr17	78112200	78132400	4
chr17	73890000	73910200	4
chr17	73654400	73674600	4
chr17	73652200	73672600	4
chr17	73246400	73266600	4
chr17	73192800	73213000	4
chr17	65813400	65834200	4
chr17	65705200	65725400	4
chr17	78379800	78400400	4
chr16	57470200	57490400	4
chr17	53819400	53839600	4
chr17	607000	627200	4
chr16	56754800	56775000	4
chr16	56476600	56496800	4
chr16	47483600	47503800	4
chr16	46853200	46873400	4
chr16	29612600	29633200	4
chr16	2011200	2031400	4
chr16	2578600	2599000	4
chr16	3175800	3196200	4
chr17	55027000	55047800	4
chr16	4390400	4410600	4
chr16	4466800	4487000	4
chr16	8706600	8726800	4
chr16	8880400	8900600	4
chr16	14388000	14408200	4
chr16	15735200	15755400	4
chr16	15971400	15991600	4
chr16	4773200	4793400	4
chr16	89274800	89295000	4
chr16	88718000	88738200	4
chr17	61839800	61860000	4
chr14	81397200	81417400	4
chr14	102405800	102426000	4
chr11	86004400	86024600	4
chr11	86740000	86760200	4
chr11	94695600	94716000	4
chr11	95511600	95531800	4
chr11	116647600	116667800	4
chr11	118918800	118939200	4
chr11	77112000	77132200	4
chr11	57471000	57491600	4
chr11	85947600	85967800	4
chr11	899600	920000	4
chr11	6244800	6265000	4
