chr10	42375800	42400800	14
chr19	58701600	58726600	12
chr15	25295400	25320400	12
chr21	10773800	10798800	12
chr2	89855000	89880000	14
chr2	133011800	133036800	14
chr19	58753800	58778800	12
chr4	49635000	49660000	14
chr21	10799000	10824000	12
chr4	49098200	49123200	14
chr19	1251400	1276400	8
chr21	11114600	11139600	12
chr19	1249200	1274200	8
chr16	33942200	33967200	14
chr19	58627800	58652800	12
chr16	46388400	46413400	14
chr19	58481200	58506200	12
chr22	36716600	36741600	9
chr19	44980200	45005200	4
chr2	172946800	172971800	14
chr11	65253200	65278200	8
chr3	75766600	75791600	12
chr12	133618400	133643400	12
chr2	133005400	133030400	14
chr21	10830200	10855200	12
chr10	39128600	39153600	12
chr10	38793800	38818800	12
chr11	31819800	31844800	14
chr15	25320600	25345600	12
chr10	42793000	42818000	12
chr10	39076600	39101600	12
chr20	29808400	29833400	12
chr10	102487400	102512400	14
chr3	134069600	134094600	8
chr1	91171400	91196400	14
chr7	155240200	155265200	14
chr2	176943200	176968200	14
chr19	58042600	58067600	12
chr19	39189200	39214200	8
chr1	207977000	208002000	8
chr11	118776600	118801600	8
chr19	39137800	39162800	3
chr10	124890400	124915400	14
chr12	133655600	133680600	4
chr17	77764000	77789000	2
chr2	119592600	119617600	14
chr11	44324000	44349000	14
chr11	118776000	118801000	8
chr22	46462600	46487600	8
chr16	68584800	68609800	12
chr19	37028600	37053600	12
chr4	10094400	10119400	3
chr9	126759400	126784400	14
chr17	35283200	35308200	15
chr22	46464800	46489800	3
chr2	223153200	223178200	14
chr7	6718800	6743800	12
chr10	8075200	8100200	15
chr10	102973400	102998400	14
chr13	100619800	100644800	15
chr4	49139800	49164800	12
chr12	133760600	133785600	12
chr19	37299000	37324000	12
chr14	74205200	74230200	8
chr17	38245400	38270400	8
chr17	77761400	77786400	2
chr19	37196800	37221800	12
chr8	11546400	11571400	14
chr15	68109000	68134000	14
chr17	8042800	8067800	8
chr2	45158200	45183200	14
chr12	133709800	133734800	12
chr4	424400	449400	12
chr22	36706600	36731600	8
chr4	13524400	13549400	14
chr15	53075000	53100000	14
chr19	2038400	2063400	8
chr14	36971800	36996800	14
chr9	68402400	68427400	14
chr7	156791800	156816800	15
chr19	2040200	2065200	8
chr17	8043600	8068600	8
chr8	145003200	145028200	8
chr12	133569200	133594200	12
chr8	145002800	145027800	8
chr11	64622000	64647000	8
chr7	96630200	96655200	14
chr12	133500800	133525800	12
chr5	87962600	87987600	14
chr4	111535000	111560000	14
chr21	38060800	38085800	14
chr8	145006800	145031800	8
chr19	37115400	37140400	12
chr19	38038600	38063600	12
chr16	86526200	86551200	14
chr12	54337800	54362800	15
chr4	4852800	4877800	14
chr9	37019400	37044400	14
chr12	54365200	54390200	14
chr19	52808600	52833600	12
