chr11	3141800	3166800	6
chr11	96321800	96346800	6
chr11	3172600	3197600	12
chr2	165864600	165889600	6
chr6	52157200	52182200	6
chr2	165862200	165887200	6
chr6	52199600	52224600	3
chr8	84770000	84795000	6
chr14	63231800	63256800	3
chr18	37744000	37769000	6
chr8	57311400	57336400	3
chr10	80145400	80170400	4
chr1	42683400	42708400	1
chr8	121069200	121094200	3
chr7	79495800	79520800	3
chr7	70345800	70370800	6
chr9	3013400	3038400	12
chr5	119663000	119688000	3
chr2	9871000	9896000	9
chr2	26480400	26505400	6
chr3	88198200	88223200	1
chr11	85824400	85849400	6
chr18	75367600	75392600	6
chr10	80140200	80165200	4
chr3	34641800	34666800	3
chr19	44740000	44765000	3
chr11	97798200	97823200	12
chr15	102990600	103015600	3
chr12	57531200	57556200	1
chr13	83715000	83740000	3
chr5	139534800	139559800	3
chr7	137298200	137323200	3
chr2	74691400	74716400	3
chr2	38336600	38361600	3
chr7	70332000	70357000	6
chr14	122459800	122484800	3
chr11	119034200	119059200	4
chr4	22476400	22501400	3
chr15	102959200	102984200	3
chr2	105665800	105690800	3
chr12	86877400	86902400	6
chr19	5793800	5818800	12
chr6	52224800	52249800	3
chr8	108694200	108719200	3
chr9	91361200	91386200	9
chr14	25457600	25482600	6
chr11	98924000	98949000	6
chr10	127508400	127533400	6
chr3	129201200	129226200	3
chrX	169978200	170003200	6
chr18	35827800	35852800	6
chr2	71523200	71548200	3
chr15	85665400	85690400	12
chr19	59448000	59473000	3
chr2	74725400	74750400	3
chr15	85666400	85691400	12
chr17	26833800	26858800	3
chrX	169975200	170000200	6
chr12	56516800	56541800	3
chr5	119822600	119847600	3
chr8	12379800	12404800	3
chr9	61367400	61392400	4
chr1	88275000	88300000	12
chr8	84701000	84726000	4
chr11	97802600	97827600	6
chr8	84699400	84724400	4
chr2	148026600	148051600	3
chr11	98315200	98340200	3
chr8	108696600	108721600	5
chr7	79525400	79550400	3
chr13	40721000	40746000	3
chr8	94976800	95001800	12
chr12	49378400	49403400	3
chr5	147298000	147323000	3
chr1	184713200	184738200	2
chr14	48651400	48676400	13
chr1	88236000	88261000	12
chr2	116051800	116076800	2
chr6	6857600	6882600	3
chr11	98765200	98790200	6
chr11	98920200	98945200	6
chr10	82131600	82156600	14
chr11	120218800	120243800	12
chr9	44482800	44507800	6
chr8	84760600	84785600	8
chr18	11044000	11069000	2
chr1	78183800	78208800	3
chr18	37670400	37695400	14
chr11	98744000	98769000	6
chr13	72619200	72644200	3
chr5	106446400	106471400	3
chr4	152107400	152132400	4
chr9	74845400	74870400	3
chr11	98744600	98769600	6
chr11	98946200	98971200	6
chr13	78178200	78203200	3
chr2	147174000	147199000	3
chr19	43594000	43619000	3
chr11	21985400	22010400	3
chr1	120590600	120615600	3
