chr7	131193800	131243800	8
chr3	32866000	32916000	8
chr3	32874800	32924800	8
chr8	30244200	30294200	8
chr8	38283800	38333800	8
chr10	126801600	126851600	8
chr1	149137400	149187400	14
chr8	30253400	30303400	8
chr1	149135200	149185200	14
chrX	70317200	70367200	3
chr20	45939800	45989800	8
chr13	100601600	100651600	8
chr3	147085400	147135400	15
chr12	132903000	132953000	10
chr6	10380400	10430400	15
chr3	147093000	147143000	15
chr12	115092200	115142200	9
chr15	96864200	96914200	15
chr10	21781400	21831400	4
chr16	73056000	73106000	15
chr2	64066800	64116800	8
chrX	69631200	69681200	8
chr20	31348800	31398800	10
chrX	69627800	69677800	8
chrX	69634200	69684200	8
chr12	132885000	132935000	10
chr5	115864200	115914200	8
chr15	96869600	96919600	15
chr17	46591200	46641200	15
chr8	72580400	72630400	4
chrX	153106400	153156400	15
chr10	21785600	21835600	4
chr8	38269200	38319200	8
chr8	128802600	128852600	8
chr1	43388400	43438400	3
chr6	15239400	15289400	4
chr7	157357200	157407200	15
chr19	39136400	39186400	8
chrX	49007200	49057200	3
chr20	45953600	46003600	8
chr2	91828200	91878200	1
chr18	46456200	46506200	4
chr2	91827000	91877000	1
chr20	45931800	45981800	8
chrX	152903600	152953600	10
chr1	44965200	45015200	10
chrX	40000200	40050200	3
chr17	46644400	46694400	15
chr1	149110600	149160600	14
chr19	1238200	1288200	8
chr20	22529000	22579000	15
chrX	152056200	152106200	3
chr8	128806000	128856000	8
chr19	51140400	51190400	4
chr8	72583200	72633200	4
chr18	46460800	46510800	4
chr17	47067600	47117600	8
chr19	55855200	55905200	8
chr1	56971800	57021800	8
chr16	3054200	3104200	8
chr1	44962800	45012800	10
chrX	153049400	153099400	3
chr2	91750400	91800400	15
chr17	77760600	77810600	15
chrX	153657000	153707000	4
chr2	44990800	45040800	3
chr19	51148800	51198800	4
chr1	56968800	57018800	8
chr3	181410600	181460600	4
chr8	30268200	30318200	8
chr1	214449200	214499200	10
chr15	89910400	89960400	15
chr20	31344200	31394200	8
chr19	1246000	1296000	8
chrX	39921800	39971800	4
chr1	56976400	57026400	8
chr8	41142000	41192000	8
chr1	156602000	156652000	8
chr5	92906400	92956400	2
chr7	27179200	27229200	15
chrX	153264800	153314800	7
chr17	47070000	47120000	8
chr19	42091400	42141400	15
chr1	18953200	19003200	15
chrX	39930800	39980800	4
chrX	152948800	152998800	4
chr3	184273600	184323600	4
chrX	153625200	153675200	8
chr12	132965200	133015200	15
chr5	115871000	115921000	8
chrX	153055200	153105200	3
chrX	152049200	152099200	3
chr14	77563200	77613200	8
chr13	51787800	51837800	8
chr3	181404200	181454200	4
chr19	39133400	39183400	8
chr7	157462600	157512600	11
chr8	41151400	41201400	8
chr13	51788400	51838400	8
chr20	22539200	22589200	15
