chr19	58184233	58209434	4
chr19	58229634	58254634	4
chr15	25050053	25075053	20
chr19	57976432	58001432	4
chr12	132988014	133013014	20
chr19	57530232	57555232	20
chr12	133081814	133106814	4
chr19	9560124	9585124	4
chr19	51961947	51986947	4
chr16	86493394	86518394	23
chr15	25075253	25100253	20
chr16	86493594	86518594	23
chr19	36544898	36569898	20
chr7	6682769	6707769	6
chr19	52299147	52324147	20
chr12	133133214	133158214	20
chr19	36812498	36837498	20
chr5	180244200	180269200	20
chr19	44473183	44500748	4
chr7	27161981	27186981	23
chr7	27158381	27183381	23
chr19	52111547	52136547	20
chr12	133036414	133061414	4
chr13	27953863	27978863	9
chr19	36703498	36728498	20
chr4	447411	472411	20
chr19	36745698	36770698	20
chr19	58255234	58280234	4
chr2	89816190	89841190	22
chr19	57682832	57707832	4
chr19	36636298	36661298	20
chr19	52061947	52086947	20
chr19	37562298	37587499	20
chr19	58121633	58146633	20
chr11	65484929	65509929	9
chr19	52542947	52567947	20
chr19	38647360	38672360	22
chr16	3386600	3411600	1
chr19	37227898	37252898	22
chr16	3285000	3310000	22
chr4	335811	360811	4
chr2	132255027	132280027	23
chr19	1247401	1272401	22
chr19	56600832	56625832	20
chr19	56403031	56428031	16
chr19	23332398	23357398	20
chr22	46066320	46091320	22
chr8	143932832	143957832	1
chr10	41838408	41863408	22
chr19	52015747	52040747	4
chr17	48580638	48605638	24
chr19	57924032	57949032	4
chr15	96333771	96358771	23
chr16	86486594	86511594	10
chr11	67265729	67290729	22
chr19	9323124	9348124	4
chr11	118905891	118930891	1
chr15	96320771	96345771	24
chr7	27096981	27121981	1
chr18	22170239	22195438	9
chr22	36350555	36375555	9
chr19	37145098	37170098	20
chr16	68548897	68573897	20
chr14	73738697	73763697	9
chr19	38673960	38698960	9
chr11	62537328	62562328	13
chr15	40333799	40358799	1
chr22	36321755	36346755	9
chr19	12522786	12547786	20
chr18	48928430	48953430	22
chr12	133181014	133206014	4
chr19	37420098	37445098	20
chr19	48612743	48637743	13
chr5	139646815	139671815	4
chr19	13002186	13027186	4
chr19	20541194	20566194	4
chr12	121788494	121813494	1
chr1	156112409	156137409	9
chr21	10707456	10732456	22
chr17	40089347	40114347	9
chr19	37556098	37581299	20
chr19	52373947	52398947	4
chr17	48562438	48587438	22
chr16	29803879	29828879	22
chr17	48623238	48648238	23
chr22	36318555	36343555	9
chr9	136839148	136864148	22
chr2	217918077	217943077	13
chr19	58114233	58139233	20
chr11	65415529	65440529	9
chr11	826400	851400	23
chr19	13830186	13855186	13
chr19	1064401	1089401	16
chr19	52938947	52963947	1
chr11	825600	850600	23
chr19	56535831	56560831	22
chr17	2048106	2073106	1
chr19	57769032	57794032	20
chr11	114156278	114181278	11
chr12	133106614	133131614	22
