chr17	41361600	41402400	14
chr17	45201200	45241400	14
chr17	41380000	41421200	14
chr17	45229200	45269600	14
chr3	196605400	196645800	14
chr17	45238800	45279200	14
chr12	75400	115600	14
chr12	133323800	133364200	14
chr20	47876200	47918000	8
chr12	2345000	2385200	12
chr7	158367800	158408200	12
chr5	140679400	140719800	12
chr17	45194400	45234800	14
chr17	76333400	76374600	8
chr11	65251800	65294400	8
chr17	39826200	39866800	8
chr7	5547200	5588800	8
chr5	179027400	179069200	8
chr17	45215400	45255800	14
chr20	42067800	42108000	8
chr16	14560800	14601200	14
chr6	32922200	32963000	8
chr14	102531600	102572200	8
chr14	67491200	67531600	14
chr3	186482400	186523800	8
chr22	18858200	18898800	14
chr8	43072800	43113400	14
chr19	27716400	27757000	14
chr20	29591000	29631600	14
chr18	18498800	18540400	14
chr2	133009000	133051400	14
chr9	72633000	72673600	14
chr14	70215000	70255600	8
chr1	35636000	35676800	8
chr18	88000	129600	14
chr11	8685600	8726000	8
chr6	58756800	58799400	14
chr6	74208200	74249200	8
chr14	69235600	69277000	8
chr17	45214200	45254600	14
chr1	156166200	156206800	14
chr2	217344600	217385000	8
chr16	89608000	89648600	8
chr17	79456000	79498600	8
chr17	56062800	56103400	8
chr2	91796400	91837000	15
chr1	203256200	203297800	8
chr11	61712600	61753200	8
chr6	31302800	31343800	8
chr17	45192800	45233200	12
chr9	68435200	68476000	12
chr19	57968000	58008200	12
chr22	39897600	39939600	8
chr12	58109800	58150800	14
chr11	64524400	64564800	8
chr10	42514600	42555000	14
chr19	58721000	58761400	4
chr20	29498400	29539000	12
chr5	177992600	178032800	14
chr5	172174600	172216800	8
chr21	11166200	11206800	14
chr19	58673600	58714000	12
chr10	127563800	127605600	12
chr14	35850800	35892800	8
chr16	46371800	46412200	14
chr1	145420200	145462400	8
chr19	1254600	1295200	8
chr6	30438200	30479000	8
chr22	18861800	18902200	14
chr19	58500800	58541600	12
chr8	145996400	146037000	8
chrX	61821800	61862200	14
chr14	103781800	103822400	8
chr19	18369000	18410200	8
chr19	27711800	27753400	14
chr19	14606800	14647600	8
chr4	80254400	80294800	14
chr16	46366000	46406800	14
chr8	46832400	46872600	14
chr2	92280600	92321200	14
chr5	40813600	40854200	8
chr22	50336400	50377000	8
chr19	12285400	12325600	12
chr2	208612000	208652800	15
chr10	42509200	42549600	14
chr16	46375200	46415600	14
chr3	73140000	73180200	14
chr19	49980800	50021200	8
chr16	46384800	46425200	14
chr6	58754400	58794800	14
chr11	51571200	51611600	14
chr10	3801600	3844200	8
chr11	122910000	122951600	8
chrY	10003200	10044200	14
chr19	49356800	49398000	8
chr19	57162200	57202800	4
chr1	150527200	150568800	8
chr2	133008200	133048600	14
chr4	80253600	80294000	14
chr8	56735200	56775400	14
