chr10	42375800	42400800	14
chr21	10773800	10798800	12
chr19	1250400	1275400	8
chr15	25295200	25320200	12
chr21	10799000	10824000	12
chr19	1249200	1274200	8
chr21	11106600	11131600	12
chr2	89855000	89880000	12
chr19	58701600	58726600	12
chr19	58753800	58778800	12
chr4	49635000	49660000	14
chr2	133011800	133036800	14
chr16	33942400	33967400	14
chr4	49098200	49123200	12
chr2	133008200	133033200	14
chr21	10833200	10858200	12
chr11	118776600	118801600	3
chr17	77764000	77789000	2
chr22	36715800	36740800	8
chr10	38793800	38818800	12
chr16	46388400	46413400	14
chr19	1255600	1280600	8
chr10	39129800	39154800	12
chr3	75766600	75791600	12
chr11	65252800	65277800	8
chr10	42793000	42818000	12
chr19	58627600	58652600	12
chr12	133619200	133644200	12
chr10	124890200	124915200	14
chr10	102487800	102512800	15
chr19	1256200	1281200	8
chr17	77767800	77792800	2
chr1	91171400	91196400	14
chr20	29804000	29829000	12
chr7	155240200	155265200	14
chr9	126759400	126784400	14
chr8	11546400	11571400	14
chr2	176943400	176968400	14
chr10	8075600	8100600	14
chr19	58481200	58506200	12
chr2	172946800	172971800	14
chr19	44980200	45005200	4
chr10	39076600	39101600	12
chr11	31817800	31842800	14
chr22	36746800	36771800	8
chr10	102973600	102998600	14
chr11	44323800	44348800	14
chr4	10094600	10119600	1
chr21	11162000	11187000	14
chr9	68402400	68427400	14
chr15	68109000	68134000	14
chr2	119592600	119617600	14
chr14	36971800	36996800	14
chr16	86526200	86551200	14
chr15	25320400	25345400	12
chr2	219844400	219869400	14
chr11	118780200	118805200	3
chr21	11132600	11157600	12
chr5	87967000	87992000	14
chr8	145003000	145028000	3
chr19	39152400	39177400	9
chr4	13524600	13549600	14
chr15	89899400	89924400	14
chr17	46686800	46711800	14
chr15	53075200	53100200	14
chr12	54322800	54347800	15
chr7	156792200	156817200	14
chr10	102880600	102905600	14
chr4	49142400	49167400	12
chr2	45158200	45183200	14
chr4	4852800	4877800	14
chr10	119290400	119315400	14
chr19	1744800	1769800	14
chr17	35283400	35308400	15
chr9	37018800	37043800	14
chr12	122230400	122255400	8
chr22	36706600	36731600	8
chr7	96632200	96657200	14
chr17	46808000	46833000	15
chr7	6722000	6747000	1
chr12	133760600	133785600	12
chr11	65255600	65280600	8
chr11	118769400	118794400	3
chr5	179674200	179699200	12
chr1	150528200	150553200	8
chr2	105466000	105491000	14
chr6	108475200	108500200	14
chr7	1263800	1288800	15
chr7	27220800	27245800	14
chr1	18955600	18980600	14
chr21	38060400	38085400	14
chr12	122231800	122256800	8
chr17	37024800	37049800	3
chr6	28733200	28758200	2
chr4	40800	65800	12
chr22	36726200	36751200	8
chr12	57612600	57637600	4
chr19	52808000	52833000	12
chr12	57612800	57637800	4
chr6	100042400	100067400	14
