chr5	133450200	133460200	22
chr5	133450400	133460400	22
chr5	133448800	133458800	22
chr14	99722800	99732800	18
chr12	10120000	10130000	22
chr5	35854200	35864200	22
chr15	96873600	96883600	22
chr11	118208200	118218200	22
chr4	38796600	38806600	20
chr7	138241600	138251600	4
chr12	10118200	10128200	4
chr8	126953400	126963400	22
chr1	158799800	158809800	1
chr17	72610600	72620600	1
chr17	37929200	37939200	14
chr19	19921600	19931600	4
chr7	27180200	27190200	1
chrX	37638800	37648800	22
chr7	27179800	27189800	1
chr1	117297200	117307200	22
chr1	117298600	117308600	22
chr9	139552800	139562800	22
chr17	46642000	46652000	23
chr9	139553200	139563200	22
chr2	66663000	66673000	9
chr1	47687600	47697600	4
chr7	64140400	64150400	20
chr16	66551400	66561400	13
chr19	9258400	9268400	20
chr14	106364400	106374400	24
chr7	27177000	27187000	1
chr10	8098800	8108800	23
chr4	109079400	109089400	23
chr10	8098000	8108000	23
chr3	128198600	128208600	9
chr1	47688600	47698600	1
chr10	42355000	42365000	22
chr11	120208400	120218400	23
chr2	113586800	113596800	19
chr9	139555400	139565400	22
chr3	128199200	128209200	24
chr14	106367400	106377400	24
chr3	128198000	128208000	9
chr1	44876600	44886600	9
chr9	95787200	95797200	11
chr19	32849200	32859200	24
chr17	46657800	46667800	4
chr19	53044600	53054600	20
chr9	137801600	137811600	20
chr4	48131200	48141200	22
chr14	99705600	99715600	23
chr17	46658000	46668000	4
chr7	64457800	64467800	4
chr14	99695800	99705800	15
chr14	106322200	106332200	13
chr22	40295000	40305000	22
chrX	13098600	13108600	13
chr22	40296400	40306400	22
chrX	78399800	78409800	1
chr14	99717600	99727600	23
chr1	25884200	25894200	11
chr16	75282600	75292600	22
chr5	172191600	172201600	1
chr14	99700200	99710200	23
chr2	47293600	47303600	13
chr1	35910400	35920400	11
chr15	50401200	50411200	13
chr22	40352600	40362600	23
chr14	23014800	23024800	18
chr4	48130200	48140200	22
chr8	143402400	143412400	18
chr7	27193000	27203000	23
chr9	132622800	132632800	11
chr21	39860800	39870800	3
chr22	50971800	50981800	13
chr17	40461800	40471800	11
chr11	3387200	3397200	20
chr19	16476400	16486400	13
chr22	37690600	37700600	13
chrX	78399200	78409200	1
chr22	40352400	40362400	23
chr19	13940800	13950800	11
chr14	61937600	61947600	13
chr3	49840400	49850400	1
chr19	58257400	58267400	22
chr4	48129400	48139400	22
chr19	20013000	20023000	4
chr2	231734600	231744600	13
chr19	18278800	18288800	22
chr17	8055800	8065800	22
chr19	58282000	58292000	4
chr19	9684400	9694400	4
chr11	1767600	1777600	19
chr17	38712600	38722600	22
chr16	68103400	68113400	13
chr11	118084200	118094200	4
chr17	57914400	57924400	1
chr6	390400	400400	23
chr7	150209200	150219200	20
chr1	25235400	25245400	11
