chr20	31710597	31720597	8
chr2	132267427	132277427	15
chr1	8866341	8876341	8
chr20	49278663	49288663	8
chr19	27240892	27250892	14
chr20	31691997	31701997	8
chr1	8865341	8875341	8
chr2	132263627	132273627	15
chr16	87850194	87860194	8
chr7	130894241	130904241	8
chr1	42932929	42942929	8
chr17	7571282	7581282	8
chr16	34147133	34157133	15
chr2	60548265	60558265	14
chr22	36325355	36335355	8
chr10	3776608	3786608	2
chr22	46072320	46082320	8
chr12	46364217	46374217	8
chr16	87856994	87866994	2
chr18	15410201	20940439	14
chr12	6530434	6540434	8
chr4	45004	55506	12
chr21	38805276	38815276	8
chr21	38804876	38814876	8
chr7	101163719	101173719	14
chr15	60369201	60379201	8
chr11	62879528	62889528	8
chr22	46073320	46083320	8
chr22	46084920	46094920	8
chr17	78351519	78361519	8
chr3	4976915	4986915	8
chr7	101163319	101173319	14
chr16	29804079	29814079	10
chr16	9091343	9101343	4
chr17	48046838	48056838	8
chr20	35731878	35741878	8
chr10	43394952	43404952	8
chr10	41839408	41849408	12
chr10	43395152	43405152	8
chr15	92908370	92918370	3
chr1	16141705	16151705	8
chr19	54200133	54210332	8
chr16	87859794	87869794	2
chr5	181240800	181250800	8
chr17	38871947	38881947	8
chr7	74174670	74184670	4
chr20	17960957	17970957	7
chr17	45222033	45232033	9
chr22	39310795	39320795	8
chr1	42947929	42957929	2
chr3	185926212	185936212	2
chr14	21256041	21266041	8
chr12	124910054	124920054	2
chr12	6332634	6342634	8
chr17	8117482	8127482	4
chr20	45336960	45346960	3
chr19	1267001	1277001	2
chr10	41849608	41859608	12
chr1	150570724	150580724	8
chr15	60388401	60398401	8
chr20	17957156	17967357	8
chr5	179615199	179625199	8
chr22	46078920	46088920	8
chr1	155077124	155087124	14
chr6	36593023	36603023	8
chr1	156116009	156126009	8
chr17	28717982	28727982	8
chr20	38425752	38435957	8
chr17	28718182	28728182	8
chr3	149370013	149380013	8
chr19	1266201	1276201	2
chr6	32968823	32978823	8
chr19	1253001	1263001	8
chr2	231705690	231715690	8
chr5	1512685	1522685	8
chr12	54276216	54286216	8
chr6	36593223	36603223	8
chr20	17955956	17966157	8
chr17	7232081	7242081	8
chr1	234602454	234612454	8
chr12	53378816	53388816	8
chr17	18181886	18191886	8
chr17	18181686	18191686	8
chr16	89315392	89325392	8
chr20	50144463	50154463	8
chr17	79791401	79801401	2
chr17	81862924	81872924	8
chr1	150571524	150581524	8
chr7	26194980	26204980	8
chr19	44746943	44756943	15
chr17	81392200	81402200	4
chr11	118911291	118921291	8
chr5	136051511	136061511	8
chr3	185928612	185938612	2
chr17	64495482	64505482	8
chr6	30716423	30726423	8
chr1	23554909	23565110	10
chr19	4057602	4067602	2
chr7	6695969	6705969	4
chr1	112698178	112708178	8
