chr7	64448000	64470600	20
chr19	53570200	53590600	20
chr4	80875600	80896400	2
chr9	34361000	34381600	23
chr15	65587000	65607400	1
chr17	41371800	41392400	11
chr11	65255000	65275200	22
chr4	113272400	113293000	20
chr19	46021400	46042000	13
chr5	179730800	179751400	22
chr1	7877000	7897600	11
chr19	58598200	58618400	4
chr19	18691000	18711800	1
chr17	7731400	7751800	22
chr15	40258600	40279200	13
chr17	49114200	49134600	1
chr17	40812400	40833600	11
chr3	65332200	65352800	22
chr20	34068400	34089200	3
chr16	2131000	2152000	1
chr19	15298800	15319200	11
chr5	37199200	37219600	22
chr17	49113000	49133800	13
chr11	65364400	65385000	22
chr2	145137000	145157600	11
chr3	197564800	197585200	13
chr5	140800000	140821600	22
chr20	36003400	36023600	11
chr7	23376600	23397000	22
chr19	46272200	46293000	9
chr5	180246600	180267200	20
chr9	98246400	98267200	9
chr19	52381800	52402000	22
chr19	15297200	15318200	11
chr19	47719400	47739600	1
chr3	149644800	149665000	12
chr19	38784400	38806000	11
chr15	23801000	23822200	22
chr6	58766600	58788400	22
chr22	38600800	38621200	16
chr19	57041400	57061600	4
chrX	3608200	3628600	1
chr12	122003800	122024400	9
chr5	140042200	140062400	11
chr16	31477400	31499400	11
chr8	61616400	61637000	1
chr11	65399200	65420200	11
chr19	46109200	46130000	13
chr14	99690800	99711800	21
chr1	179101800	179122000	4
chr17	21209200	21229600	11
chr10	103533800	103554000	11
chr17	7153600	7173800	11
chr6	28311600	28332000	9
chr19	19033000	19053600	2
chr17	47103400	47123600	13
chr17	17717000	17737200	1
chr8	8171800	8193000	11
chr19	15281800	15302000	11
chr19	12974000	12994600	22
chr11	63519400	63541600	3
chr5	77872000	77892400	20
chr7	130635200	130655600	22
chr19	57171800	57192600	22
chr19	48223400	48243600	9
chr19	50182400	50202600	23
chr8	48562000	48582200	1
chr18	56544600	56565200	11
chr2	232265000	232285400	21
chr19	13918800	13939200	22
chr19	56977600	56997800	4
chr19	58683400	58703600	4
chrX	130907800	130928000	22
chr12	6325000	6346200	3
chr8	8194400	8215000	10
chr12	85400	105600	19
chr19	14507000	14527200	18
chr19	9598800	9619600	23
chr19	50424000	50444200	2
chr19	53078200	53098800	20
chr5	171425000	171445200	4
chr4	184029800	184050200	3
chr4	41250600	41271200	19
chr19	48742800	48763200	13
chr5	177538000	177559000	2
chr7	70191600	70212400	2
chr5	60694600	60714800	22
chr17	14201000	14221200	23
chr7	137556800	137577400	20
chr7	131182800	131203200	16
chr1	144984400	145005200	2
chrX	130940600	130961200	22
chr1	192770000	192791000	4
chr17	27029600	27049800	2
chr7	150812800	150833200	1
chr1	151119400	151140200	22
chr19	18535000	18555200	22
chr4	287800	308000	4
chr4	170572000	170592200	4
chr10	29717000	29737800	20
