chr19	58260800	58261000	8	5.34943	1	(3,8)	4.1047	1	17.0628
chr19	54928400	54928600	3	9.66183	1	(3,11)	8.29697	1	16.6358
chr19	58260400	58260600	3	5.00761	1	(3,6)	3.1258	1	16.597
chr17	41401000	41401200	12	6.52023	1	(8,12)	5.49738	1	16.5763
chr19	58261200	58261400	6	6.09352	1	(6,8)	5.18049	1	16.4998
chr19	58217600	58217800	3	7.80097	1	(3,8)	4.51271	1	16.3363
chr19	36066400	36066600	11	9.27291	1	(9,11)	5.14441	1	16.1824
chrX	108297400	108297600	11	7.91336	1	(8,11)	8.27693	1	16.1436
chr1	156389600	156389800	3	5.36685	1	(3,10)	4.08451	1	16.0795
chr9	79186400	79186600	11	5.01697	1	(8,11)	3.67061	1	16.0441
chr2	133029400	133029600	8	7.52966	1	(8,12)	7.18145	1	16.0411
chr19	57051400	57051600	8	7.46622	1	(3,8)	6.87327	1	16.0153
chr19	18124400	18124600	3	9.3416	1	(3,3)	4.52904	1	15.9721
chr2	133023600	133023800	8	8.75158	1	(8,12)	8.22418	1	15.9704
chr13	28033800	28034000	11	6.82298	1	(8,11)	6.7354	1	15.9548
chrX	111556800	111557000	8	6.19394	1	(8,11)	5.01282	1	15.947
chr2	133027000	133027200	11	9.25781	1	(8,11)	4.73581	1	15.9101
chr1	44878200	44878400	13	5.52425	1	(3,13)	3.39512	1	15.8877
chr5	140870600	140870800	11	6.2003	1	(11,12)	2.67466	1	15.8725
chr19	46144800	46145000	3	8.04364	1	(3,12)	4.39303	1	15.8677
chr4	190606800	190607000	11	6.27432	1	(9,11)	3.42494	1	15.8612
chr20	47897800	47898000	3	10.7717	1	(3,3)	6.62507	1	15.8579
chr17	41463600	41463800	12	5.01157	1	(8,12)	4.11786	1	15.8556
chr1	121484200	121484400	11	9.23297	1	(8,11)	4.73581	1	15.8378
chr2	91816600	91816800	8	5.01124	1	(8,12)	4.01883	1	15.8315
chr4	54600	54800	8	4.99968	1	(8,11)	3.57468	1	15.8205
chr21	28214600	28214800	3	9.17005	1	(3,3)	4.46449	1	15.816
chr17	5000200	5000400	8	6.29209	1	(1,8)	5.18921	1	15.7855
chr10	98561200	98561400	11	10.6241	1	(11,11)	6.39102	1	15.7773
chr20	58202000	58202200	3	4.89916	1	(3,9)	2.89784	1	15.7641
chr5	71146800	71147000	11	10.7052	1	(8,11)	8.75103	1	15.7514
chr2	230045400	230045600	11	9.40177	1	(8,11)	4.88125	1	15.7505
chr2	91816800	91817000	11	5.94205	1	(8,11)	4.78336	1	15.7428
chr16	3454000	3454200	8	8.67815	1	(3,8)	10.473	1	15.7414
chr2	133012200	133012400	8	8.61434	1	(8,12)	5.51046	1	15.7263
chr6	30584600	30584800	3	10.5572	1	(3,3)	6.31656	1	15.6893
chr11	65269200	65269400	3	10.5572	1	(3,3)	6.31656	1	15.6893
chr9	72653400	72653600	8	7.2767	1	(8,11)	3.96232	1	15.6774
chr20	47899400	47899600	3	7.81548	1	(3,8)	6.21567	1	15.6606
chr4	190861000	190861200	8	5.81946	1	(8,10)	3.25841	1	15.659
chr8	9760600	9760800	11	6.27411	1	(3,11)	3.85623	1	15.6405
chr1	32800000	32800200	3	12.1204	1	(3,3)	8.91393	1	15.6366
chr4	70296600	70296800	11	7.70636	1	(8,11)	5.99519	1	15.6266
chr16	14581000	14581200	11	9.26646	1	(8,11)	7.21116	1	15.6107
chr17	31149800	31150000	8	7.53249	1	(8,11)	6.25994	1	15.5948
chr1	4363200	4363400	11	8.02518	1	(8,11)	6.05575	1	15.573
chr2	133025200	133025400	11	10.4223	1	(11,11)	6.12918	1	15.5698
chr12	20704400	20704600	8	8.59915	1	(8,11)	10.3842	1	15.5602
chr4	190756800	190757000	8	4.72619	1	(8,14)	2.42944	1	15.5461
chr19	58126800	58127000	8	6.27053	1	(3,8)	3.39826	1	15.5448
chr12	34372600	34372800	11	9.25526	1	(9,11)	5.14534	1	15.5206
chr17	41400200	41400400	11	7.60031	1	(8,11)	7.95802	1	15.5184
chr13	28034000	28034200	8	5.99931	1	(8,11)	4.94457	1	15.5046
chr9	131155000	131155200	3	7.98498	1	(3,12)	4.47816	1	15.5
chr20	58201800	58202000	2	4.24358	1	(2,9)	2.30333	1	15.4933
chr11	66061400	66061600	3	6.3482	1	(3,13)	3.27155	1	15.4887
chr3	50312600	50312800	12	6.19764	1	(6,12)	3.51931	1	15.467
chr17	41463800	41464000	11	6.36846	1	(8,11)	4.71072	1	15.4645
chr17	1617200	1617400	6	5.94991	1	(2,6)	2.64865	1	15.4263
chr6	58779200	58779400	11	6.79323	1	(8,11)	6.50646	1	15.4115
chr11	113934400	113934600	3	9.06307	1	(3,3)	4.52904	1	15.4067
chr9	140041800	140042000	13	5.26493	1	(12,13)	3.42943	1	15.3989
chr9	68414400	68414600	10	5.77195	1	(8,10)	4.88203	1	15.3842
chr17	21249400	21249600	12	4.88803	1	(9,12)	3.92202	1	15.3831
chr17	42990000	42990200	10	6.02338	1	(5,10)	3.33173	1	15.3735
chr12	4398000	4398200	7	3.82335	1	(7,12)	1.90313	1	15.3722
chr2	90482000	90482200	8	6.93103	1	(8,11)	6.12639	1	15.3532
chr17	7606800	7607000	10	6.01709	1	(1,10)	2.41491	1	15.349
chr12	4397800	4398000	12	6.13603	1	(3,12)	3.29798	1	15.3465
chr21	9825400	9825600	8	6.29098	1	(8,11)	6.45922	1	15.343
chr1	202594000	202594200	11	7.9109	1	(11,15)	4.06404	1	15.3391
chr15	89916200	89916400	12	7.56994	1	(3,12)	4.28907	1	15.3373
chr12	49395000	49395200	12	4.71297	1	(4,12)	2.62076	1	15.3341
chr21	9826000	9826200	8	6.37088	1	(8,10)	6.72608	1	15.3329
chr1	205014600	205014800	3	9.07263	1	(3,3)	4.51002	1	15.3309
chr2	133012800	133013000	11	9.15418	1	(8,11)	9.59273	1	15.2987
chr16	33955800	33956000	11	7.93898	1	(8,11)	5.88751	1	15.2889
chr5	140870400	140870600	10	4.42633	1	(8,10)	2.43783	1	15.2775
chr19	52391600	52391800	8	6.41807	1	(1,8)	4.74865	1	15.268
chr6	119558600	119558800	11	6.75776	1	(8,11)	6.57761	1	15.2572
chr21	9825800	9826000	10	5.74665	1	(8,10)	5.04245	1	15.2489
chr9	66471000	66471200	8	5.75055	1	(8,12)	3.71693	1	15.2477
chr14	88237800	88238000	11	6.63253	1	(8,11)	6.44959	1	15.2466
chr16	33957000	33957200	11	6.23855	1	(8,11)	6.31215	1	15.2449
chrX	48434000	48434200	3	8.82027	1	(3,3)	4.56566	1	15.2283
chr16	33953200	33953400	11	9.096	1	(8,11)	9.54389	1	15.2192
chr8	70602400	70602600	11	10.3371	1	(8,11)	8.41585	1	15.2071
chr4	54400	54600	11	10.3371	1	(8,11)	8.41585	1	15.2071
chr1	91853000	91853200	11	10.3371	1	(8,11)	8.41585	1	15.2071
chr17	74732000	74732200	3	11.9252	1	(3,3)	8.86302	1	15.1936
chr21	9825600	9825800	11	5.84547	1	(8,11)	4.88076	1	15.1822
chr2	91764000	91764200	11	7.65322	1	(11,13)	5.24419	1	15.1812
chr19	58217200	58217400	6	4.49729	1	(6,8)	2.64599	1	15.177
chr17	79478400	79478600	3	11.687	1	(3,3)	8.50752	1	15.1675
chr19	44915400	44915600	8	5.87992	1	(8,10)	5.049	1	15.1612
chr19	52957600	52957800	8	5.33034	1	(2,8)	4.10824	1	15.1331
chr2	133017200	133017400	8	8.32104	1	(8,11)	7.43126	1	15.1309
chr1	155103600	155103800	3	6.17749	1	(3,13)	4.83946	1	15.1305
chr16	51175200	51175400	6	5.66881	1	(6,13)	3.37984	1	15.1264
chr4	76807000	76807200	8	5.81862	1	(8,11)	4.77817	1	15.1202
