chr19	58695600	58720600	4
chr12	133564000	133589000	6
chr15	25318600	25343600	20
chr19	37036000	37061000	20
chr12	133613000	133638000	4
chr19	58753600	58778600	20
chr19	58041400	58066400	20
chr19	37911200	37936200	20
chr12	32119000	32144000	20
chr4	441800	466800	4
chr19	23548200	23573200	4
chr19	37303200	37328200	4
chr19	57112000	57137000	20
chr12	133658400	133683400	4
chr12	133708000	133733000	4
chr19	52802400	52827400	20
chr19	52382200	52407200	4
chr19	38054600	38079600	20
chr4	329800	354800	4
chr5	179673600	179698600	20
chr19	44978600	45003600	4
chr2	157175800	157200800	11
chr19	58488200	58513200	4
chr19	52465600	52490600	4
chr4	125800	150800	4
chr14	22951000	22976000	18
chr19	23515200	23540200	20
chr19	37237400	37262400	4
chr19	58194800	58219800	4
chr19	37711800	37736800	6
chr19	52573000	52598000	4
chr19	9433600	9458600	22
chr19	20724000	20749000	4
chr11	60738200	60763200	13
chr19	37570400	37595400	4
chr19	37127400	37152400	20
chr1	167396800	167421800	13
chr3	18453600	18478600	1
chr19	58280200	58305200	4
chr19	53045800	53070800	20
chr16	31745600	31770600	20
chr19	52614200	52639200	20
chr19	9670800	9695800	14
chr7	63787200	63812200	20
chr3	18451400	18476400	11
chr19	56914200	56939200	4
chr14	98633000	98658000	13
chr19	52772000	52797000	4
chr2	157173600	157198600	11
chr19	36882600	36907600	20
chr1	247306000	247331000	20
chr19	37194400	37219400	20
chr4	108965600	108990600	11
chr16	53478200	53503200	11
chr19	37636400	37661400	20
chr11	60751400	60776400	13
chrX	135725400	135750400	1
chr19	23400200	23425200	20
chr19	16470200	16495200	13
chr12	47597200	47622200	13
chr2	204571400	204596400	1
chr19	53934400	53959400	4
chr19	37380000	37405000	20
chr16	3436600	3461600	1
chr8	126939800	126964800	20
chr19	52521600	52546600	4
chr8	126937800	126962800	20
chr5	156641000	156666000	13
chr19	37346600	37371600	20
chr21	47959200	47984200	13
chr19	37416000	37441000	20
chr16	57056800	57081800	11
chr15	25207800	25232800	20
chr12	47602800	47627800	13
chr16	3335200	3360200	4
chr14	92319400	92344400	13
chr19	19772000	19797000	4
chr2	204582000	204607000	11
chr15	38820400	38845400	18
chr12	9818000	9843000	20
chr19	37945000	37970000	22
chr4	90204000	90229000	18
chr14	61955200	61980200	13
chr1	198692400	198717400	11
chr9	132615600	132640600	13
chr11	128170200	128195200	20
chr1	167405600	167430600	18
chr3	108538000	108563000	18
chr11	128171000	128196000	20
chr19	23836200	23861200	20
chr20	57719200	57744200	13
chr22	37687800	37712800	11
chr2	85064800	85089800	11
chr12	55348200	55373200	11
chr19	58003600	58028600	1
chr1	226819600	226844600	18
chr19	58633000	58658000	20
chr7	63975200	64000200	20
chr19	52897600	52922600	4
chr2	213993800	214018800	22
