chr14	98628600	98678600	3
chr14	22916800	22966800	12
chr16	85466400	85516400	3
chr3	18441200	18491200	12
chr9	132609600	132659600	9
chr17	78708200	78758200	4
chr15	74674200	74724200	7
chrX	123490600	123540600	4
chr3	18439200	18489200	12
chr16	85457600	85507600	3
chr5	133403400	133453400	10
chr5	133403600	133453600	10
chr16	68220800	68270800	12
chr2	95672200	95722200	12
chr18	74777400	74827400	7
chr12	123511800	123561800	12
chr2	87037800	87087800	1
chr3	18434000	18484000	12
chr1	198610800	198660800	12
chr3	30683400	30733400	5
chr1	167412200	167462200	11
chr9	90130600	90180600	4
chr12	123573000	123623000	11
chr6	112053000	112103000	7
chr1	25242600	25292600	12
chr2	95665200	95715200	12
chr5	131782600	131832600	4
chr5	131788600	131838600	4
chrX	6968200	7018200	7
chr22	46438600	46488600	4
chr17	46622600	46672600	12
chr17	78696200	78746200	4
chr16	68374000	68424000	11
chr1	203243800	203293800	12
chr15	74663600	74713600	7
chr7	27142400	27192400	12
chr17	46617200	46667200	18
chr5	39156200	39206200	11
chr9	132625400	132675400	9
chr17	79359200	79409200	9
chr7	27133200	27183200	12
chr16	89022400	89072400	5
chrX	6962800	7012800	4
chr13	99919600	99969600	5
chr3	15306600	15356600	3
chr10	6595400	6645400	4
chr20	42549200	42599200	2
chr3	18454200	18504200	12
chr2	87012000	87062000	1
chr6	41972000	42022000	7
chr16	89024200	89074200	5
chr16	11144400	11194400	12
chr16	11143400	11193400	12
chr17	37908000	37958000	11
chr5	39142800	39192800	14
chr2	87019400	87069400	4
chr6	24888600	24938600	11
chr16	89005400	89055400	1
chr17	79363800	79413800	9
chr16	11151400	11201400	12
chr17	80824800	80874800	7
chr17	80824400	80874400	7
chr3	30689400	30739400	5
chr22	37592000	37642000	11
chr17	80827600	80877600	7
chr8	134491000	134541000	3
chr9	124461000	124511000	12
chr9	90181200	90231200	3
chr20	61606400	61656400	13
chr16	68243600	68293600	8
chr1	42115600	42165600	9
chr17	47072400	47122400	4
chr1	180884600	180934600	9
chr1	23916600	23966600	2
chr6	26155200	26205200	4
chr16	89013400	89063400	10
chr16	89009000	89059000	9
chr22	37662600	37712600	5
chr11	66005800	66055800	16
chr5	156604600	156654600	14
chr7	38366400	38416400	9
chr16	70711000	70761000	1
chr1	27913000	27963000	4
chr7	2103000	2153000	12
chr11	113931400	113981400	12
chr9	132692400	132742400	11
chr4	108964400	109014400	17
chr16	57651400	57701400	1
chr6	31513800	31563800	11
chr11	36577800	36627800	12
chr9	124479000	124529000	3
chr11	66004200	66054200	12
chr6	24873800	24923800	11
chr3	16326400	16376400	9
chr5	139022200	139072200	13
chr15	91093800	91143800	3
chr4	1831000	1881000	1
chr12	124923400	124973400	12
chr9	123650400	123700400	10
chr14	61900400	61950400	4
