chrX	70270200	70310600	1
chr17	43104400	43144800	1
chr17	16421000	16463000	8
chr20	49264800	49308000	8
chr20	2633800	2674800	8
chr19	41842000	41883200	8
chr11	62832200	62873200	8
chr11	75381400	75422200	8
chr9	133329400	133370000	8
chr2	100984000	101024600	8
chr8	47939400	47979600	2
chr9	136705400	136746000	8
chrX	57101800	57142000	2
chr5	40812600	40853200	8
chr15	30605800	30646200	2
chr8	127720600	127761600	8
chr6	26301600	26342000	1
chr9	36553400	36593800	1
chr17	8360400	8401600	8
chr15	32595200	32635600	2
chr5	146161800	146202000	1
chr20	49261400	49304600	8
chr12	9428200	9468600	2
chr16	89796000	89836200	1
chr19	39413600	39454800	8
chr20	62368000	62408600	8
chr17	79791200	79832200	15
chr11	119080400	119121000	4
chr2	85596600	85636800	2
chr10	78015000	78056200	8
chr15	66482000	66523000	8
chr12	123612600	123652800	2
chr5	179040800	179081200	4
chr17	62403400	62443600	2
chr19	55368000	55408800	8
chr17	62404200	62444600	2
chr15	55478600	55518800	2
chr17	42979800	43020200	8
chr21	44782400	44822600	4
chr1	202321200	202361400	2
chr2	85522000	85562600	8
chr19	10087400	10127600	8
chrX	102631400	102672000	1
chr9	137557600	137598200	4
chr2	112523000	112563600	1
chr17	3704200	3744600	4
chr5	134391000	134431200	4
chr2	216480600	216521000	8
chr16	11830600	11870800	1
chr15	75315600	75356000	2
chr8	144770000	144810600	8
chr17	59312600	59353000	14
chr2	27337400	27377600	2
chr7	101135200	101175600	4
chr8	144270400	144310800	4
chr2	241667400	241707600	2
chr7	44552600	44593000	7
chr17	74185000	74225600	8
chr19	57564600	57604800	4
chr7	707000	747400	2
chr13	113564400	113605600	2
chr1	173844200	173885600	8
chr1	8856400	8897000	1
chr15	32595600	32635800	1
chr16	29976800	30017000	4
chr16	89542400	89584200	8
chr7	2534200	2574600	4
chr7	101149400	101189800	15
chr22	35210600	35251200	2
chr1	25838600	25878800	4
chr17	42100400	42140600	4
chr19	823400	864000	15
chr15	68208200	68248800	4
chr3	52133400	52173600	4
chr8	144063200	144103400	4
chr16	3153800	3194600	14
chr5	72299400	72339600	2
chr12	53918000	53958200	14
chr5	873200	913600	4
chr12	52987400	53028000	4
chr16	2247200	2287400	2
chr18	49469600	49510600	8
chr3	51974000	52014200	8
chr17	81869800	81910400	4
chr11	6588000	6628400	8
chr12	57210800	57251000	4
chr1	77661600	77701800	1
chr5	31512800	31553000	1
chr17	44878400	44918600	4
chrX	129886600	129926800	2
chr19	54183400	54223800	8
chr9	137569200	137609400	4
chr8	144497000	144537400	4
chr16	29905200	29945400	4
chr17	38830800	38871800	8
chr4	138220800	138261200	1
chr11	791000	831800	8
chr2	54539000	54579200	3
chr12	131909800	131950000	2
chr19	45386800	45427200	4
