chr10	22604800	22614800	11
chr1	212777400	212787400	11
chr1	121478200	121488200	11
chr2	133025000	133035000	11
chr6	58769400	58779400	11
chr16	14572200	14582200	11
chr15	60876600	60886600	10
chr3	122737600	122747600	11
chr17	43044400	43054400	11
chr20	30299600	30309600	3
chr20	47894400	47904400	3
chr1	8930000	8940000	3
chr11	65263800	65273800	3
chr12	46757800	46767800	3
chr6	32935400	32945400	3
chr7	26233600	26243600	3
chr16	9185200	9195200	3
chr5	179042200	179052200	3
chr6	36561200	36571200	3
chr12	54671000	54681000	3
chr11	93466000	93476000	3
chr10	102107200	102117200	3
chr5	170814200	170824200	3
chr3	5018800	5028800	3
chr19	54704000	54714000	3
chr11	62647000	62657000	3
chr2	198359000	198369000	3
chr1	35649600	35659600	3
chr17	27046000	27056000	3
chr3	156869200	156879200	3
chr17	62494800	62504800	3
chr17	8279000	8289000	3
chr9	91924800	91934800	3
chr12	120631000	120641000	3
chr1	150543200	150553200	3
chr17	7474600	7484600	3
chr1	110880400	110890400	3
chr20	34321600	34331600	3
chr1	43824000	43834000	3
chr3	186500200	186510200	3
chr5	180668200	180678200	3
chr6	74224200	74234200	3
chr6	24712400	24722400	3
chr22	39706800	39716800	3
chr9	86587000	86597000	3
chr15	66788800	66798800	3
chr3	9434600	9444600	3
chr16	18794600	18804600	3
chr17	46123400	46133400	3
chr1	245018800	245028800	3
chr6	33235000	33245000	3
chr1	93297000	93307000	3
chr11	122925400	122935400	3
chr17	74727200	74737200	3
chr12	125395400	125405400	3
chr12	123003400	123013400	3
chr2	113401600	113411600	3
chr11	66405200	66415200	3
chr2	85764000	85774000	3
chr12	57110000	57120000	3
chr17	56075800	56085800	3
chr11	8702600	8712600	3
chr11	66382600	66392600	3
chr17	4843000	4853000	3
chr1	24017800	24027800	3
chr19	42363200	42373200	3
chr11	9594200	9604200	3
chr6	30684000	30694000	3
chr8	146011400	146021400	3
chr17	30676200	30686200	3
chr5	138608800	138618800	3
chr6	31797200	31807200	3
chr9	127996000	128006000	3
chr8	74200600	74210600	3
chr2	38969600	38979600	3
chr6	86344600	86354600	3
chr14	102545000	102555000	3
chr1	28831200	28841200	3
chr12	104322400	104332400	3
chr11	10822000	10832000	3
chr2	232320400	232330400	3
chr6	31501200	31511200	3
chr4	83345200	83355200	3
chr11	18415000	18425000	3
chr1	173831800	173841800	3
chr13	91999000	92009000	3
chr16	30073400	30083400	3
chr5	10248600	10258600	3
chr11	64537400	64547400	3
chr1	40033000	40043000	3
chr5	40826600	40836600	3
chr13	45907000	45917000	3
chr17	79475800	79485800	3
chr12	49657200	49667200	3
chr17	16341400	16351400	3
chr17	72199800	72209800	3
chr19	13048200	13058200	3
chr3	12873800	12883800	3
chr9	130205200	130215200	3
chr3	184031800	184041800	3
