chr15	25291400	25341400	20
chr12	133655400	133705400	20
chr19	58741000	58791000	20
chr19	37201400	37251400	20
chr19	58675800	58725800	20
chr4	414800	464800	20
chr19	58471800	58521800	20
chr19	58040800	58090800	20
chr22	36723800	36773800	9
chr19	39137800	39187800	9
chr22	36725200	36775200	9
chr19	52462400	52512400	20
chr22	46447200	46497200	1
chr19	57029800	57079800	20
chr19	39141600	39191600	9
chr4	404000	454000	20
chr12	133608600	133658600	20
chr19	57049200	57099200	20
chr19	37004200	37054200	20
chr19	37107000	37157000	20
chr2	218759400	218809400	13
chr2	218751400	218801400	11
chr19	37614200	37664200	20
chr19	9447400	9497400	20
chr19	37899600	37949600	20
chr19	58612800	58662800	20
chr19	37346400	37396400	20
chr22	36692800	36742800	9
chr11	62281600	62331600	9
chr8	144987200	145037200	1
chr19	38022400	38072400	20
chr19	52868200	52918200	20
chr19	44955200	45005200	20
chr19	37287200	37337200	20
chr19	9452400	9502400	20
chr17	46645800	46695800	2
chr17	46654400	46704400	2
chr12	133705600	133755600	20
chr7	27203000	27253000	23
chr1	22221200	22271200	9
chr7	27195600	27245600	23
chr2	218740600	218790600	13
chr5	179670800	179720800	20
chr15	31617000	31667000	1
chr1	156431400	156481400	9
chr2	176955800	177005800	23
chr12	54365800	54415800	23
chr19	52518800	52568800	20
chr11	114023600	114073600	13
chr19	37337800	37387800	20
chr19	52358600	52408600	20
chr19	58666600	58716600	20
chr19	37602400	37652400	20
chr8	144992000	145042000	1
chr15	96863400	96913400	3
chr19	52355800	52405800	20
chr19	13105800	13155800	3
chr11	114003400	114053400	13
chr19	15358000	15408000	9
chr14	69397400	69447400	9
chr10	80826400	80876400	3
chr14	74205000	74255000	9
chr11	128343600	128393600	1
chr3	147082200	147132200	23
chr12	133710600	133760600	20
chr10	102469800	102519800	23
chr20	34282000	34332000	9
chr19	23527400	23577400	4
chr19	24513600	24563600	21
chr19	53706400	53756400	20
chr21	10807800	10857800	21
chr10	120790400	120840400	4
chr19	56910200	56960200	20
chr1	27881200	27931200	9
chr17	38462800	38512800	9
chr16	3419600	3469600	20
chr12	109203000	109253000	1
chr19	37877200	37927200	20
chr13	100602600	100652600	2
chr20	30262000	30312000	9
chr19	44951400	45001400	20
chr1	227818400	227868400	20
chr16	32515200	32565200	21
chr15	93425000	93475000	9
chr15	93424400	93474400	9
chr2	218679200	218729200	9
chr4	336000	386000	20
chr12	133484000	133534000	20
chr17	46779200	46829200	23
chr14	21688600	21738600	22
chr4	329800	379800	20
chr2	177009400	177059400	23
chr19	15350800	15400800	9
chr12	110717400	110767400	1
chr9	97806000	97856000	4
chr19	3359600	3409600	9
chr10	39076600	39126600	21
chr12	120654200	120704200	22
chr10	80876600	80926600	9
chr19	52577600	52627600	20
