chr14	22997400	23022400	8
chr11	128332200	128357200	8
chr2	172946600	172971600	14
chr9	117122800	117147800	8
chr21	10773200	10798200	12
chr21	10798400	10823400	12
chr4	49635000	49660000	14
chr10	38772400	38797400	12
chr20	29804000	29829000	12
chr10	42373800	42398800	14
chr10	39076600	39101600	12
chr21	10830400	10855400	12
chr10	39122400	39147400	14
chr2	89854400	89879400	14
chr10	42790600	42815600	12
chr19	58701800	58726800	12
chr5	169695600	169720600	8
chr15	25300200	25325200	12
chr5	133451800	133476800	8
chr10	8075400	8100400	14
chr7	27190000	27215000	14
chr12	133616600	133641600	12
chr7	61778200	61803200	12
chr14	99713600	99738600	8
chr14	99714800	99739800	8
chr10	102973600	102998600	14
chr21	10698000	10723000	12
chr4	49098200	49123200	14
chr14	23012800	23037800	8
chr7	27186400	27211400	14
chr12	133676800	133701800	12
chr14	100550400	100575400	8
chr12	54378800	54403800	14
chr16	46431200	46456200	14
chr10	102972400	102997400	14
chr10	124891800	124916800	14
chr11	31819200	31844200	14
chr16	33877400	33902400	12
chr4	424000	449000	12
chr2	158270600	158295600	8
chr21	11110000	11135000	12
chr11	31817000	31842000	14
chr10	8087000	8112000	14
chr7	50345400	50370400	8
chr2	158272400	158297400	8
chr11	67033800	67058800	2
chr3	75769400	75794400	12
chr7	27222200	27247200	14
chr19	52463200	52488200	12
chr22	37615600	37640600	8
chr1	206732400	206757400	8
chr4	13526000	13551000	14
chr19	37198800	37223800	12
chr17	35285600	35310600	14
chr14	100553200	100578200	8
chr2	158276000	158301000	8
chr6	99271800	99296800	14
chr4	10094600	10119600	1
chr5	35852800	35877800	8
chr7	50416200	50441200	8
chr6	24855600	24880600	8
chr19	44975400	45000400	12
chr2	175185600	175210600	14
chr7	50437800	50462800	8
chr13	100623600	100648600	15
chr7	61739200	61764200	12
chr1	117288400	117313400	8
chr19	37361400	37386400	12
chr1	25234400	25259400	8
chr19	37603400	37628400	12
chr10	73508800	73533800	8
chr19	38046800	38071800	12
chr14	99686600	99711600	8
chr19	58759000	58784000	12
chr11	128371400	128396400	8
chr17	46672200	46697200	14
chr19	37031200	37056200	12
chr11	117856400	117881400	8
chr19	52810200	52835200	12
chr17	77764000	77789000	2
chr12	4377800	4402800	8
chr8	134055800	134080800	8
chr2	176947200	176972200	14
chr11	128358200	128383200	8
chr5	156635800	156660800	8
chr8	134063000	134088000	8
chr16	46388400	46413400	14
chr2	176981600	177006600	14
chr15	81577400	81602400	8
chr19	23522200	23547200	12
chr1	91171600	91196600	14
chr17	56405600	56430600	8
chr19	52373000	52398000	12
chr17	46794800	46819800	14
chr6	32802800	32827800	8
chr6	30410600	30435600	14
chr19	9439200	9464200	12
chr4	40195400	40220400	1
chr19	58038400	58063400	1
chr15	53074800	53099800	14
