chrX	9465200	9465400	2	9.86426	1	9.86426
chrX	85003000	85003200	2	9.86426	1	9.86426
chrX	72239000	72239200	2	9.86426	1	9.86426
chrX	70290000	70290200	2	9.86426	1	9.86426
chrX	64976400	64976600	2	9.86426	1	9.86426
chrX	54921600	54921800	2	9.86426	1	9.86426
chrX	53071600	53071800	2	9.86426	1	9.86426
chrX	49922200	49922400	2	9.86426	1	9.86426
chrX	48891400	48891600	2	9.86426	1	9.86426
chrX	48801600	48801800	2	9.86426	1	9.86426
chrX	48004400	48004600	2	9.86426	1	9.86426
chrX	47650000	47650200	2	9.86426	1	9.86426
chrX	47129000	47129200	2	9.86426	1	9.86426
chrX	46912800	46913000	2	9.86426	1	9.86426
chrX	46574000	46574200	2	9.86426	1	9.86426
chrX	45851400	45851600	2	9.86426	1	9.86426
chrX	41923600	41923800	2	9.86426	1	9.86426
chrX	40098200	40098400	2	9.86426	1	9.86426
chrX	40097200	40097400	2	9.86426	1	9.86426
chrX	38561200	38561400	2	9.86426	1	9.86426
chrX	3842800	3843000	2	9.86426	1	9.86426
chrX	3713400	3713600	2	9.86426	1	9.86426
chrX	30889000	30889200	2	9.86426	1	9.86426
chrX	283400	283600	2	9.86426	1	9.86426
chrX	2691000	2691200	2	9.86426	1	9.86426
chrX	2609200	2609400	2	9.86426	1	9.86426
chrX	24025200	24025400	2	9.86426	1	9.86426
chrX	21941600	21941800	2	9.86426	1	9.86426
chrX	21374000	21374200	2	9.86426	1	9.86426
chrX	19991000	19991200	2	9.86426	1	9.86426
chrX	16870400	16870600	2	9.86426	1	9.86426
chrX	15854600	15854800	2	9.86426	1	9.86426
chrX	155071000	155071200	2	9.86426	1	9.86426
chrX	154516200	154516400	2	9.86426	1	9.86426
chrX	154490600	154490800	2	9.86426	1	9.86426
chrX	154458200	154458400	2	9.86426	1	9.86426
chrX	154444000	154444200	2	9.86426	1	9.86426
chrX	154437000	154437200	2	9.86426	1	9.86426
chrX	154371200	154371400	2	9.86426	1	9.86426
chrX	153333800	153334000	2	9.86426	1	9.86426
chrX	150983400	150983600	2	9.86426	1	9.86426
chrX	150568400	150568600	2	9.86426	1	9.86426
chrX	149631400	149631600	2	9.86426	1	9.86426
chrX	147911800	147912000	2	9.86426	1	9.86426
chrX	139931400	139931600	2	9.86426	1	9.86426
chrX	136251200	136251400	2	9.86426	1	9.86426
chrX	135974400	135974600	2	9.86426	1	9.86426
chrX	135098600	135098800	2	9.86426	1	9.86426
chrX	135032400	135032600	2	9.86426	1	9.86426
chrX	134460000	134460200	2	9.86426	1	9.86426
chrX	134172200	134172400	2	9.86426	1	9.86426
chrX	129984200	129984400	2	9.86426	1	9.86426
chrX	129981800	129982000	2	9.86426	1	9.86426
chrX	129980800	129981000	2	9.86426	1	9.86426
chrX	129932400	129932600	2	9.86426	1	9.86426
chrX	129844000	129844200	2	9.86426	1	9.86426
chrX	129540400	129540600	2	9.86426	1	9.86426
chrX	123960200	123960400	2	9.86426	1	9.86426
chrX	123765000	123765200	2	9.86426	1	9.86426
chrX	119468200	119468400	2	9.86426	1	9.86426
chrX	119399600	119399800	2	9.86426	1	9.86426
chrX	119236000	119236200	2	9.86426	1	9.86426
chrX	118116800	118117000	2	9.86426	1	9.86426
chrX	11758000	11758200	2	9.86426	1	9.86426
chrX	112841400	112841600	2	9.86426	1	9.86426
chrX	103962800	103963000	2	9.86426	1	9.86426
chrX	101659200	101659400	2	9.86426	1	9.86426
chrX	101098000	101098200	2	9.86426	1	9.86426
chrX	10015600	10015800	2	9.86426	1	9.86426
chr9	99105200	99105400	2	9.86426	1	9.86426
chr9	98796400	98796600	2	9.86426	1	9.86426
chr9	98056400	98056600	2	9.86426	1	9.86426
chr9	97983000	97983200	2	9.86426	1	9.86426
chr9	97411800	97412000	2	9.86426	1	9.86426
chr9	96450200	96450400	2	9.86426	1	9.86426
chr9	94374600	94374800	2	9.86426	1	9.86426
chr9	94030600	94030800	2	9.86426	1	9.86426
chr9	93577000	93577200	2	9.86426	1	9.86426
chr9	93451600	93451800	2	9.86426	1	9.86426
chr9	92764600	92764800	2	9.86426	1	9.86426
chr9	91423800	91424000	2	9.86426	1	9.86426
chr9	83817600	83817800	2	9.86426	1	9.86426
chr9	81689400	81689600	2	9.86426	1	9.86426
chr9	71768800	71769000	2	9.86426	1	9.86426
chr9	69672400	69672600	2	9.86426	1	9.86426
chr9	69121400	69121600	2	9.86426	1	9.86426
chr9	66900800	66901000	2	9.86426	1	9.86426
chr9	42568800	42569000	2	9.86426	1	9.86426
chr9	41359400	41359600	2	9.86426	1	9.86426
chr9	41273400	41273600	2	9.86426	1	9.86426
chr9	39809000	39809200	2	9.86426	1	9.86426
chr9	38069200	38069400	2	9.86426	1	9.86426
chr9	36487600	36487800	2	9.86426	1	9.86426
chr9	36036800	36037000	2	9.86426	1	9.86426
chr9	35161800	35162000	2	9.86426	1	9.86426
chr9	34458600	34458800	2	9.86426	1	9.86426
chr9	34377000	34377200	2	9.86426	1	9.86426
chr9	32384600	32384800	2	9.86426	1	9.86426
chr9	28800	29000	2	9.86426	1	9.86426
chr9	20658400	20658600	2	9.86426	1	9.86426
