chr2	132254427	132279427	12
chr21	10789256	10814256	10
chr21	10784656	10809656	10
chr2	132261027	132286027	12
chr4	41999	68508	12
chr16	34149533	34174533	11
chr2	132248227	132273227	12
chr16	34153533	34178533	12
chr9	63811266	63836266	11
chr2	91608774	91633774	11
chr10	41839408	41864408	8
chr2	91572341	91602174	10
chr4	189559246	189584246	13
chr15	25049253	25074253	8
chr19	58182233	58207434	1
chr5	141350033	141375033	8
chr5	141338233	141363233	8
chr19	58245634	58270634	8
chr4	189563246	189588246	13
chr11	31795652	31820853	11
chr7	62506822	62531822	11
chr2	91611574	91636574	11
chr3	75722449	75747449	8
chr11	31795052	31820253	11
chr3	147390813	147415813	11
chr12	133039614	133064614	8
chr5	141397833	141422833	8
chr9	63804266	63829266	11
chr4	61908	88912	13
chr21	10694456	10719456	8
chr21	10745656	10770656	14
chr7	27095381	27120381	12
chr2	89816190	89841190	8
chr4	49631983	49656983	8
chr21	10689656	10714656	8
chr19	57969632	57994632	8
chr19	36616098	36641098	4
chr12	133084414	133109414	8
chr6	1600765	1625765	3
chr1	90706243	90731243	10
chr11	114061678	114086678	3
chr11	114058278	114083278	3
chr7	27141981	27166981	10
chr4	110614644	110639644	11
chr13	99966346	99991346	10
chr15	25074653	25099653	4
chr5	173228597	173253597	3
chr19	9334324	9359324	8
chr2	44931261	44956261	3
chr4	13522576	13547576	10
chr19	9330524	9355524	8
chr19	36807898	36832898	8
chr15	67815262	67840262	3
chr19	44472583	44500148	8
chr19	36710298	36735298	8
chr2	176078472	176103472	10
chr4	430411	455411	8
chr3	75711649	75736649	8
chr15	96320771	96345771	3
chr1	207802255	207827255	3
chr19	58117633	58142633	4
chr2	172081872	172106872	11
chr4	49096183	49121183	8
chr4	426411	451411	8
chr12	133102414	133127414	8
chr7	62509622	62534622	11
chr6	10402167	10427167	11
chr11	114064478	114089478	3
chr19	36713298	36738298	8
chr9	37018203	37043203	11
chr19	36532898	36557898	8
chr21	10715456	10740456	8
chr22	19749277	19774277	12
chr2	89803590	89828590	8
chr7	157000306	157025306	6
chr10	41864608	42105952	8
chr5	149406837	149431837	3
chr2	92112174	92137174	10
chr14	36642395	36667395	11
chr3	75647849	75672849	11
chr10	100724443	100749443	12
chr10	123126684	123151684	7
chr21	10447656	10472656	13
chr2	222287881	222312881	10
chr14	37582795	37607795	11
chr10	99518643	99543643	2
chr12	133134414	133159414	8
chr1	201359072	201384072	3
chr10	123127284	123152284	7
chr17	79790401	79815401	6
chr17	79789801	79814801	6
chr4	30400	56306	10
chr19	36873698	36898698	8
chr15	52781603	52806603	2
chr10	101212843	101237843	6
chr5	88659582	88684783	11
chr3	75655449	75680449	11
chr10	125885831	125910831	11
chr2	104841942	104866942	11
chr3	119642153	119667153	3
