chr19	58242234	58267234	8
chr10	41841408	41866408	8
chr19	58185433	58210634	8
chr15	25050853	25075853	8
chr12	133039214	133064214	8
chr19	44473583	44501148	8
chr2	89816190	89841190	8
chr4	49632983	51794034	8
chr21	10704856	10729856	8
chr7	6682569	6707569	8
chr4	49096183	49121183	8
chr19	57975832	58000832	8
chr12	133098014	133123014	8
chr4	430611	455611	8
chr19	36536898	36561898	8
chr12	133181414	133206414	8
chr19	52300147	52325147	8
chr10	38823269	38848269	8
chr5	180244600	180269600	8
chr20	31220397	31245397	8
chr8	144826015	144851015	1
chr10	38510472	38581469	8
chr10	41866608	42107952	8
chr19	9559924	9584924	8
chr10	42297552	42322552	8
chr19	57531432	57556432	8
chr2	176078272	176103272	11
chr19	58118433	58143433	8
chr2	172082072	172107072	11
chr11	65483329	65508329	3
chr10	100727843	100752843	11
chr19	36705698	36730698	8
chr11	31802852	31828053	11
chr7	6670969	6695969	8
chr12	133133214	133158214	8
chr10	8033237	8058237	11
chr10	123131084	123156084	11
chr1	90706043	90731043	11
chr15	52782803	52807803	11
chr16	68550497	68575497	8
chr19	1248401	1273401	3
chr7	155447705	155472705	11
chr19	1248001	1273001	3
chr9	123994321	124019321	11
chr10	101213843	101238843	10
chr19	52016147	52041147	1
chr15	67816662	67841662	10
chr17	48609838	48634838	10
chr19	7068989	7093989	8
chr3	75717649	75742649	8
chr19	52107147	52132147	8
chr2	132254227	132279227	11
chr19	9514324	9539324	8
chr17	48730838	48755838	12
chr11	44301650	44326650	10
chr2	222288681	222313681	11
chr1	18627906	18652906	11
chr7	97002888	97027888	11
chr16	46382888	46407888	8
chr17	79790001	79815001	11
chr2	44931261	44956261	11
chr12	132992814	133017814	8
chr7	156999106	157024106	11
chr10	101120843	101145843	11
chr16	46383288	46408288	8
chr21	36688700	36713700	11
chr9	96753918	96778918	1
chr8	11688291	11713291	10
chr15	25076053	25101053	8
chr6	10401967	10426967	2
chr17	36923716	36950500	11
chr16	34139933	34164933	11
chr12	121793294	121818294	3
chr12	53949816	53974816	11
chr12	121793894	121818894	3
chr19	36737898	36762898	8
chr16	3386800	3411800	1
chr3	75715849	75740849	8
chr7	62334949	62359949	8
chr4	49131583	49156583	8
chr2	218979678	219004678	11
chr4	10092976	10117976	3
chr5	77624375	77649375	11
chr19	58112633	58137633	8
chr10	99519043	99544043	11
chr19	58166833	58191833	1
chr12	133192614	133217614	8
chr12	132925414	132950414	8
chr5	88670582	88695783	11
chr5	173227397	173252397	11
chr12	133051814	133076814	8
chr16	3285000	3310000	1
chr19	1744601	1769601	12
chr19	52060147	52085147	8
chr2	72905671	72930671	11
chr19	36814098	36839098	1
chr4	13524576	13549576	11
chr3	128475357	128500357	11
chr14	36502795	36527795	11
chr17	79795201	79820201	11
