chr5	134114509	134124509	22
chr5	134114709	134124709	22
chr5	134113109	134123109	22
chr14	99256463	99266463	18
chr12	9967401	9977401	22
chr5	35854098	35864098	22
chr15	96330371	96340371	22
chr11	118337485	118347485	22
chr4	38794979	38804979	20
chr7	138556855	138566855	4
chr12	9965601	9975601	4
chr8	125941156	125951156	22
chr1	158830010	158840010	1
chr17	74614461	74624461	1
chr17	39772947	39782947	14
chr19	19810791	19820791	4
chr7	27140581	27150581	1
chrX	37779547	37789547	22
chr7	27140181	27150181	1
chr1	116754578	116764578	22
chr1	116755978	116765978	22
chr9	136658348	136668348	22
chr17	48564638	48574638	23
chr9	136658748	136668748	22
chr2	66435868	66445868	9
chr1	47221928	47231928	4
chr7	64680022	64690022	20
chr16	66517497	66527497	13
chr19	9147724	9157724	20
chr14	105898542	105908542	24
chr7	27137381	27147381	1
chr10	8056837	8066837	23
chr4	108158244	108168244	23
chr10	8056037	8066037	23
chr10	41875008	41885008	22
chr3	128479757	128489757	9
chr1	47222928	47232928	1
chr11	120337691	120347691	23
chr2	112829223	112839223	19
chr9	136660948	136670948	22
chr14	105901342	105911541	24
chr3	128480357	128490357	24
chr3	128479157	128489157	9
chr1	44410928	44420928	9
chr9	93024918	93034918	11
chr19	32358294	32368294	24
chr17	48580438	48590438	4
chr9	134909754	134919754	20
chr4	48129183	48139183	22
chr19	52541347	52551347	20
chr14	99239263	99249263	23
chr17	48580638	48590638	4
chr7	64997422	65007422	4
chr14	99229463	99239463	15
chr22	39898996	39908996	22
chrX	13080481	13090481	13
chrX	79144303	79154303	1
chr14	99251263	99261263	23
chr1	25557709	25567709	11
chr16	75248702	75258702	22
chr5	172764597	172774597	1
chr14	99233863	99243863	23
chr2	47066461	47076461	13
chr14	105855895	105866591	4
chr1	35444799	35454799	11
chr15	50109003	50119003	13
chr22	39956596	39966596	23
chr4	48128183	48138183	22
chr22	39900796	39910796	22
chr8	142321039	142331039	18
chr7	27153381	27163381	23
chr21	38488877	38499076	3
chr9	129860521	129870521	11
chr22	50533371	50543371	13
chr17	42309782	42319782	11
chr11	3365970	3375970	20
chr19	16365589	16375589	13
chr22	37294559	37304559	13
chrX	79143703	79153703	1
chr22	39956396	39966396	23
chr19	13829986	13839986	11
chr14	61470882	61480882	13
chr19	57746032	57756032	22
chr4	48127383	48137383	22
chr3	49802967	49812967	1
chr19	19902191	19912191	4
chr19	18167990	18177990	22
chr2	230869885	230879885	13
chr19	57770632	57780632	4
chr17	8152482	8162482	22
chr19	9573724	9583724	4
chr11	1746370	1756370	19
chr17	40556348	40566348	22
chr11	118213485	118223485	4
chr16	68069497	68079497	13
chr17	59837039	59847039	1
chr6	390400	400400	23
chr7	150512112	150522112	20
chr1	24908909	24918909	11
chr14	91321656	91331656	3
