chr7	12570174	12570374	11	9.40521	-1	17.3386	0
chr10	72276042	72276242	3	8.10183	1	15.8147	9.21846e-07
chr5	141753833	141754033	11	7.26663	-1	15.7709	9.92757e-07
chr7	157023106	157023306	12	8.84776	1	15.3675	1.41822e-06
chr17	42097982	42098182	11	8.54634	-1	15.2588	1.63096e-06
chr10	49612154	49612354	12	5.10605	1	14.8818	2.97827e-06
chr16	8863943	8864143	6	8.10306	1	14.8635	2.97827e-06
chr7	83461684	83461884	3	8.10183	1	14.8097	3.26192e-06
chr12	26114867	26115067	10	6.45935	-1	14.6973	3.54556e-06
chr8	19313289	19313489	11	5.74557	1	14.5697	3.75829e-06
chr1	26162309	26162509	11	8.54634	-1	14.5694	3.82921e-06
chr6	144064863	144065063	10	7.2024	1	14.5476	4.04194e-06
chr2	77090874	77091074	3	8.10183	1	14.507	4.18376e-06
chr2	6806469	6806669	12	7.57322	1	14.4929	4.32558e-06
chr6	28825423	28825623	11	7.26663	-1	14.4757	4.89287e-06
chr7	35260589	35260789	12	7.57322	1	14.4749	4.89287e-06
chr6	137491263	137491463	12	7.57322	1	14.4749	4.89287e-06
chr8	13131491	13131691	11	6.40776	-1	14.4218	4.89287e-06
chr16	3096399	3096599	3	8.11674	-1	14.4141	4.96379e-06
chr1	10867543	10867743	11	5.74557	1	14.4116	4.96379e-06
chr4	110614644	110614844	11	5.20095	-1	14.3195	5.31834e-06
chr17	11239483	11239683	11	5.20095	-1	14.3095	5.46016e-06
chr18	57437368	57437568	11	7.26663	-1	14.1908	5.88563e-06
chr1	231420254	231420454	10	7.2024	1	14.1298	6.16928e-06
chr4	52750433	52750633	11	5.20095	-1	14.1029	6.3111e-06
chr3	107241353	107241553	10	4.59549	-1	14.0718	6.66565e-06
chrX	134550370	134550570	10	7.71813	-1	14.0701	6.73657e-06
chr2	46300261	46300461	12	7.57322	1	14.0669	6.87839e-06
chr4	110636444	110636644	11	6.40776	-1	14.0297	7.09112e-06
chr9	126674721	126674921	12	7.57322	1	14.027	7.09112e-06
chr11	8016453	8016653	12	7.57322	1	14.027	7.09112e-06
chr1	90718843	90719043	11	6.40776	-1	14.0212	7.09112e-06
chr3	134372958	134373158	1	5.73084	1	13.9833	7.44568e-06
chr22	38202593	38202793	1	5.73084	1	13.9833	7.44568e-06
chr17	38719947	38720147	1	5.73084	1	13.9833	7.44568e-06
chr11	61555928	61556128	10	4.59549	-1	13.9737	7.5875e-06
chr3	193869811	193870011	12	7.57322	1	13.9724	7.5875e-06
chr4	154744648	154744848	11	7.26663	-1	13.96	7.5875e-06
chr2	96144061	96144261	11	4.43549	1	13.9559	7.65841e-06
chr3	181712612	181712812	3	8.11674	-1	13.9495	7.65841e-06
chr3	112085553	112085753	12	6.32454	1	13.9222	7.65841e-06
chr20	58513944	58514144	11	5.20095	-1	13.899	7.72932e-06
chr1	170668459	170668659	10	5.78136	-1	13.8799	8.15479e-06
chr8	11717691	11717891	11	7.26663	-1	13.8719	8.15479e-06
chr20	2871754	2871954	11	7.09196	1	13.8606	8.15479e-06
chr1	168387562	168387762	2	7.39678	1	13.8506	8.2257e-06
chr4	108166444	108166644	10	7.2024	1	13.8497	8.2257e-06
chr8	114289171	114289371	3	8.10183	1	13.8486	8.2257e-06
chr7	19118977	19119177	11	6.40776	-1	13.8367	8.65117e-06
chr6	28772823	28773023	11	6.40776	-1	13.8367	8.65117e-06
chr12	15220866	15221066	10	7.2024	1	13.8061	8.93481e-06
chr7	155533705	155533905	10	6.00669	1	13.8028	8.93481e-06
chr1	47208128	47208328	11	5.20095	-1	13.7518	9.71484e-06
chr10	101283043	101283243	12	7.57322	1	13.7359	9.78575e-06
chr11	31826453	31826653	10	7.2024	1	13.7218	9.92757e-06
chr1	156077809	156078009	6	4.22664	1	13.7005	1.02112e-05
chr1	65278717	65278917	2	7.39678	1	13.6964	1.02821e-05
chr3	42500908	42501108	11	7.26663	-1	13.6802	1.0353e-05
chr7	99440177	99440377	3	6.58713	1	13.6675	1.04239e-05
chr22	41977396	41977596	10	5.78136	-1	13.6446	1.04949e-05
chr2	222423681	222423881	10	6.00669	1	13.6393	1.06367e-05
chr19	41089495	41089695	10	6.00669	1	13.6393	1.06367e-05
chr3	158801011	158801211	10	6.00669	1	13.6141	1.06367e-05
chr20	40274960	40275160	3	6.47265	1	13.6088	1.08494e-05
chrX	74925365	74925565	10	7.2024	1	13.6038	1.1204e-05
chr14	100905063	100905263	10	6.00669	1	13.5969	1.14167e-05
chr18	8611402	8611602	3	5.83854	-1	13.5946	1.14167e-05
chr20	41030560	41030760	11	5.20095	-1	13.5338	1.24095e-05
chr15	36882399	36882599	12	7.57322	1	13.5304	1.24095e-05
chr18	13136401	13136601	11	5.20095	-1	13.5022	1.26222e-05
chr19	41289295	41289495	6	6.77869	1	13.4774	1.2764e-05
chr13	112205686	112205886	12	6.32454	1	13.4712	1.28349e-05
chr1	24930709	24930909	11	7.43747	-1	13.4442	1.38986e-05
chr1	112502978	112503178	12	7.57322	1	13.4403	1.38986e-05
chr9	129619521	129619721	12	8.09879	-1	13.4207	1.42532e-05
chr11	128688305	128688505	11	5.20095	-1	13.4009	1.46077e-05
chr3	3806516	3806716	6	8.10306	1	13.3785	1.48914e-05
chr9	131436613	131436813	6	6.77869	1	13.3751	1.48914e-05
chr7	5569369	5569569	2	7.61143	-1	13.3692	1.49623e-05
chr2	237858957	237859157	11	7.09196	1	13.3683	1.50332e-05
chr5	5421487	5421687	2	7.61143	-1	13.3423	1.56714e-05
chr2	219159878	219160078	2	7.61143	-1	13.3423	1.56714e-05
chr16	11977343	11977543	2	7.61143	-1	13.3423	1.56714e-05
chr10	75410642	75410842	12	7.57322	1	13.3322	1.57423e-05
chr22	45645920	45646120	11	4.43549	1	13.3308	1.57423e-05
chr19	20236791	20236991	3	8.10183	1	13.3204	1.5955e-05
chr3	32237708	32237908	10	7.20912	1	13.3195	1.5955e-05
chr1	19289106	19289306	10	6.45935	-1	13.2913	1.60968e-05
chr8	28752283	28752483	6	8.10306	1	13.284	1.65223e-05
chr13	28495863	28496063	10	6.00669	1	13.2734	1.65223e-05
chr19	3360402	3360602	10	7.2024	1	13.2713	1.65932e-05
chrX	40087147	40087347	12	7.57322	1	13.262	1.70896e-05
chr19	55087832	55088032	11	5.20095	-1	13.2598	1.71605e-05
chr11	27720653	27720853	10	4.59549	-1	13.2501	1.73732e-05
chr11	32435854	32436054	11	7.26663	-1	13.2403	1.76569e-05
chr1	156078009	156078209	3	3.65837	-1	13.232	1.77987e-05
chr20	40272960	40273160	3	6.58713	1	13.2309	1.78696e-05
chr15	63505801	63506001	10	6.00669	1	13.2061	1.80824e-05
chr12	51820016	51820216	10	3.71198	1	13.1887	1.82242e-05
chr7	151058913	151059113	2	6.1733	1	13.1612	1.87915e-05
