chr11	128464305	128514305	4
chr14	22490212	22553661	10
chr14	99224863	99274863	8
chr14	22480811	22542057	8
chr14	99212863	99262863	8
chr7	50313404	50375502	10
chr7	50320004	50382102	10
chr1	198641870	198692071	8
chr1	198635070	198685271	8
chr5	157178789	157228990	8
chr5	170253596	170303596	8
chr4	40197580	40247580	10
chr5	157188389	157238590	8
chr7	50300204	50362302	10
chr5	134096909	134146909	8
chr6	24890772	24940772	2
chr6	24891972	24941972	2
chr14	100059663	100109663	8
chr22	36327555	36377555	8
chr22	36326555	36376555	8
chr1	198628670	198678871	8
chr1	198654271	198704271	1
chr22	39913596	39963596	8
chr3	30611308	30661308	8
chr10	11168437	11218437	8
chr11	35142053	35192053	2
chr11	35138253	35188253	2
chr1	226687499	226737499	12
chr5	39169298	39219298	8
chr11	60970528	61020528	4
chr9	114347920	114397920	8
chr3	30631508	30681508	8
chr2	68761668	68811668	8
chr4	108124644	108174644	15
chr1	167469363	167519363	4
chr7	27146581	27196581	14
chr10	71724843	71774843	8
chr10	71726043	71776043	8
chr1	226683099	226733099	12
chr2	68738668	68788668	8
chr9	89436885	89486885	8
chr5	134085709	134135709	8
chr14	91369456	91419456	2
chr17	39753147	39803147	16
chr5	39155098	39205098	8
chr3	18399308	18449308	2
chr6	24912372	24962372	2
chr12	9642604	9692604	4
chr2	196136076	196186076	10
chr1	167430163	167480163	10
chr21	42400691	42450890	8
chr1	167429963	167479963	10
chr8	133032955	133083156	8
chr2	157402288	157452288	8
chr17	48577038	48627038	14
chr6	111731597	111781597	1
chr9	120888322	120938322	8
chr10	80453244	80503244	2
chr17	77432318	77482318	8
chr21	42397091	42447290	8
chr10	8031637	8081637	2
chr3	52230784	52280784	2
chr16	56991288	57041288	2
chr2	132238627	132288627	15
chr10	14539601	14589601	10
chr10	11149437	11199437	8
chr15	31328797	31378797	8
chr6	111711997	111761997	10
chr1	167447963	167497963	10
chr15	92879770	92929770	2
chr10	14524201	14574201	10
chr17	39763147	39813147	16
chr14	100076063	100126063	4
chr9	89405685	89455685	8
chr20	41133160	41183160	8
chr10	80450844	80500844	2
chr14	101810463	101860463	10
chr1	167631963	167681963	8
chr7	130911641	130961641	8
chr8	30059284	30109284	2
chr2	174569072	174619072	8
chr2	30221734	30271734	8
chr5	134116309	134166309	2
chr14	61320882	61370882	4
chr2	84832876	84882876	12
chr7	43601601	43651601	8
chr5	39143698	39193698	1
chr14	22463208	22519022	10
chr22	39932796	39982796	8
chr14	61319282	61369282	4
chr13	99270146	99320146	12
chr9	89457685	89507685	2
chr3	152253211	152303211	8
chr4	35800	89112	14
chr10	11221037	11271037	8
chr8	143927632	143977632	8
chr11	118881491	118931491	2
chr5	131250107	131300107	8
chr13	99277746	99327746	8
chr17	77445518	77495518	8
