chr15	25067653	25092653	20
chr19	58241834	58266834	20
chr19	58186033	58211234	20
chr12	133082214	133107214	20
chr19	57976432	58001432	20
chr19	57530232	57555232	20
chr19	44473783	44501348	20
chr12	132991014	133016014	20
chr12	133036614	133061614	4
chr19	52299947	52324947	20
chr12	133133214	133158214	20
chr19	36537898	36562898	20
chr19	58121633	58146633	20
chr5	180244600	180269600	20
chr19	36740298	36765298	20
chr12	133181014	133206014	20
chr16	68548897	68573897	20
chr7	6682569	6707569	20
chr19	52015747	52040747	20
chr19	36814098	36839098	1
chr19	36705898	36730898	20
chr19	9560124	9585124	4
chr19	51962347	51987347	4
chr4	449611	474611	20
chr7	6673969	6698969	20
chr19	52110947	52135947	20
chr19	58114233	58139233	20
chr16	68552497	68577497	20
chr12	132928614	132953614	20
chr19	23344598	23369598	20
chr19	52058347	52083347	20
chr8	144826015	144851015	20
chr19	38647160	38672160	22
chr11	118905891	118930891	9
chr16	3387000	3412000	1
chr19	58169633	58194633	20
chr19	56403031	56428031	20
chr19	37227498	37252498	20
chr19	36634298	36659298	20
chr19	52312547	52337547	20
chr16	3299600	3324600	20
chr12	133068014	133093014	20
chr5	178865399	178890399	20
chr19	9327324	9352324	20
chr19	8803124	8828124	20
chr19	7068789	7093789	20
chr19	43832848	43857848	20
chr22	36350555	36375555	9
chr19	36732698	36757698	20
chr19	56553231	56578432	20
chr19	9514324	9539324	20
chr4	336011	361011	4
chr12	121792094	121817094	9
chr19	9330124	9355124	20
chr8	143930032	143955032	1
chr19	52361747	52386747	20
chr19	52101747	52126747	20
chr19	38664160	38689160	9
chr19	1251201	1276201	9
chr19	56554031	56579232	20
chr19	37145298	37170298	20
chr3	44712108	44737108	20
chr19	36624698	36649698	20
chr12	133190614	133215614	20
chr19	51887147	51912147	20
chr19	57961832	57986832	20
chr9	96753918	96778918	1
chr19	36883698	36908698	20
chr19	20536794	20561794	20
chr18	48928430	48953430	22
chr22	36313555	36338555	9
chr19	51926347	51951347	4
chr22	36319955	36344955	9
chr11	65484929	65509929	9
chr19	57567232	57592232	20
chr22	36313955	36338955	9
chr11	65416129	65441129	9
chr5	178702999	178727999	20
chr4	69708	96914	20
chr19	57924032	57949032	4
chr22	29266411	29291411	9
chr19	37563498	37588699	20
chr14	73738297	73763297	3
chr10	119040888	119065888	6
chr8	143919632	143944632	9
chr12	53451816	53476816	22
chr19	11931785	11956785	20
chr19	9512324	9537324	20
chr20	35709278	35734278	6
chr5	139647015	139672015	1
chr19	37409698	37434698	20
chr19	9372524	9397524	20
chr20	17948556	17973757	3
chr1	8856141	8881141	9
chr12	121795894	121820894	9
chr19	37137298	37162298	20
chr4	134057	161610	20
chr3	185913612	185938612	1
chr19	9403924	9428924	20
chr6	85619882	85644882	1
