chr17	45221200	45221400	14	4.92851	1	(7,14)	3.74909	1	15.7005
chr17	41382200	41382400	14	5.51663	1	(8,14)	3.01748	1	15.6777
chr17	41400200	41400400	14	6.67425	1	(8,14)	2.7839	1	15.1882
chr20	47896600	47896800	8	9.48052	1	(8,8)	5.61873	1	15.1355
chr17	45249400	45249600	14	7.45337	1	(14,14)	3.17683	1	15.1195
chr17	45259000	45259200	14	8.87174	1	(14,14)	4.76979	1	15.0151
chr3	196625600	196625800	14	9.02891	1	(14,14)	5.05884	1	14.8798
chr17	45214600	45214800	14	8.83091	1	(14,14)	4.78731	1	14.7668
chrX	115004800	115005000	14	3.71645	1	(12,14)	1.82361	1	14.7457
chr7	5568400	5568600	8	10.5513	1	(8,8)	7.12796	1	14.7155
chr17	39846200	39846400	8	10.0937	1	(8,8)	6.46916	1	14.7109
chr12	2365000	2365200	12	5.50297	1	(12,14)	3.56778	1	14.6721
chr12	133343800	133344000	14	3.00739	1	(12,14)	1.0225	1	14.6474
chr20	42087800	42088000	4	6.61167	1	(4,8)	6.25183	1	14.6187
chr11	65272800	65273000	8	9.90709	1	(8,8)	6.4714	1	14.6098
chr5	179048800	179049000	8	7.23896	1	(8,8)	3.2075	1	14.6012
chr1	35656400	35656600	8	6.6575	1	(4,8)	3.58916	1	14.5692
chr14	102551800	102552000	8	8.33419	1	(8,8)	4.48674	1	14.5531
chr13	80911200	80911400	8	6.71353	1	(8,8)	2.79708	1	14.5227
chr6	133137200	133137400	8	5.00758	1	(4,8)	3.23838	1	14.489
chr1	203276800	203277000	8	7.70505	1	(8,8)	3.72101	1	14.4766
chr16	14581000	14581200	14	8.1471	1	(14,14)	4.15084	1	14.4464
chr6	74228400	74228600	8	7.73722	1	(8,8)	3.86896	1	14.4417
chr6	32942400	32942600	8	6.83105	1	(4,8)	3.39413	1	14.4354
chr2	217364600	217364800	8	7.95169	1	(8,8)	4.07637	1	14.4223
chr17	56082800	56083000	8	6.07906	1	(4,8)	3.85139	1	14.4122
chr11	8705600	8705800	8	8.18775	1	(8,8)	4.29133	1	14.4094
chr12	95400	95600	14	6.38495	1	(12,14)	4.27585	1	14.3987
chr22	39919200	39919400	8	11.9414	1	(8,8)	9.82288	1	14.3963
chr16	89628000	89628200	8	8.59186	1	(8,8)	4.71187	1	14.3814
chr19	50000800	50001000	8	10.0451	1	(8,8)	6.82884	1	14.3752
chr2	208632200	208632400	8	2.98918	1	(8,15)	1.09446	1	14.3663
chr14	103802000	103802200	8	7.22548	1	(8,8)	3.29987	1	14.349
chr19	49992600	49992800	8	9.69395	1	(8,8)	6.29417	1	14.3487
chr6	35437600	35437800	8	9.30691	1	(8,8)	5.72128	1	14.3427
chr3	186503600	186503800	8	6.86593	1	(8,8)	3.07246	1	14.3341
chr8	146016800	146017000	8	9.45589	1	(8,8)	5.85215	1	14.3309
chr14	69256600	69256800	8	7.63926	1	(1,8)	5.73956	1	14.3054
chr17	76353400	76353600	8	5.30156	1	(8,8)	1.67618	1	14.3025
chr19	58741000	58741200	4	5.81385	1	(4,12)	3.42064	1	14.2974
chr12	56553600	56553800	8	10.4093	1	(8,8)	7.35479	1	14.2945
chr19	58741200	58741400	12	4.80738	1	(7,12)	2.67705	1	14.2885
chr19	49377000	49377200	8	8.13859	1	(8,8)	4.32039	1	14.2865
chr6	31508000	31508200	8	7.60812	1	(4,8)	4.26147	1	14.2809
chr11	62621600	62621800	8	5.25517	1	(4,8)	2.78164	1	14.2705
chr12	54676400	54676600	8	7.09798	1	(8,8)	3.35159	1	14.2497
chr12	6645200	6645400	8	10.3062	1	(8,8)	7.21488	1	14.2495
chr2	232576600	232576800	8	12.3185	1	(8,8)	10.594	1	14.2478
chr9	130212200	130212400	8	6.52335	1	(8,8)	2.61996	1	14.2473
chr19	13050800	13051000	8	9.72294	1	(8,8)	6.48364	1	14.2399
chr14	70235200	70235400	8	8.2156	1	(8,8)	4.46765	1	14.2346
chr17	45212800	45213000	12	6.21446	1	(12,15)	2.6752	1	14.2318
chr19	1275000	1275200	8	8.89585	1	(8,8)	5.09013	1	14.2295
chrX	48433800	48434000	8	8.64474	1	(8,8)	4.88284	1	14.2237
chr6	31805000	31805200	8	9.58287	1	(8,8)	6.34605	1	14.2231
chr1	86048400	86048600	8	5.14747	1	(2,8)	1.88289	1	14.2141
chr3	52028800	52029000	8	9.79764	1	(8,8)	6.58046	1	14.2071
chr17	7477600	7477800	8	9.98787	1	(8,8)	6.7274	1	14.2024
chr19	42365200	42365400	8	7.69902	1	(8,8)	3.82009	1	14.1877
chr16	30078400	30078600	8	9.41871	1	(8,8)	6.00191	1	14.1868
chr1	28835000	28835200	8	8.64208	1	(8,8)	5.15678	1	14.1794
chr14	35872600	35872800	8	8.81014	1	(1,8)	5.27997	1	14.1774
chr3	73160000	73160200	14	5.5636	1	(3,14)	4.63544	1	14.1635
chr19	18389600	18389800	8	10.7721	1	(8,8)	8.01854	1	14.1597
chr19	3984000	3984200	8	12.1485	1	(8,8)	10.3245	1	14.1582
chr17	45235600	45235800	14	9.05576	1	(14,14)	5.38418	1	14.1562
chr17	79476200	79476400	8	7.40278	1	(1,8)	3.95927	1	14.1524
chr22	50356400	50356600	8	9.84373	1	(8,8)	6.5607	1	14.15
chr19	55898400	55898600	8	8.22753	1	(4,8)	5.16462	1	14.1463
chr7	158388000	158388200	12	5.14433	1	(12,14)	3.68908	1	14.1418
chr7	99697400	99697600	8	5.16273	1	(4,8)	3.95782	1	14.135
chr20	29611200	29611400	14	6.75458	1	(12,14)	3.1829	1	14.1329
chr18	18519200	18519400	14	6.31598	1	(12,14)	4.44414	1	14.1275
chr18	108600	108800	14	5.3228	1	(12,14)	4.41037	1	14.119
chr5	172196600	172196800	8	6.76692	1	(1,8)	3.02502	1	14.117
chr12	133344000	133344200	12	2.25564	1	(12,15)	0.798635	1	14.1108
chr6	36565000	36565200	8	5.9913	1	(4,8)	2.72115	1	14.1095
chr19	2271800	2272000	8	10.4246	1	(8,8)	7.58487	1	14.1095
chr1	150548200	150548400	8	8.9444	1	(8,8)	5.46417	1	14.1039
chr9	136216000	136216200	8	7.29443	1	(8,8)	3.34975	1	14.1031
chr17	4849600	4849800	8	9.23886	1	(8,8)	5.913	1	14.102
chr19	49121000	49121200	8	6.1772	1	(4,8)	3.77436	1	14.0983
chr5	177633200	177633400	8	5.75348	1	(4,8)	3.9522	1	14.0884
chr17	45213000	45213200	14	5.34506	1	(12,14)	4.80469	1	14.0684
chr22	18878400	18878600	14	7.98193	1	(12,14)	5.66592	1	14.045
chr20	47899200	47899400	7	4.78039	1	(7,8)	2.75599	1	14.0361
chr5	180669200	180669400	8	8.90072	1	(8,8)	5.51569	1	14.0355
chr5	178012600	178012800	14	6.23458	1	(12,14)	2.64442	1	14.035
chr12	49523600	49523800	8	9.07255	1	(8,8)	5.67816	1	14.0303
chr19	54706000	54706200	8	6.32913	1	(7,8)	3.3401	1	14.0224
chr1	145440800	145441000	8	7.11985	1	(1,8)	3.83468	1	14.0139
chr6	133137000	133137200	4	5.23248	1	(4,8)	2.76447	1	14.0132
chr17	8065000	8065200	8	8.67906	1	(8,8)	5.07292	1	14.01
chr11	61732800	61733000	8	6.43784	1	(8,8)	2.74685	1	14.006
chr22	39714000	39714200	8	8.29534	1	(8,8)	4.66395	1	14.0001
chr11	62650200	62650400	8	8.47814	1	(8,8)	4.95678	1	13.9963
chr14	67511400	67511600	14	5.97034	1	(12,14)	2.5094	1	13.9946
chr2	101620000	101620200	8	5.48199	1	(4,8)	3.14595	1	13.9935
chr8	126446000	126446200	8	6.51011	1	(8,8)	2.82869	1	13.989
chr21	9825800	9826000	14	8.24252	1	(14,14)	4.56133	1	13.9885
