chr19	58004032	58004232	8	7.97721	-1	(8,12)	12.8172	-1	26.7902	2.83645e-07
chr19	58229834	58230034	12	6.58587	-1	(7,14)	5.92024	1	25.8039	9.92757e-07
chr19	47715343	47715543	7	6.58911	1	(7,14)	5.92024	1	25.5394	1.41822e-06
chr16	31476679	31476879	1	5.78244	-1	(8,16)	5.25169	1	25.4404	1.63096e-06
chr3	196898729	196898929	8	4.69113	-1	(8,14)	9.38226	-1	25.4139	1.70187e-06
chr10	41838208	41838408	12	5.87701	1	(13,14)	8.4775	-1	25.4132	1.70187e-06
chrX	107714570	107714770	15	5.88663	1	(1,7)	5.23047	-1	25.3566	1.84369e-06
chr7	27145581	27145781	7	3.83146	-1	(5,14)	3.01283	1	25.2639	2.05643e-06
chr5	32585094	32585294	4	6.03324	1	(4,12)	5.24142	1	25.159	2.19825e-06
chr12	2255834	2256034	14	6.00205	1	(12,14)	9.5418	1	24.9589	2.97827e-06
chr7	64999022	64999222	9	6.44002	1	(9,12)	10.812	1	24.9475	2.97827e-06
chr5	141326633	141326833	1	7.10025	1	(1,12)	12.2324	1	24.6522	4.3965e-06
chr16	33339759	33339959	14	5.92134	-1	(12,15)	7.89761	1	24.6418	4.60923e-06
chr6	30490823	30491023	8	5.83952	-1	(4,8)	6.74131	-1	24.5498	5.31834e-06
chr2	231679490	231679690	8	5.42064	1	(4,8)	4.33248	1	24.4958	6.02745e-06
chr20	62553593	62553793	3	8.08824	-1	(3,15)	7.68213	-1	24.4821	6.16928e-06
chrX	115887067	115887267	14	6.03742	-1	(13,14)	5.45668	-1	24.4143	6.87839e-06
chr16	31476279	31476479	8	5.47894	-1	(7,14)	5.92024	1	24.3932	7.09112e-06
chr19	52492947	52493147	12	6.23702	-1	(2,12)	10.2196	-1	24.3666	7.44568e-06
chr2	219486078	219486278	16	6.74165	-1	(7,16)	11.6244	-1	24.2923	8.01297e-06
chr7	27155381	27155581	15	6.8011	-1	(1,15)	5.12989	-1	24.2047	8.79299e-06
chr19	40614894	40615094	14	6.1685	1	(6,14)	9.87469	1	24.1984	8.8639e-06
chr15	39582999	39583199	8	9.04017	-1	(1,8)	7.08379	-1	24.1734	9.00572e-06
chr14	75281697	75281897	7	8.81378	-1	(1,7)	8.13819	-1	24.1513	9.21846e-06
chr19	37550898	37551098	3	5.81571	1	(2,12)	7.45721	-1	24.1281	9.57301e-06
chr19	9673924	9674124	12	4.71495	1	(1,12)	8.96675	1	24.1099	9.71484e-06
chr2	219252078	219252278	14	6.12784	1	(8,14)	5.23228	1	24.0809	9.99848e-06
chr10	75212442	75212642	7	8.15721	1	(4,8)	9.26511	-1	24.0795	9.99848e-06
chr7	64998822	64999022	3	3.60222	1	(3,12)	5.87682	1	24.0678	1.01403e-05
chr19	5620989	5621189	8	9.00613	-1	(8,8)	11.9965	-1	24.0336	1.04239e-05
chr3	9976516	9976716	8	11.9965	-1	(8,8)	11.9965	-1	24.0138	1.05658e-05
chr4	123402845	123403045	2	5.87165	-1	(2,8)	4.93125	-1	23.958	1.18422e-05
chr19	44447612	44447812	2	5.73934	1	(2,8)	7.28268	1	23.9528	1.19131e-05
chr3	184379012	184379212	15	9.95236	-1	(3,15)	7.68213	-1	23.9185	1.23386e-05
chrX	115892867	115893067	1	8.35369	-1	(1,13)	9.70182	-1	23.9079	1.23386e-05
chr19	310800	311000	2	5.84661	-1	(1,5)	5.21713	1	23.8914	1.29768e-05
chr17	15256883	15257083	8	8.86893	-1	(4,8)	6.74131	-1	23.8401	1.42532e-05
chr2	238241159	238241359	14	6.31004	1	(9,14)	10.1578	1	23.837	1.43241e-05
chr1	229432853	229433053	15	8.62716	-1	(15,15)	6.11129	-1	23.7999	1.46786e-05
chr19	58004632	58004832	12	8.8768	-1	(8,12)	9.40541	-1	23.7867	1.48204e-05
chr16	15971943	15972143	12	6.81238	-1	(8,12)	6.07528	-1	23.7708	1.49623e-05
chr1	1398220	1398420	4	7.98481	-1	(1,8)	6.81892	1	23.7661	1.49623e-05
chr10	72276242	72276442	8	5.65548	1	(1,8)	6.81892	1	23.7456	1.55296e-05
chr7	27144981	27145181	17	3.2661	-1	(8,14)	2.86326	-1	23.7439	1.55296e-05
chr10	125895831	125896031	1	5.51829	1	(2,12)	7.45721	-1	23.7359	1.57423e-05
chr6	116278437	116278637	4	8.51439	1	(4,8)	6.79121	1	23.723	1.58841e-05
chr2	215433077	215433277	8	5.83977	-1	(1,8)	4.52754	-1	23.7113	1.5955e-05
chr4	123402045	123402245	8	12.1835	1	(8,8)	12.1835	1	23.6698	1.68769e-05
chr20	62552993	62553193	14	6.12784	1	(8,14)	5.23228	1	23.6623	1.70187e-05
chr7	27185381	27185581	14	7.27188	1	(1,15)	10.9264	-1	23.6606	1.70187e-05
chr3	46845110	46845310	3	9.39204	-1	(3,13)	10.2897	-1	23.6257	1.77278e-05
chrX	49627397	49627597	12	7.57007	1	(2,12)	7.33009	1	23.6039	1.82951e-05
chr20	49280063	49280263	4	5.90644	-1	(4,8)	9.26511	-1	23.5866	1.87206e-05
chr7	27183581	27183781	14	9.97186	1	(1,15)	10.9264	-1	23.5747	1.89333e-05
chr22	31094814	31095014	1	5.78244	-1	(8,11)	5.84015	1	23.5733	1.90751e-05
chr19	38620160	38620360	8	8.86893	-1	(4,8)	6.74131	-1	23.5725	1.90751e-05
chr9	98943118	98943318	3	8.08824	-1	(3,15)	7.68213	-1	23.5494	1.93588e-05
chr17	81508774	81508974	8	6.25191	-1	(4,8)	6.74131	-1	23.5483	1.95006e-05
chr19	38847560	38847760	8	9.29395	1	(8,8)	12.1835	1	23.5456	1.95006e-05
chr19	310600	310800	1	5.76812	1	(1,5)	5.21713	1	23.5394	1.95715e-05
chr19	52584947	52585147	2	5.01658	1	(1,12)	6.00716	-1	23.5296	1.98551e-05
chr11	114298478	114298678	2	9.34382	-1	(2,2)	9.34382	-1	23.525	1.9997e-05
chr19	52493147	52493347	2	5.36276	-1	(2,12)	7.45721	-1	23.5224	1.9997e-05
chr10	130302136	130302336	13	7.17315	-1	(2,18)	7.20109	1	23.5179	2.00679e-05
chr2	120222224	120222424	12	6.61227	1	(4,12)	11.1495	1	23.5163	2.00679e-05
chrX	154032749	154032949	15	6.40688	-1	(5,15)	5.90167	-1	23.501	2.02806e-05
chr22	27798012	27798212	15	6.02431	1	(1,15)	9.64113	1	23.4438	2.20534e-05
chr4	6641873	6642073	3	7.40452	-1	(2,8)	7.28268	1	23.4363	2.20534e-05
chr14	103335463	103335663	3	7.40452	-1	(2,8)	7.28268	1	23.4363	2.20534e-05
chr1	173866862	173867062	3	7.40452	-1	(2,8)	7.28268	1	23.4363	2.20534e-05
chr3	184317012	184317212	8	8.86893	-1	(4,7)	8.56218	1	23.4272	2.2337e-05
chr19	58546633	58546833	8	8.86893	-1	(4,7)	8.56218	1	23.4272	2.2337e-05
chr11	47425049	47425249	4	5.90644	-1	(4,8)	9.26511	-1	23.4163	2.27625e-05
chrX	115892667	115892867	4	5.16638	1	(4,18)	5.58454	1	23.4136	2.28334e-05
chr18	12310001	12310201	14	3.68913	1	(2,8)	4.93125	-1	23.3856	2.33298e-05
chr20	62553993	62554193	14	6.12784	1	(8,14)	5.23228	1	23.3854	2.34007e-05
chr7	95591088	95591288	8	9.17713	-1	(8,8)	11.9965	-1	23.3483	2.42516e-05
chr9	129888521	129888721	1	5.60521	1	(2,8)	4.93125	-1	23.3481	2.42516e-05
chr4	151100848	151101048	7	6.04283	-1	(3,7)	4.89176	-1	23.3464	2.42516e-05
chr11	62854728	62854928	4	5.58222	1	(2,8)	4.93125	-1	23.3458	2.42516e-05
chr17	8377082	8377282	8	6.36844	-1	(1,8)	7.08379	-1	23.344	2.43225e-05
chr10	41707208	41707408	14	5.27191	-1	(2,12)	4.69174	1	23.3219	2.48189e-05
chr22	39316795	39316995	8	9.37953	-1	(8,8)	11.9965	-1	23.3052	2.53153e-05
chr19	44411434	44411634	12	7.65362	-1	(12,14)	6.95905	-1	23.2943	2.60953e-05
chr16	1960799	1960999	8	6.16312	1	(2,8)	7.28268	1	23.2802	2.63081e-05
chr9	125238121	125238321	8	11.9965	-1	(8,8)	11.9965	-1	23.2737	2.65208e-05
chr14	105479863	105480063	16	5.66993	-1	(8,16)	6.18653	-1	23.2659	2.68754e-05
chr6	26034172	26034372	16	5.97216	1	(3,16)	10.2029	1	23.2655	2.68754e-05
chr20	62559193	62559393	14	6.12784	1	(8,14)	5.23228	1	23.2642	2.68754e-05
chr19	46411543	46411743	8	7.18478	1	(8,16)	11.17	1	23.2527	2.70881e-05
chr9	34371202	34371402	14	6.1493	1	(8,14)	5.23228	1	23.2408	2.73717e-05
chr10	101226243	101226443	15	13.2226	-1	(15,15)	13.2226	-1	23.2406	2.73717e-05
chr17	78357719	78357919	14	5.60709	1	(8,14)	5.23228	1	23.2397	2.75136e-05
chr11	114063278	114063478	16	5.57029	1	(8,16)	5.25169	1	23.2265	2.78681e-05
chr7	27152981	27153181	14	5.88448	1	(9,14)	4.74556	1	23.2202	2.80099e-05
chr20	49281663	49281863	7	6.40798	1	(7,12)	10.4493	1	23.2186	2.80808e-05
chr2	176104872	176105072	14	7.05053	1	(1,15)	10.9264	-1	23.2179	2.81518e-05
chr19	56405231	56405431	2	4.96259	-1	(4,13)	5.4834	1	23.2125	2.82227e-05
chr19	57683232	57683432	4	6.70398	-1	(4,4)	10.2283	-1	23.2058	2.879e-05
chr17	29616382	29616582	4	8.2248	-1	(4,15)	7.2213	-1	23.2045	2.879e-05
