chr2	19351000	19351200	15	9.32031	1	(8,15)	7.36282	1	18.5977
chr1	148841000	148841200	15	5.22383	1	(7,15)	3.69407	1	18.1592
chrX	48940400	48940600	7	8.72373	1	(7,14)	7.65231	1	18.0473
chrX	115888600	115888800	14	8.04295	1	(8,14)	7.09866	1	17.8093
chr2	132238800	132239000	12	7.83157	1	(8,12)	7.2498	1	17.7733
chr10	130302000	130302200	13	8.47693	1	(3,13)	7.7498	1	17.7055
chr16	33339600	33339800	14	8.38646	1	(10,14)	7.44858	1	17.6828
chr2	89826600	89826800	14	8.02194	1	(8,14)	7.09866	1	17.6725
chr10	42304200	42304400	14	8.02194	1	(8,14)	7.09866	1	17.6725
chr12	133079400	133079600	12	8.4198	1	(1,12)	7.02948	1	17.5675
chrX	115887000	115887200	14	7.88517	1	(13,14)	6.81898	1	17.5629
chr10	41848800	41849000	12	7.71264	1	(8,12)	6.8399	1	17.3502
chr19	58004400	58004600	8	8.82284	1	(8,12)	13.5421	1	17.2379
chr2	219485400	219485600	7	8.20603	1	(7,15)	7.12399	1	17.2162
chr12	10200	10400	14	5.26429	1	(6,14)	3.79157	1	17.1979
chr20	43900200	43900400	13	8.04806	1	(9,13)	7.91647	1	17.1926
chr5	50145200	50145400	4	4.65168	1	(4,13)	3.36074	1	17.1916
chr12	11866400	11866600	12	7.91209	1	(8,12)	7.2498	1	17.1881
chr11	130426000	130426200	7	4.97495	1	(7,14)	3.95824	1	17.1764
chr22	20978800	20979000	12	7.60462	1	(7,12)	6.26784	1	17.0483
chr19	57706400	57706600	12	8.05335	1	(8,12)	6.57941	1	17.044
chr20	49280600	49280800	8	8.10606	1	(8,12)	7.2498	1	16.9987
chr19	42096400	42096600	8	4.67905	1	(8,17)	3.6249	1	16.9731
chr2	19353000	19353200	14	4.58719	1	(5,14)	3.6249	1	16.9353
chr2	87396600	87396800	12	7.94982	1	(3,12)	7.36282	1	16.9164
chr12	103821200	103821400	12	4.69917	1	(9,12)	3.215	1	16.91
chrX	154749600	154749800	12	4.81071	1	(1,12)	3.57125	1	16.8774
chrX	134914000	134914200	15	4.90903	1	(15,18)	3.42991	1	16.872
chr19	57476600	57476800	4	8.56118	1	(4,12)	13.6805	1	16.8625
chr8	43969200	43969400	15	4.53332	1	(13,15)	3.57125	1	16.8573
chr4	121103800	121104000	12	7.52753	1	(12,15)	6.48069	1	16.8207
chr2	231679400	231679600	12	5.14537	1	(3,12)	3.95824	1	16.8206
chr12	133081600	133081800	4	7.37304	1	(4,12)	6.70534	1	16.7667
chr11	54527800	54528000	12	7.5566	1	(8,12)	6.70224	1	16.7608
chr2	19350800	19351000	14	4.4842	1	(8,14)	3.32368	1	16.7458
chr22	39235400	39235600	15	7.62523	1	(12,15)	6.16484	1	16.7059
chr9	133563400	133563600	4	7.33526	1	(4,8)	5.61737	1	16.6911
chr7	27144800	27145000	8	4.65615	1	(8,17)	3.30709	1	16.6888
chr1	146160400	146160600	12	8.00587	1	(8,12)	6.8399	1	16.6869
chr2	19352200	19352400	7	8.16435	1	(7,14)	6.8044	1	16.6756
chr19	56540000	56540200	12	4.49603	1	(4,12)	3.215	1	16.6642
chr1	220885000	220885200	8	7.77075	1	(8,15)	7.36282	1	16.6351
chr19	58001000	58001200	12	7.84696	1	(4,12)	6.52208	1	16.6257
chr19	1859200	1859400	16	4.51781	1	(3,16)	3.79157	1	16.6184
chr10	130301800	130302000	1	8.37528	1	(1,13)	13.9936	1	16.6183
chr19	40614800	40615000	15	4.88775	1	(8,15)	3.79157	1	16.6087
chr17	47169800	47170000	7	7.88499	1	(2,7)	6.25359	1	16.5996
chr22	16567800	16568000	13	7.42252	1	(13,15)	6.78191	1	16.5892
chr16	86019000	86019200	13	4.37208	1	(13,15)	3.06531	1	16.5856
chrX	153780200	153780400	15	8.04388	1	(9,15)	5.73401	1	16.5671
chr7	27145400	27145600	7	4.59372	1	(7,14)	3.32368	1	16.5639
chr12	11866600	11866800	10	7.11654	1	(10,12)	5.92532	1	16.5365
chr17	2060200	2060400	8	7.98327	1	(8,14)	6.72148	1	16.5295
chr16	3403800	3404000	7	7.6199	1	(7,12)	6.30089	1	16.5229
chr17	48595200	48595400	15	4.69325	1	(8,15)	3.57125	1	16.4483
chr7	3027000	3027200	15	7.53284	1	(13,15)	6.52355	1	16.4236
chr2	132242400	132242600	15	4.44805	1	(13,15)	3.30709	1	16.4231
chr2	74504800	74505000	8	4.91318	1	(8,16)	3.79157	1	16.4141
chr20	37384800	37385000	4	7.05923	1	(4,8)	5.64362	1	16.4023
chr19	1861000	1861200	15	8.32592	1	(3,15)	6.25817	1	16.3971
chr16	86477800	86478000	15	8.44563	1	(8,15)	6.61417	1	16.3942
chr6	596000	596200	1	7.64017	1	(1,5)	6.59866	1	16.3543
chr22	30971400	30971600	4	7.59095	1	(4,12)	6.45291	1	16.3511
chr7	2527400	2527600	15	8.01491	1	(5,15)	6.82661	1	16.35
chr2	19360800	19361000	3	4.316	1	(3,15)	3.26325	1	16.3449
chrX	53084800	53085000	14	4.88559	1	(8,14)	3.79157	1	16.3444
chr16	3285800	3286000	7	7.39916	1	(7,12)	6.30089	1	16.3381
chr2	19353400	19353600	5	4.34474	1	(5,14)	3.6249	1	16.3245
chrX	107743200	107743400	15	7.94961	1	(9,15)	6.66783	1	16.3168
chr14	105582800	105583000	12	7.66354	1	(3,12)	7.65231	1	16.3137
chr16	3306600	3306800	12	7.86017	1	(11,12)	6.46125	1	16.3133
chr19	45779000	45779200	8	7.92468	1	(8,15)	6.58884	1	16.3002
chr19	7450600	7450800	12	7.91782	1	(8,12)	6.59866	1	16.2886
chr19	47715000	47715200	14	4.70082	1	(7,14)	3.69407	1	16.2861
chr11	43945200	43945400	8	5.06858	1	(8,14)	3.57125	1	16.276
chr20	45419000	45419200	8	7.18409	1	(1,8)	5.31962	1	16.2746
chrX	13029400	13029600	15	4.50806	1	(9,15)	3.30709	1	16.263
chr5	91150000	91150200	14	4.61969	1	(14,18)	3.3415	1	16.2541
chr1	204075800	204076000	7	4.58034	1	(7,14)	3.69407	1	16.2432
chr7	6664600	6664800	13	7.14485	1	(13,15)	6.737	1	16.2398
chr17	3945200	3945400	5	7.62811	1	(3,5)	7.3399	1	16.2382
chr9	89179000	89179200	15	8.37443	1	(4,15)	6.02355	1	16.2366
chr7	2525800	2526000	15	7.48058	1	(7,15)	6.94858	1	16.2353
chr1	84604400	84604600	3	7.26245	1	(3,12)	7.48564	1	16.2197
chr4	189939800	189940000	12	7.80016	1	(11,12)	6.48943	1	16.2191
chr1	160112600	160112800	15	8.12239	1	(4,15)	5.91274	1	16.2143
chr9	93959600	93959800	15	11.5785	1	(1,15)	9.25379	1	16.2054
chr9	93953000	93953200	15	11.5785	1	(1,15)	9.25379	1	16.2054
chr11	72702600	72702800	2	7.86569	1	(2,8)	6.59666	1	16.2031
chr19	47729000	47729200	8	10.9838	1	(8,14)	10.4068	1	16.1872
chr16	3074400	3074600	14	7.11013	1	(3,14)	5.4517	1	16.1795
chr6	26471200	26471400	7	7.25633	1	(7,12)	6.01973	1	16.179
chr4	1170200	1170400	11	4.33173	1	(11,14)	3.42991	1	16.166
chr17	47171600	47171800	2	6.99786	1	(2,13)	5.78121	1	16.1615
chr6	111429800	111430000	13	4.65326	1	(1,13)	3.79157	1	16.1527
chr16	15972200	15972400	12	7.8398	1	(8,12)	6.57941	1	16.1386
chrX	115941000	115941200	13	4.38442	1	(4,13)	3.36074	1	16.134
chr3	4982800	4983000	8	11.1263	1	(2,8)	9.95022	1	16.1014
chr22	18892600	18892800	15	8.22618	1	(12,15)	12.4468	1	16.0936
chr8	38957200	38957400	5	4.47979	1	(3,5)	3.38166	1	16.0813
