chr2	132267427	132277427	11
chr17	61400839	61410839	10
chr17	61396639	61406639	3
chr11	2134570	2144570	10
chr16	34147333	34157333	8
chr17	61397639	61407639	10
chr18	22167839	22177839	3
chr4	46804	57507	8
chr11	2133370	2143370	10
chr4	48004	58707	8
chr7	27139381	27149381	11
chr4	173521849	173531849	10
chr6	10409767	10419767	12
chr12	114671595	114681595	3
chr11	2137570	2147570	10
chr3	128483557	128493557	10
chr3	128483357	128493357	10
chr10	8049637	8059637	3
chr16	86506794	86516794	12
chr10	8050037	8060037	3
chr18	15410401	20940639	8
chr10	8053237	8063237	10
chr17	72115259	72125259	11
chr2	132273027	132283027	11
chr5	93585694	93595694	11
chr17	61403239	61413239	11
chr17	72114859	72124859	11
chr2	91623774	91633774	8
chr12	114667595	114677595	3
chr12	114673195	114683195	3
chr9	63816666	63826666	11
chr2	19350039	19360039	10
chr10	8045837	8055837	10
chr17	48589438	48599438	11
chr15	96331771	96341771	3
chr17	48576038	48586038	10
chr2	176128272	176138272	11
chr1	220876858	220886858	3
chr12	114401595	114411595	10
chr8	98939572	98949572	10
chr8	98939372	98949372	10
chr5	93580294	93590294	8
chr8	98939972	98949972	10
chr9	63815666	63825666	11
chr3	75665449	75675449	11
chr11	65497329	65507329	3
chr12	114668395	114678395	3
chr3	75666049	75676049	11
chr7	27163981	27173981	11
chr5	2747486	2757486	11
chr3	75663249	75673249	11
chr17	48562638	48572638	11
chr6	5999367	6009367	8
chr17	48563038	48573038	12
chr9	62798976	62808976	11
chr11	65498129	65508129	3
chr7	27096981	27106981	10
chr11	31804452	31814452	11
chr6	133886862	133896862	10
chr16	54927888	54937888	10
chr5	2746886	2756886	11
chr7	27094781	27104781	10
chr2	66437268	66447268	3
chr7	27149581	27159581	11
chr7	155802906	155812906	11
chr11	31803652	31813652	11
chr5	3593686	3603686	10
chr17	48609038	48619038	1
chr7	27097381	27107381	10
chr6	133886262	133896262	10
chr15	52782203	52792203	10
chr4	54224833	54234833	11
chr3	169659612	169669612	10
chr20	22575962	22585962	12
chr17	61450839	61460839	10
chr2	63047265	63057265	12
chr1	16691905	16701905	11
chr2	176148072	176158072	12
chr5	123086505	123096505	11
chr4	110613844	110623844	11
chr7	23465181	23475181	12
chr2	19354039	19364039	10
chr10	41837608	41847608	8
chr13	27917063	27927063	12
chr8	11700291	11710291	1
chr6	1604565	1614565	10
chr6	1604165	1614165	10
chr10	125887631	125897631	8
chr4	110628444	110638444	11
chr2	144511833	144521833	10
chr14	37591195	37601195	11
chr5	123087305	123097305	11
chr17	36932700	36943501	12
chr5	43033698	43043698	10
chr11	32429454	32439454	12
chr2	172093672	172103672	10
chr5	51381166	51391166	10
chr17	61405039	61415039	3
chr11	114058678	114068678	3
chr16	54281488	54291488	11
