chr17	48544838	48554838	18
chr2	238852159	238862159	23
chr22	20423310	20433713	11
chr22	20424310	20434713	11
chr17	48555638	48565638	1
chr12	54001816	54011816	12
chr17	48566838	48576838	4
chr1	207022855	207032855	1
chr12	54001216	54011216	24
chr1	201302272	201312272	23
chr1	2442961	2452961	14
chr14	99260663	99270663	22
chr7	27102981	27112981	18
chr22	37977593	37987593	4
chr1	201304072	201314072	23
chr14	99258263	99268263	23
chr12	52515016	52525016	1
chr17	48558238	48568238	12
chr1	2463561	2473561	23
chr1	205440072	205450072	9
chr17	41579348	41589348	22
chr2	238859359	238869359	18
chr1	2440361	2450361	22
chr1	2464161	2474161	23
chr1	201284072	201294072	19
chr22	39232995	39242995	4
chr5	2740086	2750086	24
chr1	209646055	209656055	3
chr1	201307472	201317472	23
chr12	52514216	52524216	1
chr5	3597086	3607086	20
chr17	40492348	40502348	17
chr1	1031420	1041420	11
chr5	93586494	93596494	20
chr22	39231595	39241595	3
chr17	41579948	41589948	22
chr2	144504633	144514633	9
chr11	120128492	120138492	1
chr22	37979793	37989793	9
chr17	48542638	48552638	18
chr1	2427361	2437361	9
chr6	41639662	41649662	23
chr2	237487957	237497957	20
chr5	149408437	149418437	18
chr1	202006872	202016872	23
chr22	39994196	40004196	19
chr10	8055237	8065237	4
chr22	39997996	40007996	3
chr19	13092386	13102386	22
chr7	27128981	27138981	22
chr14	103121463	103131463	12
chr17	79943001	79953001	18
chr17	48575438	48585438	23
chr1	201390672	201400672	23
chr1	201298072	201308072	3
chr17	48595038	48605038	23
chr12	53999816	54009816	24
chr17	48595238	48605238	23
chr11	719400	729400	23
chr6	1387365	1397365	9
chr11	1827970	1837970	3
chr5	149407237	149417237	18
chr17	48587238	48597238	4
chr5	2738086	2748086	9
chr17	41616148	41626148	23
chr17	61399839	61409839	9
chr17	50532239	50542239	7
chr17	40479548	40489548	9
chr2	132264627	132274627	18
chr1	1032420	1042420	11
chr2	237485757	237495757	20
chr1	1352420	1362420	22
chr17	79942401	79952401	18
chr2	85764877	85774877	23
chr1	200892272	200902272	18
chr1	200892472	200902472	18
chr2	217897277	217907277	13
chr1	1352020	1362020	22
chr11	1744170	1754170	23
chr10	114393241	114403241	19
chr5	367885	377885	24
chr7	27128181	27138181	10
chr2	85765477	85775477	23
chr5	93569094	93579094	4
chr18	23135036	23145036	4
chr7	27114781	27124781	22
chr7	27129781	27139781	22
chr2	222290081	222300081	2
chr17	50533639	50543639	7
chr1	153540324	153550324	16
chr14	99255063	99265063	23
chr7	27131581	27141581	22
chr5	149410837	149420837	18
chr12	54029416	54039416	14
chr10	124696431	124706431	9
chr5	3593886	3603886	20
chr19	45469542	45479542	13
chr18	23136636	23146636	4
chr19	45467942	45477942	13
chr12	27964867	27974867	9
