chr19	1230201	1280201	1
chr12	108809224	108859224	8
chr9	127520121	127570121	2
chr8	143928232	143978232	8
chr11	801600	851600	3
chr22	36319555	36369555	8
chr11	65381729	65431729	3
chr17	7213681	7263681	1
chr8	46173178	46223178	12
chr15	25175053	25225053	12
chr12	34349465	34399465	12
chr21	10683056	10733056	12
chr11	64222728	64272728	2
chr1	156096609	156146609	8
chr17	77432518	77482518	3
chr16	667600	717600	1
chr16	1960799	2010799	3
chr9	137156348	137206348	14
chr16	672400	722400	1
chr19	1407401	1457401	1
chr22	36297354	36347555	8
chr8	46097378	46147378	12
chr17	7209481	7259481	1
chr1	1304020	1354020	3
chr19	1836201	1886201	3
chr8	46399978	46449978	12
chr11	65853929	65903929	1
chr17	17792686	17842686	2
chr21	10370456	10420456	12
chr16	87821794	87871794	3
chr4	10068576	10118576	1
chr1	1302620	1352620	3
chr11	128473105	128523105	1
chr1	912420	962420	14
chr8	143568430	143618430	3
chr13	99949146	99999146	14
chr1	918020	968020	14
chr17	40306548	40356548	1
chr22	46064720	46114720	4
chr17	40306748	40356748	1
chr19	55634234	55684234	3
chr2	176079672	176129672	14
chr19	2204401	2254401	14
chr19	38674360	38724360	8
chr19	1423801	1473801	14
chr3	126981757	127031757	2
chr11	65606729	65656729	1
chr12	108783624	108833624	8
chr15	89358769	89408769	14
chr15	22213649	22263649	12
chr17	79795801	79845801	14
chr19	1399401	1449401	1
chr10	101205243	101255243	15
chr22	50259371	50309371	1
chr17	7555483	7605682	1
chr3	50226168	50276369	1
chr7	130872841	130922841	1
chr14	73711897	73761897	8
chr8	144425417	144475417	14
chr17	7548283	7598482	1
chr3	50315969	50365969	1
chr19	1815801	1865801	3
chr20	47311656	47361656	3
chr17	82226524	82276524	14
chr7	158235908	158285908	12
chr11	67261329	67311329	3
chr17	81664170	81714170	3
chr1	154960524	155010524	3
chr8	46223378	46273378	12
chr19	42240048	42290048	3
chr11	67260929	67310929	3
chr12	120215997	120265997	1
chr19	42239648	42289648	3
chr1	154959124	155009124	3
chr11	65566729	65616729	1
chr4	189565446	189615446	12
chr4	10077176	10127176	1
chr15	96320771	96370771	14
chr11	62528928	62578928	1
chr11	62528128	62578128	1
chr15	25046253	25096253	12
chr6	32147823	32197823	1
chr22	38269594	38319795	1
chr11	35138453	35188453	1
chr17	81884524	81934524	1
chr17	81884324	81934324	1
chr19	1124601	1174601	4
chr10	100709843	100759843	14
chr17	81033400	81083400	1
chr9	133329764	133380729	1
chr19	42206848	42256848	1
chr22	50241171	50291171	1
chr11	33688654	33738654	1
chr9	124256521	124306521	1
chr3	147364613	147414613	14
chr9	123996121	124046121	14
chr6	33274223	33324223	1
chr1	156086009	156136009	8
chr2	44906261	44956261	14
chr17	17681286	17731286	1
