chr19	58638800	58648800	20
chr12	133616000	133626000	20
chr7	6726200	6736200	20
chr15	25305400	25315400	20
chr19	58489800	58499800	20
chr15	25315600	25325600	20
chr19	12052600	12062600	20
chr19	37034400	37044400	20
chr5	179679200	179689200	20
chr19	44980800	44990800	20
chr19	7075400	7085400	20
chr5	178139800	178149800	20
chr12	133673400	133683400	20
chr19	58696800	58706800	20
chr19	58707000	58717000	20
chr15	25295200	25305200	20
chr19	58757000	58767000	20
chr19	58767200	58777200	20
chr19	9671000	9681000	20
chr19	9636600	9646600	20
chr15	25325800	25335800	20
chr8	146062400	146072400	20
chr19	52817200	52827200	20
chr16	68586000	68596000	20
chr19	9404400	9414400	20
chr12	133582400	133592400	20
chr19	52392600	52402600	20
chr19	52467600	52477600	20
chr19	52566400	52576400	20
chr19	37201400	37211400	20
chr12	133759400	133769400	20
chr12	133657200	133667200	20
chr12	133516600	133526600	20
chr19	52495800	52505800	20
chr9	99520600	99530600	20
chr19	52617800	52627800	20
chr19	37725800	37735800	20
chr19	58126400	58136400	20
chr7	5097200	5107200	20
chr19	58717200	58727200	20
chr19	52535000	52545000	20
chr19	44339200	44349200	20
chr19	37307200	37317200	20
chr19	20726400	20736400	20
chr19	37004400	37014400	20
chr19	58501800	58511800	20
chr19	44994800	45004800	20
chr19	9487000	9497000	20
chr19	12633000	12643000	20
chr19	57079600	57089600	20
chr19	37235000	37245000	20
chr2	95811800	95821800	20
chr19	58053400	58063400	20
chr19	8916200	8926200	20
chr19	53051400	53061400	20
chr5	178307400	178317400	20
chr6	27415600	27425600	20
chr4	422000	432000	20
chr16	3356600	3366600	20
chr4	457200	467200	20
chr19	23526200	23536200	20
chr19	52879000	52889000	20
chr19	58080800	58090800	20
chr11	3376800	3386800	20
chr19	12380200	12390200	20
chr19	52517600	52527600	20
chr19	58939800	58949800	20
chr9	115802200	115812200	20
chr16	3453600	3463600	20
chr19	37380400	37390400	20
chr19	9521000	9531000	20
chr12	133501800	133511800	20
chr12	133626200	133636200	20
chr12	133692600	133702600	20
chr19	24301000	24311000	20
chr19	57056800	57066800	20
chr19	9445800	9455800	20
chr19	53849000	53859000	20
chr12	133726800	133736800	20
chr19	37129600	37139600	20
chr16	3333800	3343800	20
chr19	56919800	56929800	20
chr19	12292800	12302800	20
chr16	31922000	31932000	20
chr19	52372000	52382000	20
chr19	53643600	53653600	20
chr19	58257400	58267400	1
chr19	53299600	53309600	20
chr17	16453200	16463200	20
chr2	95876400	95886400	20
chr19	21990800	22000800	20
chr19	37044600	37054600	20
chr19	37870800	37880800	20
chr19	12181400	12191400	20
chr10	38402400	38412400	20
chr19	11888000	11898000	20
chr19	58192800	58202800	20
chr19	44466600	44476600	20
chr18	32879400	32889400	20
chr4	439600	449600	20
