chr5	2749286	2749486	14	8.77223	1	(7,14)	6.21714	1	30.7142	8.2257e-06
chr3	4983715	4983915	17	3.274	1	(8,17)	2.11644	1	29.7601	2.36134e-05
chr1	166840963	166841163	8	8.01968	1	(3,7)	5.66275	-1	29.7017	2.53862e-05
chr3	186786811	186787011	8	6.59559	-1	(1,7)	11.1748	1	29.6486	2.70172e-05
chr2	207767476	207767676	8	6.53082	1	(4,8)	6.62956	1	29.5367	3.04209e-05
chr3	134372358	134372558	14	7.60314	1	(8,14)	6.12482	1	29.2529	3.98521e-05
chr17	43304251	43304451	8	7.16769	1	(7,14)	5.5293	-1	29.2244	4.11994e-05
chr19	4911788	4911988	3	4.58675	-1	(3,7)	3.53148	-1	29.2163	4.1554e-05
chr19	20083191	20083391	8	6.35821	1	(8,12)	3.73251	1	29.0808	4.75105e-05
chr10	3782208	3782408	8	8.3562	1	(4,8)	9.47973	1	28.7601	6.48838e-05
chr19	51903147	51903347	8	6.38135	1	(2,8)	6.4588	1	28.6764	6.94221e-05
chr1	9411141	9411341	10	6.18638	-1	(14,18)	3.73189	1	28.668	6.99894e-05
chr1	27010709	27010909	8	8.74054	1	(3,9)	8.03403	-1	28.6569	7.02021e-05
chr5	177495999	177496199	3	8.76289	1	(3,8)	10.0376	1	28.6019	7.36058e-05
chr8	41300681	41300881	7	5.75888	1	(7,8)	5.46245	1	28.4789	8.28243e-05
chr12	4276634	4276834	7	5.95922	-1	(4,8)	5.77365	1	28.4706	8.31079e-05
chr1	16727705	16727905	15	5.34481	1	(14,17)	4.38818	-1	28.4322	8.56607e-05
chr19	48617743	48617943	4	6.11663	-1	(1,8)	4.72064	1	28.4294	8.58735e-05
chr1	112700178	112700378	8	7.66733	-1	(5,8)	5.08172	-1	28.3683	9.01991e-05
chr6	30614423	30614623	8	6.05135	1	(3,8)	9.45258	1	28.3663	9.03409e-05
chr5	82276981	82277181	8	8.59182	1	(2,8)	5.00355	1	28.3626	9.07664e-05
chr18	58864768	58864968	8	11.4365	1	(8,8)	7.9922	1	28.3568	9.105e-05
chr13	99967546	99967746	4	5.51082	1	(4,14)	5.56555	1	28.3565	9.105e-05
chr6	132815861	132816061	8	8.59037	1	(1,8)	9.71946	1	28.3108	9.43828e-05
chr6	33276223	33276423	8	9.5266	1	(8,8)	8.15894	1	28.2832	9.64393e-05
chr3	4983315	4983515	8	6.02998	-1	(8,15)	2.40192	-1	28.2703	9.78575e-05
chr7	42091601	42091801	15	7.09229	1	(1,15)	8.06379	1	28.1992	0.000103247
chr14	73235492	73235692	3	6.05817	1	(3,14)	9.06563	1	28.192	0.000104098
chr16	29804679	29804879	8	7.02054	-1	(1,3)	7.92735	1	28.1892	0.00010431
chr5	124741907	124742107	4	5.50892	1	(3,4)	5.40494	1	28.0568	0.000116791
chr19	17861591	17861791	8	11.2898	1	(8,8)	13.3087	1	28.0402	0.000118351
chr5	181242200	181242400	8	10.6974	1	(8,8)	13.3087	1	28.0399	0.000118351
chr3	4982115	4982315	15	3.10115	1	(8,15)	2.37494	1	27.9976	0.000122747
chr5	2747486	2747686	4	3.90629	-1	(7,14)	4.05919	1	27.9645	0.000125584
chr19	18573190	18573390	8	11.2691	1	(8,8)	7.9922	1	27.9069	0.000132108
chr14	49584282	49584482	8	11.1157	1	(8,8)	7.46898	1	27.9049	0.000132249
chr18	58512568	58512768	3	7.94371	1	(3,8)	5.72539	1	27.8798	0.000135157
chr1	173865262	173865462	8	11.2001	1	(8,8)	13.3087	1	27.8761	0.000135795
chr1	203920472	203920672	4	4.71947	1	(4,11)	4.53357	1	27.8511	0.000138135
chr1	26413109	26413309	8	6.19891	1	(8,8)	6.83969	1	27.8226	0.000141397
chr6	30614623	30614823	3	8.30092	1	(3,3)	7.2619	1	27.8082	0.000142815
chr1	155196609	155196809	8	11.4365	1	(8,8)	7.9922	1	27.77	0.000146077
chr17	47135434	47135634	4	6.12507	1	(4,12)	7.34477	1	27.7687	0.000146219
chr20	47355856	47356056	3	8.65179	1	(3,8)	10.5761	1	27.7485	0.000148275
chr3	109334153	109334353	8	8.13683	1	(1,8)	4.69266	1	27.7412	0.000149126
chr3	46580110	46580310	8	12.2231	1	(8,8)	8.15894	1	27.7377	0.000149694
chr16	30096679	30096879	3	9.81668	1	(3,3)	7.2619	1	27.7308	0.000149977
chr19	9581924	9582124	8	6.28623	1	(8,12)	3.741	1	27.7193	0.000151112
chr20	56633344	56633544	7	6.36969	1	(7,16)	4.14544	1	27.7161	0.000151466
chr20	47356056	47356256	8	6.48723	1	(3,8)	7.0213	1	27.6845	0.000155508
chr17	47138834	47139034	15	4.66995	-1	(5,14)	2.37494	1	27.6843	0.000155579
chr12	119008995	119009195	4	3.39716	1	(4,12)	3.44447	1	27.6754	0.000156643
chr20	62935848	62936048	8	9.29936	1	(8,8)	7.9922	1	27.6661	0.000157777
chr20	63214848	63215048	8	6.27687	1	(4,8)	8.81474	1	27.6592	0.000158841
chr11	3377370	3377570	8	8.3562	1	(4,8)	9.47973	1	27.6284	0.000162599
chr5	150447837	150448037	8	11.2691	1	(8,8)	7.9922	1	27.6257	0.000162812
chr19	11887385	11887585	9	4.06767	-1	(3,12)	5.5311	1	27.6176	0.000163805
chr1	200408872	200409072	8	11.0821	1	(8,8)	13.3087	1	27.6156	0.00016423
chr1	112699578	112699778	8	7.52145	-1	(8,8)	3.78941	-1	27.5686	0.000170187
chr9	35073203	35073403	8	4.66857	-1	(4,9)	3.46177	1	27.5401	0.000173945
chr19	51888347	51888547	8	6.93475	1	(1,8)	9.38282	1	27.505	0.000178271
chr1	23568710	23568910	14	5.30858	1	(3,10)	3.7543	-1	27.5043	0.000178342
chr12	104304022	104304222	7	6.30345	1	(4,7)	6.49497	1	27.4939	0.000179689
chr5	176535399	176535599	8	6.09315	1	(3,8)	3.36818	1	27.4878	0.000180682
chr9	89319685	89319885	2	5.21455	1	(3,6)	8.35122	-1	27.4795	0.000181958
chr15	77630858	77631058	16	5.41771	-1	(3,16)	5.12149	-1	27.4783	0.0001821
chr17	75778319	75778519	2	8.35216	-1	(2,8)	7.90609	-1	27.4714	0.000183305
chr19	54421426	54421626	8	5.52067	-1	(9,14)	4.86502	1	27.4629	0.000184724
chr19	58555633	58555833	8	10.5581	-1	(8,8)	7.00073	-1	27.4594	0.00018522
chrX	137573441	137573641	3	8.10708	1	(3,8)	4.95371	1	27.4568	0.000185504
chr3	184316612	184316812	7	8.05112	1	(4,7)	9.31588	1	27.4224	0.000189971
chr1	26417909	26418109	8	8.20053	1	(3,8)	4.98463	1	27.4168	0.000190609
chr1	47994528	47994728	15	5.73524	1	(5,15)	3.85534	1	27.4115	0.000191318
chr14	21525466	21525666	8	10.5897	1	(8,8)	7.46898	1	27.4069	0.000191744
chr16	67432497	67432697	15	8.31607	-1	(3,4)	3.89631	1	27.4053	0.000192028
chr8	126555155	126555355	8	6.48813	1	(4,8)	9.18014	1	27.4051	0.000192028
chr2	207766276	207766476	3	6.02569	1	(3,8)	3.48132	1	27.397	0.000193729
chr10	100349243	100349443	8	11.2713	1	(8,8)	13.3087	1	27.3949	0.000193871
chr17	8381682	8381882	8	9.43128	1	(8,8)	8.19913	1	27.3909	0.000194509
chr19	21604198	21604398	3	8.7718	1	(3,12)	11.0145	1	27.3884	0.000194864
chr20	49281863	49282063	8	6.22751	1	(1,8)	8.66713	1	27.3874	0.000194864
chr20	49281063	49281263	8	6.22751	1	(1,8)	8.66713	1	27.3874	0.000194864
chr5	138467711	138467911	14	5.37029	1	(7,14)	4.16915	1	27.3809	0.000195715
chr2	8680070	8680270	3	6.47896	1	(3,15)	5.67829	1	27.3761	0.00019614
chr9	137299348	137299548	15	7.81099	-1	(3,14)	5.62049	1	27.3726	0.00019692
chr2	206160876	206161076	4	9.73567	-1	(8,8)	7.46898	1	27.3356	0.000203657
chr1	67687317	67687517	8	8.3562	1	(4,8)	9.47973	1	27.3115	0.000207203
chr19	11091924	11092124	8	8.07559	1	(4,8)	4.67882	1	27.3048	0.000207983
chr10	100485843	100486043	16	5.26258	-1	(10,16)	4.82526	-1	27.3025	0.000208266
chr4	41258583	41258783	8	13.3087	1	(8,8)	13.3087	1	27.2947	0.000209543
chr7	105637753	105637953	8	8.67211	1	(3,8)	5.3886	1	27.2932	0.000209826
chr15	43800202	43800402	3	8.65179	1	(3,8)	10.5761	1	27.2893	0.000210252
chr11	57640927	57641127	8	9.04944	1	(8,8)	12.6794	1	27.2834	0.000210748
chr11	62705528	62705728	3	6.31421	-1	(1,4)	8.39732	1	27.273	0.000212095
chrX	154368432	154368632	8	4.37981	1	(8,12)	5.89794	1	27.2672	0.000213017
chr11	65505729	65505929	8	8.38166	1	(8,8)	7.46898	1	27.2633	0.000213939
chr22	20118677	20118877	4	9.32326	-1	(4,4)	6.0515	-1	27.2488	0.000215783
chr8	143039783	143039983	1	5.22291	-1	(1,9)	2.21255	-1	27.2481	0.000215996
chr2	236569557	236569757	10	5.59891	-1	(1,10)	4.15914	-1	27.2408	0.000216988
chr1	31414553	31414753	3	8.00027	-1	(1,4)	4.62695	1	27.2398	0.000217059
