chr15	25046253	25096253	8
chr10	41839408	42105752	8
chr19	58227434	58277434	8
chr19	58169633	58219834	8
chr21	10688456	10738456	8
chr10	38811469	38861469	8
chr7	27143381	27193381	3
chr10	38485272	38581269	8
chr19	57529432	57579432	8
chr2	89787797	89844190	8
chr12	133040614	133090614	8
chr2	132238227	132288227	11
chr19	57960432	58010432	8
chr2	132237427	132287427	11
chr4	421011	471011	8
chr19	58156833	58207034	8
chr17	48589438	48639438	3
chr2	176066472	176116472	11
chr16	34129733	34179733	8
chr5	141382633	141432633	8
chr19	51992947	52042947	8
chr12	133035014	133085014	8
chr4	417011	467011	8
chr19	57950032	58000032	8
chr12	53968816	54018816	10
chr12	133097014	133147014	8
chr19	36710898	36760898	8
chr17	48570238	48620238	3
chr4	49104183	49154183	8
chr15	25023653	25073653	8
chr19	36513898	36563898	8
chr3	75710249	75760249	8
chr4	40399	93713	8
chr19	1230201	1280201	3
chr12	132907414	132957414	10
chr21	10365456	10415456	8
chr10	100709043	100759043	12
chr19	37531298	37581499	8
chr19	1226801	1276801	3
chr20	30397324	31245397	8
chr19	44447612	44501548	2
chr19	51940547	51990547	8
chr19	36854098	36904098	8
chr4	337611	387611	2
chr9	123995321	124045321	12
chr4	49111583	49161583	8
chr4	336211	386211	8
chr19	51855147	51905147	8
chr13	99948946	99998946	11
chr8	11675691	11725691	11
chr19	23335398	23385398	8
chr9	126608121	126658121	11
chr19	36617498	36667498	8
chr17	79770601	79820601	11
chr19	58096433	58146433	8
chr17	48550038	48600038	3
chr19	52364947	52414947	8
chr19	52287347	52337347	8
chr19	36789298	36839298	8
chr15	96320571	96370571	3
chr19	36790898	36840898	8
chr19	37123098	37173098	8
chr19	56534431	56584632	2
chr19	52048147	52098147	8
chr7	27119981	27169981	11
chr4	173493849	173543849	10
chr19	44453414	44507148	2
chr19	36501698	36551698	8
chr16	3280600	3330600	8
chr19	57679232	57729232	8
chr19	52539147	52589147	8
chr3	147377013	147427013	11
chr16	3364600	3414600	8
chr19	53197147	53247147	2
chr17	48707838	48757838	11
chr2	92084374	92134374	8
chr19	36686498	36736498	8
chr12	133122614	133172614	8
chr19	52376147	52426147	8
chr6	10379167	10429167	10
chr10	38510072	38606069	8
chr19	9376324	9426324	8
chr2	176116672	176166672	10
chr12	133181214	133231214	8
chr19	37382698	37432698	8
chr7	27197781	27247781	11
chr22	36322955	36372955	6
chr21	10416056	10466056	9
chr5	93568894	93618894	11
chr16	3283800	3333800	8
chr19	38653160	38703160	6
chr19	57548832	57598832	8
chr5	178926799	178976799	8
chr19	37085098	37135098	8
chr19	36630098	36680098	8
chr19	9374924	9424924	8
chr1	903820	953820	11
chr10	117126089	117176089	12
chr1	227617499	227667499	8
chr2	218956478	219006478	11
