chrX	130865200	130886000	22
chr19	58685800	58706200	4
chr19	8580600	8601000	1
chr19	58505400	58526200	20
chr19	58184800	58205600	4
chr1	32411800	32432200	13
chr19	58116800	58137600	20
chr5	140688000	140709400	20
chr19	57977000	57998000	4
chrX	47066600	47086800	13
chr17	41434800	41455400	13
chr19	58078800	58099200	20
chr17	8120000	8140400	13
chr19	58731400	58751600	4
chr12	133648400	133668800	4
chr5	140800200	140821400	23
chr19	44992600	45013000	20
chr4	80875800	80896400	20
chr19	58086400	58106800	4
chr19	58249800	58270400	4
chr5	172182000	172203000	13
chr10	104551600	104571800	18
chr12	6422800	6443200	13
chr8	569800	590600	18
chr7	5553600	5575400	11
chr17	8047200	8068000	13
chrX	130870600	130891400	1
chr16	2292200	2312400	13
chr16	3346400	3366800	20
chr7	64449000	64469800	11
chr14	77413400	77433800	13
chr2	232467000	232487400	13
chr5	140762200	140782600	20
chr12	56511000	56531200	13
chr15	80434800	80455200	22
chr16	14996000	15016200	22
chr16	29083400	29103800	22
chr14	100140400	100160600	22
chr14	92563000	92583200	22
chr15	100337000	100357400	22
chr14	20764200	20784400	22
chr3	132431400	132451600	22
chr17	38099200	38119400	22
chr17	78224400	78244600	22
chr17	56150600	56170800	22
chr17	80699400	80719600	22
chr17	43119000	43139400	22
chr2	112802200	112822600	22
chr2	238590600	238610800	22
chr2	242147400	242167600	22
chr10	89091400	89111800	22
chr10	51613200	51634000	22
chr17	30254800	30275000	22
chr19	18382400	18402800	22
chr12	64200	84600	22
chr12	26974600	26994800	22
chr10	15200800	15221000	22
chr19	10818200	10838600	22
chr9	140489800	140510000	22
chr4	3065800	3086000	22
chr19	7975600	7995800	22
chr8	99828000	99848200	22
chr8	171600	192200	22
chr7	64488400	64508600	22
chr7	102108800	102129200	22
chr7	2661400	2681600	22
chr7	75061400	75081800	22
chr7	6855200	6875800	22
chr1	220257200	220277400	22
chr5	177088200	177108400	22
chr1	2126400	2146800	22
chr1	206126400	206147400	22
chr1	9960400	9980600	22
chr1	160058600	160078800	22
chr1	155705600	155726200	22
chr1	155570000	155590600	22
chr1	147922000	147942200	22
chr1	147614400	147634600	22
chr1	120828600	120849200	22
chr1	120826600	120846800	22
chr1	11323000	11343200	22
chrX	48650200	48670400	22
chr5	177292600	177313400	22
chrX	152854600	152874800	22
chr9	168600	189200	22
chr9	129977200	129997400	22
chr15	28824800	28845200	22
chr9	41944200	41964400	22
chr9	70479400	70499800	22
chr20	62263200	62283400	22
chr9	95848000	95868400	22
chr9	18800	39200	22
chr21	45748600	45768800	22
chr8	1701600	1721800	22
chrX	134222800	134243000	22
chr8	146267600	146287800	22
chr22	50936200	50956600	22
chr22	43573200	43593600	22
chr8	12283600	12303800	22
chr8	57114000	57134200	22
