chr2	133025000	133035000	12
chr3	134081600	134091600	8
chr17	59473600	59483600	15
chr16	33949800	33959800	14
chr22	36723200	36733200	8
chr17	59478200	59488200	15
chr20	47895600	47905600	8
chr18	18510800	18520800	14
chr7	27204000	27214000	1
chr2	172958600	172968600	15
chr7	27182800	27192800	2
chr19	27731800	27741800	14
chr8	99951600	99961600	15
chr2	172957400	172967400	15
chr7	27140400	27150400	1
chr16	33954200	33964200	14
chr5	2747600	2757600	1
chr19	45252200	45262200	8
chr7	27219000	27229000	15
chr16	46385800	46395800	14
chr6	10410000	10420000	14
chr17	46666800	46676800	14
chr3	128199800	128209800	15
chr10	42392400	42402400	14
chr9	68412400	68422400	14
chr16	54963000	54973000	15
chr4	49200	59200	14
chr8	99953200	99963200	15
chr19	1252800	1262800	8
chr20	30298800	30308800	8
chr14	61107600	61117600	15
chr2	133014200	133024200	14
chr6	1387000	1397000	15
chr15	76627400	76637400	14
chr2	63274200	63284200	15
chr4	55091200	55101200	14
chr12	54386800	54396800	15
chr16	86603800	86613800	14
chr4	174442600	174452600	15
chr17	46647000	46657000	1
chr18	46464600	46474600	8
chr7	23504800	23514800	14
chr12	4380400	4390400	16
chr11	31830000	31840000	14
chr10	8091400	8101400	14
chr18	19744600	19754600	1
chr10	8091600	8101600	14
chr6	1605200	1615200	14
chr12	4379200	4389200	8
chr6	1605600	1615600	14
chr8	145007600	145017600	8
chr22	46480000	46490000	8
chr17	46124200	46134200	8
chr15	76628200	76638200	14
chr2	63275000	63285000	15
chr2	19549800	19559800	15
chr19	1265400	1275400	8
chr12	57628000	57638000	15
chr11	825400	835400	4
chr6	5999000	6009000	14
chr11	113928800	113938800	8
chr1	170630200	170640200	14
chr1	150540000	150550000	8
chr17	1956600	1966600	6
chr7	27150600	27160600	3
chr6	5997400	6007400	14
chr15	96895000	96905000	3
chr17	46618400	46628400	3
chr7	25892400	25902400	2
chr12	54406400	54416400	15
chr17	1956400	1966400	6
chr19	41303800	41313800	8
chr13	100630400	100640400	15
chr19	1250400	1260400	8
chr16	86537600	86547600	15
chr6	170596000	170606000	15
chr4	10107600	10117600	3
chr11	69450800	69460800	4
chr8	145009200	145019200	8
chr10	3816800	3826800	8
chr1	221050000	221060000	5
chr12	54418400	54428400	14
chr2	176993000	177003000	14
chr19	54705200	54715200	8
chr4	111535200	111545200	14
chr7	100806800	100816800	14
chr17	70111800	70121800	8
chr12	115109400	115119400	1
chr11	113929800	113939800	8
chr19	41102600	41112600	14
chr4	10094600	10104600	8
chr4	10094400	10104400	8
chr17	1959000	1969000	14
chr9	140188600	140198600	3
chr15	96863400	96873400	3
chr16	73095800	73105800	14
chr10	131754400	131764400	14
chr1	119522000	119532000	15
chr7	155595600	155605600	2
chr17	46681000	46691000	15
