chrX	131741172	131741372	22	7.36242	1	(22,22)	4.9817	1	20.9997	0
chrX	131793172	131793372	22	7.63625	1	(22,22)	5.64642	1	20.2294	0
chrX	131747172	131747372	22	7.13081	1	(1,11)	4.71779	-1	19.9927	0
chrX	131752572	131752772	22	6.51062	1	(1,11)	4.18595	-1	18.9939	0
chrX	131762972	131763172	22	6.58459	1	(22,22)	4.0715	1	18.6854	0
chrX	131704972	131705172	22	7.19725	1	(22,22)	6.32352	1	18.6755	0
chrX	131763972	131764172	1	6.42378	-1	(22,22)	4.35093	1	18.4399	0
chrX	73850965	73851165	22	6.32594	1	(22,22)	7.76203	1	18.2307	0
chrX	131822372	131822572	22	6.73956	1	(22,22)	4.97043	1	18.1751	0
chrX	131802972	131803172	22	5.3722	1	(22,22)	4.96478	1	17.9825	0
chrX	73850565	73850765	4	6.81247	-1	(4,4)	4.95437	-1	17.6856	0
chrX	131816972	131817172	1	5.56164	-1	(1,20)	4.62427	-1	17.5811	0
chrX	131778972	131779172	22	6.5709	1	(22,22)	4.0715	1	17.5486	0
chrX	56767167	56767367	22	6.61011	1	(22,22)	4.9817	1	17.4121	0
chrX	131729572	131729772	1	6.23829	-1	(22,22)	4.32888	1	17.2654	0
chrX	131728572	131728772	22	6.61523	1	(22,22)	6.61446	1	17.042	0
chrX	115888067	115888267	1	6.3985	-1	(22,22)	5.57889	1	16.8165	0
chrX	131763572	131763772	2	5.27587	-1	(22,22)	3.61114	1	16.6252	0
chrX	131779172	131779372	2	6.03592	-1	(2,7)	4.40063	-1	16.4361	0
chrX	131817172	131817372	22	4.49621	1	(2,20)	3.97906	-1	16.1188	0
chrX	131764172	131764372	22	4.56794	1	(22,22)	3.40169	1	16.014	0
chrX	131741972	131742172	1	5.28918	-1	(1,7)	3.42038	-1	15.8231	0
chrX	131704372	131704572	1	6.53636	-1	(22,22)	5.61309	1	15.5614	0
chrX	73852365	73852565	22	5.51275	1	(22,22)	5.13211	1	15.3241	0
chrX	131762772	131762972	19	4.66425	1	(19,19)	2.94051	1	15.1541	0
chrX	73852565	73852765	1	4.45826	-1	(22,22)	3.95243	1	15.1099	0
chrX	131710972	131711172	22	4.64189	-1	(20,22)	3.04283	-1	14.8091	0
chrX	131783572	131783772	19	4.52531	1	(19,19)	4.20608	1	14.3491	0
chr15	63380401	63380601	23	3.1625	-1	(3,23)	4.52014	-1	14.1592	0
chrX	131746372	131746572	2	2.93945	-1	(2,11)	1.70609	-1	13.9943	0
chrX	73851565	73851765	3	5.63921	-1	(3,3)	5.44201	-1	13.9252	0
chrX	131822772	131822972	2	4.50024	-1	(2,2)	1.86666	-1	13.8552	0
chrX	131768172	131768372	19	3.86466	1	(7,19)	2.40174	1	13.8045	0
chrX	56783567	56783767	22	3.69173	1	(22,22)	2.47468	1	13.7563	0
chrX	131803372	131803572	2	3.88151	-1	(22,25)	2.11898	1	13.6659	0
chr2	216690477	216690677	9	3.45418	-1	(9,23)	3.05374	-1	13.6102	0
chr4	79964846	79965046	20	3.8402	1	(20,22)	2.93185	1	13.5115	0
chrX	115888467	115888667	2	3.73193	-1	(2,2)	2.98818	-1	13.3494	0
chrX	115892867	115893067	2	3.54897	-1	(2,16)	3.19045	-1	13.2723	0
chr14	24094191	24094391	1	4.3184	-1	(1,1)	5.97049	-1	13.2156	7.09112e-08
chr14	92687855	92688055	6	1.9829	1	(2,6)	1.32946	1	13.2039	7.09112e-08
chr3	194138611	194138811	22	2.4185	1	(9,22)	1.5958	1	13.0202	7.09112e-08
chr3	14452292	14452492	13	4.00011	-1	(11,13)	2.97645	-1	12.8209	7.09112e-08
chr9	16864602	16864802	14	3.232	-1	(3,14)	3.33739	-1	12.8192	7.09112e-08
chr2	202033677	202033877	22	5.20205	-1	(22,22)	6.73704	-1	12.7916	7.09112e-08
chrX	131753372	131753572	1	3.67328	-1	(1,22)	3.20906	-1	12.7535	7.09112e-08
chr19	47226143	47226343	13	2.77525	-1	(1,1)	3.32024	1	12.7146	7.09112e-08
chr1	158019410	158019610	3	2.68706	-1	(3,13)	3.56813	-1	12.6566	1.41822e-07
chr19	45528142	45528342	13	1.81824	-1	(13,23)	1.26939	-1	12.5586	1.41822e-07
chrX	131812772	131812972	1	4.92289	-1	(1,8)	3.32938	-1	12.5493	1.41822e-07
chrX	131783772	131783972	1	2.1659	-1	(22,22)	1.47278	1	12.4228	1.41822e-07
chr11	65646929	65647129	23	1.42612	-1	(7,22)	0.76195	1	12.402	1.41822e-07
chr12	123762053	123762253	2	3.28184	1	(1,2)	2.6598	1	12.0843	4.96379e-07
chr1	225650298	225650498	4	3.31249	-1	(4,4)	4.57269	-1	12.0095	4.96379e-07
chr11	28109653	28109853	3	2.39151	-1	(3,13)	1.33962	-1	11.9586	4.96379e-07
chrX	56802967	56803167	22	4.8385	1	(22,22)	3.75408	1	11.9392	4.96379e-07
chr8	42501482	42501682	3	3.3788	-1	(3,3)	1.33423	-1	11.8973	4.96379e-07
chr19	45996142	45996342	4	4.32475	1	(4,4)	6.28265	1	11.8854	4.96379e-07
chr2	61353865	61354065	20	4.03261	-1	(20,20)	6.44275	-1	11.8735	5.6729e-07
chr14	26596194	26596394	22	3.68112	1	(22,22)	3.33674	1	11.8637	5.6729e-07
chr18	3013202	3013402	22	3.95068	-1	(22,22)	6.37252	-1	11.8147	6.38201e-07
chr17	38464959	38465159	2	2.84275	-1	(2,18)	2.03154	-1	11.7966	6.38201e-07
chr3	184563612	184563812	4	2.85209	1	(3,23)	1.60512	-1	11.7936	6.38201e-07
chrX	73847765	73847965	12	2.54151	-1	(5,5)	2.64681	1	11.7783	6.38201e-07
chr4	56410434	56410634	2	2.06617	-1	(2,13)	1.63375	-1	11.7698	6.38201e-07
chr1	153544324	153544524	4	2.89189	1	(9,22)	2.92208	-1	11.7658	6.38201e-07
chr5	124661507	124661707	13	2.93526	-1	(13,13)	3.11265	-1	11.7427	6.38201e-07
chrX	150367133	150367333	22	2.05879	1	(14,23)	0.922045	-1	11.7423	6.38201e-07
chr3	63863924	63864124	22	4.16774	-1	(22,22)	5.86097	-1	11.732	7.09112e-07
chr20	53595661	53595861	22	2.27181	1	(13,14)	0.982012	-1	11.7305	7.09112e-07
chr6	87930082	87930282	16	4.11339	-1	(16,16)	5.89786	-1	11.6955	7.09112e-07
chrX	13735481	13735681	22	3.36096	1	(4,4)	2.80391	-1	11.6917	7.09112e-07
chr17	38453756	38453956	22	3.97682	-1	(22,22)	5.31355	-1	11.6839	7.09112e-07
chr17	32128381	32128581	2	3.2974	-1	(2,16)	3.07253	-1	11.6659	7.09112e-07
chr14	99794263	99794463	22	2.65528	1	(2,4)	1.46422	-1	11.6505	7.09112e-07
chr16	2460799	2460999	16	2.53731	-1	(4,16)	3.97147	-1	11.6379	7.09112e-07
chr3	42013708	42013908	1	4.50088	-1	(1,1)	6.11344	-1	11.632	7.80023e-07
chrX	56763967	56764167	22	3.47177	1	(1,22)	1.7308	1	11.631	7.80023e-07
chr19	38005160	38005360	15	2.82334	1	(2,13)	1.99358	-1	11.6178	7.80023e-07
chr4	118280845	118281045	9	2.40581	-1	(9,16)	3.66264	-1	11.6137	7.80023e-07
chrX	131802772	131802972	2	3.14281	-1	(2,22)	2.08779	-1	11.6132	7.80023e-07
chr9	128093321	128093521	9	3.50234	-1	(9,9)	3.40756	-1	11.6027	7.80023e-07
chr18	58046368	58046568	3	1.70808	-1	(3,14)	1.06242	-1	11.5771	8.50935e-07
chr7	151115513	151115713	22	3.28639	-1	(22,22)	3.99339	-1	11.553	8.50935e-07
chr14	102096463	102096663	16	4.32008	1	(16,16)	4.79547	1	11.5448	9.21846e-07
chr4	122826045	122826245	2	3.61883	-1	(2,2)	4.01431	-1	11.543	9.21846e-07
chr20	58174744	58174944	2	3.21156	-1	(2,2)	2.03167	-1	11.5257	9.21846e-07
chr20	63738447	63738647	9	3.21859	1	(9,23)	1.87476	1	11.5136	9.92757e-07
chr5	72179773	72179973	3	2.7958	-1	(3,10)	2.81335	-1	11.5008	9.92757e-07
chrX	73847965	73848165	5	3.37801	1	(5,5)	3.41309	1	11.4897	9.92757e-07
chr21	46060686	46060886	18	3.79187	1	(18,18)	1.90581	1	11.4885	9.92757e-07
chr14	24172791	24172991	11	2.32887	1	(9,11)	1.10871	1	11.4837	9.92757e-07
chr2	233419154	233419354	9	2.66797	1	(9,9)	1.96008	1	11.4792	9.92757e-07
chr2	36478457	36478657	15	3.27048	-1	(7,15)	2.76988	-1	11.4659	9.92757e-07
chr3	11644326	11644526	13	2.50432	-1	(13,16)	2.19256	-1	11.4477	9.92757e-07
chr11	65606929	65607129	13	2.21927	-1	(13,22)	0.859351	-1	11.4327	9.92757e-07
chr19	13001986	13002186	3	2.75654	-1	(3,24)	2.80233	-1	11.4257	9.92757e-07
chrX	131734772	131734972	22	3.33356	-1	(7,22)	2.13391	-1	11.4249	9.92757e-07
chr14	99245863	99246063	23	2.90006	1	(3,23)	1.73485	1	11.3912	9.92757e-07
chr2	242088849	242089049	1	3.84785	-1	(1,1)	5.9648	-1	11.3863	9.92757e-07
