chr17	45221200	45221400	7	5.70916	1	(4,7)	4.47485	1	17.5713
chr22	18880400	18880600	14	3.97234	1	(7,14)	1.17749	1	17.4527
chr16	33294000	33294200	14	5.52505	1	(12,14)	3.95436	1	16.8665
chr10	98561200	98561400	14	12.3336	1	(14,14)	8.46028	1	16.8256
chr17	41382000	41382200	8	7.62557	1	(8,14)	6.48069	1	16.7754
chr16	33294200	33294400	12	5.11712	1	(8,12)	3.47652	1	16.7069
chr17	45214600	45214800	14	8.91798	1	(12,14)	4.36864	1	16.6969
chr17	45213000	45213200	12	4.95321	1	(12,15)	2.86021	1	16.3929
chr16	46403800	46404000	14	5.55722	1	(14,15)	3.04473	1	16.3747
chr14	35871800	35872000	8	12.7478	1	(8,8)	9.35267	1	16.3731
chr6	58774400	58774600	14	5.37558	1	(12,14)	3.90029	1	16.3516
chr9	66455200	66455400	14	8.49386	1	(14,15)	4.49657	1	16.3293
chr12	95400	95600	14	7.29274	1	(4,14)	3.60583	1	16.3081
chr9	72653200	72653400	14	10.5548	1	(14,14)	6.15263	1	16.2975
chr18	18519600	18519800	14	5.44428	1	(14,16)	2.89714	1	16.2604
chr3	196625400	196625600	14	12.1583	1	(14,14)	8.69575	1	16.2279
chr17	45212800	45213000	16	5.115	1	(12,16)	2.59487	1	16.2265
chr9	110249400	110249600	8	7.4632	1	(2,8)	6.20276	1	16.2165
chr20	29611200	29611400	14	8.66029	1	(3,14)	4.42762	1	16.2097
chr17	45259000	45259200	14	8.74677	1	(14,15)	4.43403	1	16.1844
chrX	61842000	61842200	14	7.12896	1	(14,14)	2.45397	1	16.1472
chrX	58561200	58561400	14	10.4654	1	(14,14)	6.19762	1	16.1062
chr7	158388000	158388200	8	3.93556	1	(8,12)	2.14907	1	16.0916
chr10	77158800	77159000	8	7.36286	1	(1,8)	3.92651	1	16.0749
chr9	66454600	66454800	15	5.4716	1	(12,15)	4.30624	1	16.0626
chr17	45219000	45219200	14	7.834	1	(12,14)	3.45855	1	16.0568
chr17	45266600	45266800	14	7.3771	1	(1,14)	5.40647	1	16.0481
chr6	58779200	58779400	14	7.40226	1	(12,14)	3.48502	1	16.047
chr17	45235600	45235800	14	7.07142	1	(12,14)	5.14514	1	16.0422
chr10	42532000	42532200	14	7.2042	1	(12,14)	5.17659	1	16.0352
chr16	14580800	14581000	14	10.6799	1	(14,14)	6.27166	1	15.9895
chr7	61968800	61969000	14	12.0572	1	(14,14)	8.60351	1	15.9785
chr2	176995600	176995800	15	4.88889	1	(15,16)	2.97673	1	15.9778
chrX	115004600	115004800	14	5.46374	1	(12,14)	3.89796	1	15.9446
chr2	92305800	92306000	14	11.9851	1	(14,14)	8.55551	1	15.914
chr9	68455600	68455800	14	6.84209	1	(12,14)	5.39887	1	15.9138
chr3	75721400	75721600	14	7.02271	1	(12,14)	3.68283	1	15.8769
chr8	43093000	43093200	14	7.12577	1	(12,14)	3.75437	1	15.858
chr9	72653000	72653200	12	6.31195	1	(12,14)	5.30697	1	15.832
chr16	3481800	3482000	12	6.45649	1	(8,12)	4.19484	1	15.8193
chr19	27733200	27733400	14	8.57776	1	(12,14)	4.32793	1	15.8157
chr7	23514400	23514600	15	5.48596	1	(3,15)	3.20304	1	15.7908
chr19	24183800	24184000	14	8.85985	1	(12,14)	6.47438	1	15.7685
chr21	9826600	9826800	15	7.44872	1	(12,15)	4.00403	1	15.7666
chr1	108113400	108113600	14	5.65959	1	(7,14)	1.81042	1	15.7426
chr17	41400200	41400400	14	7.40108	1	(9,14)	4.21006	1	15.7423
chr17	39846200	39846400	8	10.5881	1	(8,8)	6.30755	1	15.7365
chr20	42087800	42088000	8	8.50387	1	(4,8)	7.26165	1	15.7214
chr1	121484200	121484400	14	8.65015	1	(12,14)	4.329	1	15.7065
chrX	108297400	108297600	14	10.1286	1	(14,14)	6.09281	1	15.6995
chr9	68413000	68413200	14	8.32589	1	(14,15)	4.59234	1	15.6945
chr14	103801800	103802000	8	10.3437	1	(8,8)	6.24539	1	15.6911
chr12	115109800	115110000	8	5.40573	1	(8,15)	1.76132	1	15.6689
chr9	78790200	78790400	14	7.08833	1	(12,14)	6.91194	1	15.6665
chr18	108600	108800	14	6.99655	1	(12,14)	5.13668	1	15.6619
chr10	42532600	42532800	12	6.06188	1	(12,14)	3.42995	1	15.6609
chr2	133027000	133027200	14	11.7453	1	(14,14)	8.38154	1	15.6026
chr7	61967400	61967600	14	6.96485	1	(12,14)	5.15744	1	15.592
chr13	110436400	110436600	8	8.78936	1	(8,8)	4.19919	1	15.5864
chr21	9826000	9826200	14	10.1766	1	(14,14)	6.19652	1	15.5642
chr2	90482000	90482200	14	8.67296	1	(12,14)	6.65859	1	15.5567
chr10	74035000	74035200	8	8.75927	1	(3,8)	4.65236	1	15.5403
chr18	44126400	44126600	14	7.06283	1	(12,14)	3.42165	1	15.5397
chr8	37555600	37555800	8	5.40532	1	(2,8)	2.98812	1	15.535
chr20	47896600	47896800	8	13.6142	1	(8,8)	11.7084	1	15.52
chr22	18718200	18718400	14	5.60618	1	(14,18)	3.06808	1	15.5129
chr22	18878400	18878600	14	11.7892	1	(14,14)	8.55551	1	15.4938
chr2	133029200	133029400	14	11.7892	1	(14,14)	8.55551	1	15.4938
chr18	111400	111600	14	11.7892	1	(14,14)	8.55551	1	15.4938
chr8	128751200	128751400	8	5.6791	1	(2,8)	3.0692	1	15.4928
chr12	2365000	2365200	14	7.16547	1	(12,14)	7.23675	1	15.4617
chr21	9826800	9827000	14	6.94142	1	(14,16)	3.58504	1	15.4454
chr19	58515600	58515800	12	6.28713	1	(8,12)	6.37555	1	15.4407
chr7	99697200	99697400	8	5.23086	1	(4,8)	3.06252	1	15.4362
chr16	46406600	46406800	14	8.56482	1	(12,14)	6.48294	1	15.43
chr15	20546400	20546600	12	4.85336	1	(12,14)	2.70882	1	15.4227
chr5	178012600	178012800	14	10.0055	1	(14,14)	5.81699	1	15.4195
chr16	33957400	33957600	14	8.6155	1	(12,14)	6.46218	1	15.4061
chr1	144533600	144533800	14	6.53111	1	(12,14)	3.68617	1	15.3994
chr7	5568400	5568600	8	11.8211	1	(8,8)	8.56073	1	15.3944
chr17	45249200	45249400	14	8.53525	1	(12,14)	4.25205	1	15.373
chr2	133023600	133023800	14	7.03099	1	(14,16)	5.48374	1	15.3488
chr9	68455400	68455600	1	4.96735	1	(1,14)	3.54186	1	15.3411
chr5	174541800	174542000	14	8.5065	1	(14,16)	4.34253	1	15.3323
chr1	86048400	86048600	8	3.62046	1	(2,8)	2.00272	1	15.3244
chr10	94456000	94456200	3	4.81744	1	(3,15)	1.66556	1	15.3175
chr9	66457800	66458000	14	9.9237	1	(14,14)	6.01585	1	15.3051
chr12	34372400	34372600	14	10.0852	1	(14,14)	6.08271	1	15.3028
chr5	150325600	150325800	12	7.72025	1	(3,12)	5.51197	1	15.2933
chr4	68264400	68264600	12	6.08369	1	(12,14)	5.36702	1	15.2872
chr19	38308400	38308600	14	5.22007	1	(12,14)	2.55162	1	15.2804
chr6	26240800	26241000	1	6.12562	1	(1,14)	5.89757	1	15.2664
chr13	110433800	110434000	1	3.52218	1	(1,7)	2.24365	1	15.2636
chr15	63336400	63336600	3	4.85652	1	(3,14)	2.40602	1	15.2609
chr2	133020000	133020200	14	8.55072	1	(12,14)	4.30245	1	15.2577
chr4	68264200	68264400	14	7.14184	1	(12,14)	7.14052	1	15.2392
chr6	58773600	58773800	14	8.60337	1	(12,14)	4.2545	1	15.2372
chr6	26241200	26241400	3	5.1229	1	(3,13)	1.60204	1	15.2285
chr2	133034800	133035000	14	6.9929	1	(14,16)	3.57478	1	15.2254
chr9	67339200	67339400	3	4.68078	1	(3,4)	2.18292	1	15.2155
