chr7	131215200	131240200	8
chr8	30240800	30265800	8
chr8	38287200	38312200	8
chr10	21786200	21811200	9
chr10	21789400	21814400	15
chr8	72583400	72608400	4
chr8	30248000	30273000	8
chr1	26735000	26760000	9
chr11	94373000	94398000	8
chr3	32862200	32887200	8
chr1	149137200	149162200	14
chr13	100612600	100637600	8
chr1	43397000	43422000	4
chr13	100615000	100640000	8
chr1	27317200	27342200	8
chrX	70317200	70342200	3
chr1	232251800	232276800	8
chr3	32895000	32920000	2
chr19	1251400	1276400	8
chr18	46463600	46488600	4
chr5	115885400	115910400	8
chr8	128808400	128833400	8
chr8	128808200	128833200	8
chrX	153128000	153153000	15
chr3	32858800	32883800	8
chr5	115883800	115908800	8
chr10	126820800	126845800	8
chr6	15247600	15272600	4
chr3	32877000	32902000	3
chr8	41157200	41182200	8
chr8	41157400	41182400	8
chr6	167636600	167661600	8
chr17	47077600	47102600	8
chrX	40005400	40030400	3
chr8	30388800	30413800	8
chr20	45974800	45999800	8
chr20	10628200	10653200	8
chr20	31348400	31373400	8
chr2	8007400	8032400	8
chr2	64070200	64095200	8
chr15	70371400	70396400	8
chrX	39940400	39965400	3
chr8	30253200	30278200	8
chr16	73066000	73091000	15
chr18	8607400	8632400	4
chrX	40012000	40037000	15
chr11	118777600	118802600	8
chr1	113345800	113370800	7
chrX	153588200	153613200	8
chr1	56992400	57017400	8
chr2	64066800	64091800	8
chr7	20815000	20840000	10
chr8	41154200	41179200	8
chrX	152052600	152077600	3
chr1	56980200	57005200	8
chr4	123746800	123771800	8
chr19	1247000	1272000	8
chr14	38656400	38681400	8
chr11	65251600	65276600	8
chr4	129737800	129762800	3
chrX	49019000	49044000	4
chr5	115880400	115905400	8
chr14	38657200	38682200	8
chr19	28239000	28264000	12
chr7	125555600	125580600	1
chr20	22536600	22561600	15
chr18	46467400	46492400	4
chr12	132850000	132875000	4
chrX	70321400	70346400	3
chr3	134073000	134098000	4
chr8	128821400	128846400	8
chr14	57260200	57285200	10
chr1	27320600	27345600	8
chr8	41148400	41173400	8
chr5	2737400	2762400	7
chr14	38658200	38683200	8
chr1	8916800	8941800	8
chr10	126826600	126851600	8
chr17	42615400	42640400	4
chr12	115102000	115127000	15
chr7	125549200	125574200	1
chr16	3056800	3081800	8
chr20	47889600	47914600	8
chr6	159216600	159241600	8
chr5	146811200	146836200	3
chrX	39946400	39971400	4
chr1	113240600	113265600	7
chr8	38280000	38305000	8
chr6	10383000	10408000	15
chr15	96872800	96897800	15
chr1	156623600	156648600	8
chr8	72575000	72600000	4
chr6	131642400	131667400	1
chr3	181424400	181449400	4
chrX	69640000	69665000	8
chr8	30283600	30308600	8
chr7	125546200	125571200	1
chr14	21988600	22013600	8
chr7	26222200	26247200	8
chr4	111529800	111554800	11
