chr2	132267627	132277627	14
chr19	27240892	27250892	14
chr16	34147333	34157333	14
chr4	173521849	173531849	14
chr18	15410201	20940439	14
chr4	173521449	173531449	14
chr4	46804	57507	14
chr16	34147733	34157733	14
chr4	173521049	173531049	14
chr11	2134570	2144570	17
chr2	176128272	176138272	14
chr11	2136770	2146770	17
chr6	10409767	10419767	15
chr3	128483557	128493557	9
chr17	61395839	61405839	8
chr8	98939972	98949972	2
chr9	63816666	63826666	14
chr8	98940372	98950372	2
chr17	72115459	72125459	14
chr20	22575962	22585962	15
chr17	61401639	61411639	8
chr6	10408167	10418167	15
chr22	46072320	46082320	8
chr13	27917063	27927063	14
chr15	52781803	52791803	14
chr10	8049237	8059237	8
chr1	16691705	16701705	14
chr8	11700291	11710291	15
chr11	2139970	2149970	14
chr7	157002106	157012106	14
chr16	86507394	86517394	14
chr7	157001706	157011706	14
chr2	132272227	132282227	14
chr5	93578894	93588894	9
chr5	2747486	2757486	14
chr19	2039801	2049801	3
chr1	207812055	207822055	8
chr10	99529643	99539643	15
chr22	36327355	36337355	8
chr7	23465181	23475181	14
chr22	46084120	46094120	8
chr10	41837608	41847608	14
chr3	134362958	134372958	4
chr22	46103520	46113520	8
chr10	41703208	41713208	14
chr4	173525449	173535449	14
chr7	155803106	155813106	14
chr3	169659412	169669412	3
chr2	132253827	132263827	14
chr10	8050837	8060837	8
chr7	27139181	27149181	14
chr4	173515449	173525449	14
chr22	46076520	46086520	3
chr16	54929088	54939088	14
chr16	54927888	54937888	14
chr10	8051037	8061037	8
chr2	19350039	19360039	14
chr11	31809652	31819853	14
chr1	200033472	200043472	14
chr3	128479157	128489157	9
chr5	3593686	3603686	15
chr4	110628044	110638044	14
chr5	151663639	151673639	8
chr12	114667195	114677195	1
chr6	5999367	6009367	14
chr6	5999167	6009167	14
chr18	57432968	57442968	2
chr7	27163981	27173981	14
chr3	134361758	134371758	4
chr2	63047265	63057265	15
chr19	54201332	54211531	8
chr11	32429654	32439654	14
chr4	54225033	54235033	14
chr5	51381166	51391166	4
chr10	125887231	125897231	14
chr19	1251401	1261401	8
chr10	41702608	41712608	14
chr3	138937558	138947558	14
chr19	22523398	22533398	1
chr11	32428854	32438854	14
chr17	48572438	48582438	14
chr7	27094381	27104381	14
chr14	37591395	37601395	14
chr7	27095381	27105381	14
chr9	137293148	137303148	14
chr12	114401795	114411795	14
chr3	138938158	138948158	14
chr19	44749343	44759343	8
chr4	173515049	173525049	14
chr5	154473240	154483240	15
chr20	21505762	21515762	14
chr2	92127174	92137174	14
chr6	1604565	1614565	4
chr20	31712197	31722197	8
chr9	62798976	62808976	14
chr13	109778053	109788053	8
chr18	22167839	22177839	16
chr4	110613844	110623844	15
chr18	57427368	57437368	14
chr3	55480772	55490772	4
