chr2	132254227	132279227	11
chr7	27141381	27166381	12
chr16	34139133	34164133	11
chr4	41999	68508	10
chr17	48574038	48599038	12
chr7	27095181	27120181	2
chr4	39399	65508	10
chr7	27168381	27193381	11
chr5	141398433	141423433	8
chr15	96320771	96345771	3
chr4	173514849	173539849	11
chr16	86493594	86518594	11
chr5	141396233	141421233	8
chr2	132243627	132268627	11
chr11	31797052	31822253	11
chr2	172082072	172107072	10
chr16	34152333	34177333	11
chr19	58182233	58207434	1
chr15	96334371	96359371	3
chr10	41839408	41864408	8
chr10	8033837	8058837	10
chr18	22162039	22187039	3
chr2	176116272	176141272	10
chr2	91608974	91633974	8
chr17	48602038	48627038	11
chr9	63811266	63836266	11
chr17	79790201	79815201	11
chr15	25052253	25077253	8
chr19	58237634	58262634	8
chr2	89816190	89841190	8
chr5	93570294	93595294	11
chr4	49632983	51794034	8
chr12	53973016	53998016	11
chr5	141350033	141375033	8
chr12	133081414	133106414	2
chr19	57980432	58005432	8
chr5	88666182	88691383	10
chr19	44472583	44500148	8
chr12	114667995	114692995	11
chr6	1601165	1626165	10
chr18	22165639	22190639	3
chr10	99519043	99544043	10
chr21	10708456	10733456	8
chr7	156998906	157023906	11
chr14	60635482	60660482	11
chr2	104842342	104867342	12
chr12	4268434	4293434	3
chr4	110614644	110639644	11
chr12	54014416	54039416	11
chr12	133133214	133158214	8
chr21	10789256	10814256	8
chr12	133039214	133064214	8
chr19	36534898	36559898	8
chr9	123996721	124021721	11
chr17	79787401	79812401	11
chr19	36811298	36836298	8
chr6	98823724	98848724	11
chr10	117531289	117556289	10
chr7	97002888	97027888	11
chr13	99967346	99992346	11
chr19	57530832	57555832	8
chr13	27956863	27981863	11
chr4	49096383	49121383	8
chr14	37582395	37607395	11
chr8	11689691	11714691	12
chr10	101213443	101238443	11
chr19	57683232	57708232	8
chr19	37562098	37587299	8
chr6	1371965	1396965	11
chr6	10402167	10427167	11
chr4	13524576	13549576	11
chr22	46068720	46093720	3
chr22	46066720	46091720	3
chr1	207803455	207828455	3
chr3	181695012	181720012	11
chr17	61397639	61422639	12
chr15	25077453	25102453	8
chr19	36634298	36659298	8
chr10	42297552	42322552	8
chr21	10378856	10403856	8
chr2	44931461	44956461	11
chr10	38510872	38581869	8
chr15	89356569	89381569	11
chr10	38835269	38860269	8
chr15	67815062	67840062	11
chr19	36705698	36730698	8
chr2	118834424	118859424	11
chr22	46064320	46089320	3
chr10	123131084	123156084	11
chr20	30416924	31239997	8
chr19	51961347	51986347	2
chr19	36623898	36648898	8
chr3	147390613	147415613	11
chr19	56403231	56428231	2
chr19	58121633	58146633	8
chr3	128476157	128501157	11
chr4	4851073	4876073	11
chr5	180247600	180272600	8
chr15	52782603	52807603	11
chr2	218979678	219004678	11
