chr11	3128000	3178000	3
chr1	88213200	88263200	5
chr18	37707600	37757600	2
chr1	85243000	85293000	6
chr16	3231000	3281000	14
chr15	102963000	103013000	5
chr11	96290800	96340800	3
chr6	52189000	52239000	3
chr6	52180800	52230800	3
chr11	98922000	98972000	12
chr11	96267800	96317800	3
chr2	74667800	74717800	3
chr13	40696600	40746600	3
chr19	44716600	44766600	3
chr1	88263400	88313400	12
chr4	121998000	122048000	14
chr17	13191000	13241000	14
chr11	96312400	96362400	6
chr4	147389600	147439600	2
chr1	78169600	78219600	3
chr11	3177400	3227400	6
chr7	79493800	79543800	3
chr14	122446000	122496000	3
chr2	74718000	74768000	3
chr9	91347600	91397600	3
chr10	80125000	80175000	6
chr15	77793800	77843800	6
chr14	63222600	63272600	3
chr2	38332400	38382400	3
chr10	80131400	80181400	6
chr10	82112800	82162800	9
chr4	89266200	89316200	3
chr5	125131400	125181400	6
chr11	98312400	98362400	3
chr19	43574200	43624200	12
chr8	57311000	57361000	6
chr14	63233000	63283000	3
chr11	96163200	96213200	3
chr4	115930000	115980000	3
chr11	117306800	117356800	6
chr11	98900800	98950800	4
chr7	28913800	28963800	12
chr2	32867200	32917200	6
chr11	98936200	98986200	12
chr4	3042200	3092200	14
chr15	102998000	103048000	3
chr14	25451400	25501400	6
chr8	108690400	108740400	6
chr10	42568800	42618800	3
chr13	63521800	63571800	6
chr6	52239200	52289200	3
chr2	32873600	32923600	6
chr2	173227800	173277800	6
chr8	84763200	84813200	3
chr8	84764000	84814000	3
chr7	70321800	70371800	6
chr11	96325200	96375200	3
chr2	30676200	30726200	12
chr8	84696800	84746800	12
chr5	147268200	147318200	8
chr15	77784000	77834000	5
chr17	85448600	85498600	3
chr11	98744000	98794000	6
chr1	74768000	74818000	3
chr11	119040600	119090600	6
chr6	94652000	94702000	6
chr2	27670600	27720600	6
chr4	155171400	155221400	12
chr2	165841000	165891000	6
chr13	65247800	65297800	3
chr11	117311000	117361000	6
chr4	133010400	133060400	6
chr11	120216000	120266000	12
chr4	147489600	147539600	14
chr2	26467400	26517400	4
chr8	121076000	121126000	5
chr2	26459200	26509200	4
chr3	129191000	129241000	3
chr6	83408200	83458200	2
chr5	119796000	119846000	3
chr8	108684800	108734800	6
chr19	45127800	45177800	3
chr9	107533600	107583600	6
chr8	120490200	120540200	4
chr17	85598200	85648200	3
chr18	75362600	75412600	12
chr13	78162800	78212800	6
chr4	146488200	146538200	14
chr9	107541400	107591400	6
chr11	119016000	119066000	6
chr13	21994400	22044400	4
chr1	134054400	134104400	6
chr10	81283400	81333400	12
chr13	63239200	63289200	6
chr18	75364200	75414200	12
chr15	98760200	98810200	3
chr5	139524400	139574400	3
chr2	30673400	30723400	6
chr11	98734600	98784600	6
chr10	127508200	127558200	5
