chr2	145268000	145278000	15
chr2	145267400	145277400	15
chr8	126950200	126960200	12
chr4	47600	57600	3
chr4	46800	56800	3
chr2	145270000	145280000	15
chr5	133451800	133461800	2
chr8	126951800	126961800	12
chr17	54669600	54679600	15
chr14	22996800	23006800	2
chr17	54670200	54680200	15
chr11	128333800	128343800	8
chr18	18511000	18521000	16
chr2	87014600	87024600	15
chr14	22990800	23000800	2
chr11	128344000	128354000	8
chr2	197020400	197030400	10
chr14	23008200	23018200	8
chr2	133025200	133035200	15
chr20	47891800	47901800	8
chr16	33950000	33960000	14
chr16	46385800	46395800	14
chr14	99714400	99724400	8
chr2	92315000	92325000	14
chrX	135731600	135741600	8
chr7	5459600	5469600	2
chr7	5459200	5469200	2
chr10	22605800	22615800	14
chr5	35860000	35870000	8
chr5	35859800	35869800	8
chr3	27753600	27763600	16
chr2	133024400	133034400	15
chrX	78403600	78413600	8
chr14	22314400	22324400	10
chr8	126946800	126956800	8
chr1	117302000	117312000	3
chr5	156611200	156621200	8
chr9	117124200	117134200	8
chr5	133462400	133472400	8
chr14	22948400	22958400	2
chr6	24922400	24932400	1
chr9	117135200	117145200	7
chr2	158269000	158279000	8
chr2	197017600	197027600	1
chr19	1069800	1079800	2
chr14	22951000	22961000	2
chr2	60775000	60785000	2
chr22	31676200	31686200	8
chr19	27731800	27741800	14
chr5	169712400	169722400	3
chr4	109076200	109086200	3
chr15	81590600	81600600	8
chr1	25244400	25254400	8
chr1	198613400	198623400	10
chr1	206733200	206743200	8
chr1	226914800	226924800	8
chr1	111731400	111741400	8
chr1	226914600	226924600	8
chr16	33954200	33964200	12
chr7	50423000	50433000	8
chr19	10397200	10407200	14
chr22	37623800	37633800	8
chr11	117858400	117868400	8
chr8	145002600	145012600	10
chr3	27756400	27766400	1
chr2	87011200	87021200	15
chr1	150541200	150551200	8
chr7	150214800	150224800	2
chr11	128368800	128378800	10
chr12	32113800	32123800	4
chr7	150214600	150224600	2
chr1	198612000	198622000	10
chr1	207082600	207092600	2
chr2	133029400	133039400	15
chr14	100564800	100574800	8
chr11	128354200	128364200	8
chr1	198615400	198625400	8
chr10	42392200	42402200	14
chr4	109078400	109088400	8
chr20	35568000	35578000	8
chr3	18474200	18484200	9
chr5	169693800	169703800	8
chr1	156083400	156093400	3
chr16	46398200	46408200	2
chr1	169667000	169677000	2
chr1	156083200	156093200	3
chr1	25237600	25247600	8
chr19	1074400	1084400	2
chr19	10526600	10536600	9
chr3	193850600	193860600	2
chr3	128202200	128212200	14
chr6	170596600	170606600	14
chr4	40210600	40220600	8
chr17	40826000	40836000	14
chr14	99662800	99672800	8
chr11	118177000	118187000	8
chr19	10533800	10543800	14
chr15	93429000	93439000	8
chr14	100536400	100546400	8
chr1	198629400	198639400	8
