chr17	31060000	31060200	15	11.9279	-1	(15,20)	23.8558	-1	40.1069	6.58695e-08
chr4	297800	298000	21	11.9279	-1	(12,21)	23.8558	-1	39.2854	2.63478e-07
chr2	60758000	60758200	14	10.3429	-1	(3,14)	20.6859	-1	37.5293	6.06e-06
chr1	11561400	11561600	20	11.9279	-1	(20,23)	23.8558	-1	36.878	1.71261e-05
chr17	21214600	21214800	20	11.1354	-1	(19,20)	22.2709	-1	36.7934	1.84435e-05
chr11	1413800	1414000	10	11.4279	-1	(10,23)	22.8558	-1	36.7929	1.84435e-05
chr17	42898000	42898200	13	11.4279	-1	(12,13)	22.8558	-1	36.7692	1.89704e-05
chr17	59479800	59480000	3	11.4279	-1	(3,12)	22.8558	-1	36.6056	2.34495e-05
chr5	180256400	180256600	18	11.4279	-1	(18,20)	22.8558	-1	36.4085	2.79945e-05
chr1	100820000	100820200	13	11.4279	-1	(12,13)	22.8558	-1	36.401	2.81921e-05
chr6	161626200	161626400	12	11.4279	-1	(3,12)	22.8558	-1	36.3606	2.93119e-05
chr17	70464400	70464600	10	11.4279	-1	(3,10)	22.8558	-1	36.2584	3.31982e-05
chr4	96467000	96467200	18	11.4279	-1	(2,18)	22.8558	-1	36.2217	3.4318e-05
chr6	10557400	10557600	3	11.4279	-1	(3,16)	22.8558	-1	36.1385	3.636e-05
chr16	88700200	88700400	7	11.4279	-1	(7,23)	22.8558	-1	36.0343	3.98511e-05
chr5	52779400	52779600	6	11.9279	-1	(6,24)	23.8558	-1	35.8914	4.51865e-05
chr14	34270200	34270400	20	11.4279	-1	(20,24)	22.8558	-1	35.7335	5.13782e-05
chr3	192604800	192605000	13	11.9279	-1	(5,13)	23.8558	-1	35.654	5.454e-05
chr19	58693400	58693600	20	10.7669	-1	(20,22)	21.5339	-1	35.6043	5.67136e-05
chr1	156617000	156617200	9	11.9279	-1	(9,24)	23.8558	-1	35.4314	6.49473e-05
chr8	145164200	145164400	8	10.3429	-1	(8,23)	20.6859	-1	35.4175	6.56719e-05
chr5	10638600	10638800	25	11.1354	-1	(6,25)	22.2709	-1	35.4025	6.61989e-05
chr1	145262600	145262800	16	11.1354	-1	(5,16)	22.2709	-1	35.1394	7.89117e-05
chr12	72668800	72669000	5	10.9279	-1	(5,23)	21.8558	-1	35.0518	8.41812e-05
chr2	42279600	42279800	9	11.1354	-1	(9,17)	22.2709	-1	35.0222	8.55645e-05
chr15	89938400	89938600	9	9.45081	-1	(9,23)	18.9016	-1	34.9807	8.8331e-05
chr19	58565800	58566000	21	11.9279	-1	(15,21)	23.8558	-1	34.8266	9.86067e-05
chr3	56789000	56789200	20	10.7669	-1	(20,22)	21.5339	-1	34.8067	0.000100253
chr7	1610400	1610600	9	9.42565	-1	(1,9)	21.3831	-1	34.7833	0.000101768
chr19	58218200	58218400	20	10.6354	-1	(12,20)	21.2709	-1	34.7756	0.000102229
chr1	2994600	2994800	10	11.4279	-1	(10,23)	22.8558	-1	34.7629	0.000102756
chr13	40172000	40172200	10	10.7669	-1	(10,16)	21.5339	-1	34.7477	0.000103547
chr21	47935000	47935200	20	11.1354	-1	(11,20)	22.2709	-1	34.714	0.000105523
chr2	60758400	60758600	4	8.90571	-1	(4,14)	17.8114	-1	34.6879	0.000107367
chr18	13642200	13642400	8	10.3429	-1	(8,23)	20.6859	-1	34.6862	0.000107499
chr14	99708400	99708600	4	9.30394	-1	(4,15)	18.6079	-1	34.651	0.000109278
chr3	99359400	99359600	23	10.9279	-1	(5,23)	21.8558	-1	34.6106	0.000112176
chr13	100619000	100619200	3	11.9279	-1	(3,24)	23.8558	-1	34.5983	0.000113032
chr17	4854200	4854400	3	10.3429	-1	(3,14)	20.6859	-1	34.5777	0.000114152
chr8	80803000	80803200	25	11.9279	-1	(2,25)	23.8558	-1	34.5651	0.000114942
chr22	47187200	47187400	1	11.4279	-1	(1,18)	22.8558	-1	34.5398	0.000116523
chr16	56816200	56816400	3	10.9279	-1	(3,22)	21.8558	-1	34.5079	0.000118631
chr8	1764800	1765000	2	11.4279	-1	(2,24)	22.8558	-1	34.5017	0.000118763
chr5	59969200	59969400	19	8.94844	-1	(10,19)	22.051	-1	34.5003	0.00011896
chr8	30496000	30496200	3	11.4279	-1	(3,12)	22.8558	-1	34.4691	0.000121529
chr2	69763200	69763400	6	10.7669	-1	(6,22)	21.5339	-1	34.404	0.000125613
chr3	197575000	197575200	3	11.4279	-1	(3,11)	22.8558	-1	34.3915	0.000126601
chr15	89939200	89939400	10	10.0777	-1	(10,23)	20.1554	-1	34.3512	0.000129829
chr14	103397800	103398000	23	11.4279	-1	(7,23)	22.8558	-1	34.2974	0.000133847
chr2	237482400	237482600	25	10.2669	-1	(4,25)	20.5339	-1	34.2577	0.000136613
chr19	51035600	51035800	18	10.3166	-1	(18,20)	22.3773	-1	34.1859	0.000141422
chr10	3820000	3820200	6	11.4279	-1	(6,18)	22.8558	-1	34.1778	0.000142015
chr1	209393800	209394000	19	11.9279	-1	(2,19)	23.8558	-1	34.1748	0.000142212
chr11	46933800	46934000	9	10.2669	-1	(9,16)	20.5339	-1	34.1605	0.000142937
chr5	67586600	67586800	1	10.9279	-1	(1,9)	21.8558	-1	34.1304	0.000144386
chr17	42991200	42991400	15	9.80394	-1	(1,15)	19.6079	-1	34.0933	0.000147548
chr13	49086000	49086200	22	9.73175	-1	(7,22)	19.4635	-1	34.0711	0.000149524
chr9	89559200	89559400	9	11.1354	-1	(9,22)	22.2709	-1	33.9684	0.000157757
chr11	1414000	1414200	24	9.73175	-1	(12,24)	19.4635	-1	33.959	0.000158614
chr6	135505400	135505600	23	10.3429	-1	(8,23)	20.6859	-1	33.9568	0.000158811
chr22	25886000	25886200	24	11.1354	-1	(20,24)	22.2709	-1	33.9436	0.000159668
chr5	140614600	140614800	23	10.7669	-1	(21,23)	21.5339	-1	33.9397	0.000159931
chrX	3617800	3618000	18	10.1354	-1	(4,18)	20.2709	-1	33.8872	0.000164081
chr5	140801200	140801400	20	8.95855	-1	(20,23)	20.9169	-1	33.8811	0.000164674
chr21	22175000	22175200	18	10.1982	-1	(2,18)	20.3964	-1	33.8601	0.000166782
chr15	99647800	99648000	22	9.39168	-1	(3,22)	20.3802	-1	33.8265	0.000170536
chr19	33554600	33554800	3	10.9279	-1	(3,22)	21.8558	-1	33.8042	0.000172381
chr14	51025800	51026000	24	11.9279	-1	(13,24)	23.8558	-1	33.7785	0.000175476
chr1	182571400	182571600	16	10.2669	-1	(9,16)	20.5339	-1	33.764	0.000176794
chr14	99707600	99707800	15	9.30394	-1	(4,15)	18.6079	-1	33.7543	0.000177979
chr14	99708800	99709000	15	9.30394	-1	(4,15)	18.6079	-1	33.7035	0.000183315
chr7	157467200	157467400	6	11.9279	-1	(6,24)	23.8558	-1	33.6963	0.000184105
chr19	11467800	11468000	16	10.2669	-1	(11,16)	20.5339	-1	33.6807	0.000185752
chr11	72443400	72443600	6	11.4279	-1	(6,18)	22.8558	-1	33.6498	0.00018865
chr7	86389600	86389800	2	11.9279	-1	(2,17)	23.8558	-1	33.6369	0.000189704
chr10	11867400	11867600	23	10.6354	-1	(5,23)	21.2709	-1	33.6196	0.000191285
chr19	3244200	3244400	5	9.24913	-1	(5,19)	18.4983	-1	33.6192	0.000191285
chr4	96467200	96467400	15	9.80394	-1	(1,15)	19.6079	-1	33.6162	0.000191417
chr12	121726200	121726400	5	11.9279	-1	(5,14)	23.8558	-1	33.5911	0.000193327
chr13	73636600	73636800	18	8.68925	-1	(4,18)	19.5984	-1	33.5711	0.000194579
chr19	46474400	46474600	11	10.0777	-1	(11,23)	20.1554	-1	33.5144	0.000199519
chr2	220116200	220116400	4	10.1982	-1	(4,24)	20.3964	-1	33.4715	0.000204393
chr19	1454200	1454400	11	10.0777	-1	(11,23)	20.1554	-1	33.4706	0.000204459
chr8	95904400	95904600	22	10.7669	-1	(6,22)	21.5339	-1	33.4457	0.000206699
chr7	138646000	138646200	17	11.1354	-1	(9,17)	22.2709	-1	33.4324	0.000207621
chr3	50647400	50647600	5	11.1354	-1	(5,16)	22.2709	-1	33.4199	0.000208806
chr4	7656800	7657000	23	11.4279	-1	(8,23)	22.8558	-1	33.4185	0.000208938
chr5	343600	343800	23	10.9279	-1	(20,23)	21.8558	-1	33.4181	0.000208938
chr2	225838000	225838200	25	8.373	-1	(10,25)	20.7498	-1	33.4011	0.00021098
chr2	114644600	114644800	16	9.25781	-1	(10,16)	20.7759	-1	33.3988	0.000211244
chr20	3146600	3146800	7	10.6354	-1	(7,15)	21.2709	-1	33.3976	0.000211309
chr3	25475400	25475600	5	9.88418	-1	(5,14)	19.7684	-1	33.3873	0.000212297
chr19	56005800	56006000	14	9.80394	-1	(14,24)	19.6079	-1	33.3845	0.000212363
chr19	35170200	35170400	6	9.66613	-1	(4,6)	19.3323	-1	33.3649	0.000214208
chr8	37662000	37662200	14	8.72342	-1	(14,24)	19.9442	-1	33.36	0.000214669
chr8	58984400	58984600	15	9.76694	-1	(4,15)	19.5339	-1	33.351	0.000215459
chr3	48693000	48693200	11	10.0777	-1	(11,23)	20.1554	-1	33.3509	0.000215459
chr18	55853200	55853400	19	10.1982	-1	(12,19)	20.3964	-1	33.3505	0.000215525
chr14	34416000	34416200	4	10.9279	-1	(4,25)	21.8558	-1	33.3305	0.000216908
chr5	146887400	146887600	3	9.66613	-1	(3,22)	19.3323	-1	33.3301	0.000216974
