chr19	58699600	58724600	8
chr2	172946800	172971800	11
chr2	133011400	133036400	11
chr10	42374800	42399800	8
chr19	44978200	45003200	8
chr19	58753200	58778200	8
chr15	25300200	25325200	8
chr12	133658200	133683200	8
chr19	58041800	58066800	8
chr12	133615800	133640800	8
chr19	52465600	52490600	8
chr19	52378200	52403200	8
chr19	52803200	52828200	8
chr9	117124800	117149800	3
chr7	27189600	27214600	11
chr19	37031400	37056400	8
chr4	49635000	49660000	8
chr2	89855000	89880000	8
chr10	8075000	8100000	11
chr11	31819200	31844200	10
chr7	27186200	27211200	11
chr19	37196400	37221400	8
chr12	133569800	133594800	8
chr12	54376000	54401000	11
chr17	77764000	77789000	12
chr4	437600	462600	8
chr7	27222200	27247200	11
chr5	169697800	169722800	3
chr12	32113400	32138400	3
chr19	52519200	52544200	8
chr2	133005000	133030000	11
chr4	49098200	49123200	8
chr10	102973600	102998600	11
chr10	102973800	102998800	11
chr4	13526000	13551000	11
chr2	175186600	175211600	11
chr10	124891800	124916800	11
chr16	33950000	33975000	11
chr11	31815200	31840200	10
chr16	33940400	33965400	11
chr11	67034200	67059200	3
chr19	52568800	52593800	8
chr12	133709200	133734200	8
chr19	37718400	37743400	8
chr4	330000	355000	8
chr21	10782800	10807800	8
chr7	6719000	6744000	8
chr14	22997200	23022200	3
chr12	133760000	133785000	8
chr1	91171600	91196600	10
chr5	179674200	179699200	8
chr19	58480800	58505800	8
chr16	68584400	68609400	8
chr19	38053200	38078200	8
chr13	100619800	100644800	12
chr19	37301600	37326600	8
chr17	35285200	35310200	11
chr19	37203200	37228200	8
chr2	172939200	172964200	11
chr19	58680600	58705600	1
chr15	53075000	53100000	10
chr2	176947200	176972200	11
chr19	58630000	58655000	8
chr19	58479000	58504000	8
chr19	9666600	9691600	8
chr19	20721400	20746400	8
chr2	176981000	177006000	11
chr10	11203200	11228200	3
chr12	133624200	133649200	8
chr19	37911400	37936400	8
chr22	37616600	37641600	3
chr6	99271800	99296800	11
chr5	87962200	87987200	11
chr19	56918400	56943400	8
chr6	30410800	30435800	11
chr10	39128400	39153400	8
chr9	126759200	126784200	11
chr7	6713600	6738600	8
chr10	11209600	11234600	3
chr10	38773800	38798800	8
chr16	68587200	68612200	8
chr19	52429800	52454800	8
chr16	46385800	46410800	8
chr20	47881000	47906000	3
chr1	197871000	197896000	11
chr5	92914200	92939200	11
chr17	46686800	46711800	11
chr10	39076600	39101600	8
chr4	174436200	174461200	11
chr17	46795800	46820800	11
chr10	42793000	42818000	8
chr10	8086600	8111600	11
chr13	79160000	79185000	11
chr20	29806000	29831000	8
chr5	133448800	133473800	1
chr19	37361800	37386800	8
chr19	52610600	52635600	8
chr14	99713600	99738600	3
chr19	37581800	37606800	8
chr14	99716600	99741600	3
