chr7	27179200	27229200	12
chr15	96864000	96914000	3
chr8	11533600	11583600	12
chr2	176952800	177002800	11
chr12	54346400	54396400	12
chr17	46665400	46715400	12
chr17	77765000	77815000	6
chr15	89902000	89952000	12
chr15	25290600	25340600	8
chr12	54398600	54448600	10
chr10	102467600	102517600	10
chr5	92904800	92954800	3
chr2	177005400	177055400	10
chr10	42359400	42409400	8
chr4	174414200	174464200	10
chr7	27237400	27287400	11
chr12	133614000	133664000	2
chr16	56658600	56708600	10
chr17	46791000	46841000	10
chr19	13093600	13143600	11
chr6	10379200	10429200	2
chr2	219718000	219768000	11
chr9	129368400	129418400	11
chr11	31808800	31858800	10
chr19	58739200	58789200	2
chr9	126755200	126805200	11
chr4	40600	90600	8
chr4	8855600	8905600	10
chr2	45149000	45199000	11
chr12	133682000	133732000	8
chr3	147082200	147132200	3
chr2	132996000	133046000	11
chr21	10773600	10823600	8
chr2	223140600	223190600	10
chr19	58676600	58726600	1
chr10	118885600	118935600	11
chr10	102872600	102922600	11
chr1	46912600	46962600	11
chr3	128169200	128219200	12
chr12	115093800	115143800	11
chr2	89830400	89880400	8
chr1	18951800	19001800	10
chr10	102963400	103013400	12
chr19	1741400	1791400	12
chr21	10791400	10841400	8
chr2	219821200	219871200	10
chr2	89831600	89881600	8
chr4	418000	468000	1
chr7	155235400	155285400	11
chr1	47875800	47925800	12
chr10	8070200	8120200	11
chr10	39084200	39134200	8
chr13	100601600	100651600	3
chr7	96613000	96663000	11
chr16	46386000	46436000	8
chr6	28735800	28785800	11
chr15	96851600	96901600	3
chr2	45154200	45204200	11
chr6	100027400	100077400	10
chr6	150241000	150291000	11
chr17	37745000	37795000	10
chr12	133758000	133808000	1
chr19	58475600	58525600	1
chr2	105451000	105501000	2
chr4	62200	112200	10
chr8	23537400	23587400	11
chr19	1237200	1287200	3
chr16	67183800	67233800	10
chr5	87949400	87999400	12
chr12	58117200	58167200	10
chr10	38769200	38819200	8
chr12	57587600	57637600	11
chr2	71086400	71136400	11
chr13	28512600	28562600	11
chr5	134797200	134847200	11
chr10	101265600	101315600	11
chr19	52358600	52408600	1
chr1	40131800	40181800	11
chr1	18958200	19008200	10
chr16	33931800	33981800	11
chr2	92272600	92322600	11
chr1	848000	898000	11
chr1	848200	898200	11
chr19	37201600	37251600	8
chr19	37002600	37052600	2
chr2	119579000	119629000	10
chr11	44315400	44365400	11
chr1	47885200	47935200	12
chr16	86507200	86557200	11
chr13	100606800	100656800	3
chr19	1245800	1295800	3
chr7	1250200	1300200	12
chr10	23451000	23501000	10
chr12	133574800	133624800	8
chr2	92270600	92320600	11
chr19	58664200	58714200	2
chr20	10606400	10656400	3
chr8	21879200	21929200	11
chr6	28750000	28800000	11
chr12	48374000	48424000	11
