chr19	58695800	58696000	4	6.65136	1	(4,20)	7.82301	1	11.9164
chr19	58696000	58696200	20	6.13755	1	(4,20)	7.95617	1	11.9094
chr19	58127000	58127200	20	6.22894	1	(4,20)	7.93396	1	11.8981
chr19	58195000	58195200	4	7.01791	1	(4,20)	7.57197	1	11.8649
chr19	58515600	58515800	4	6.66836	1	(4,20)	7.56459	1	11.7885
chr19	58515800	58516000	20	6.47231	1	(4,20)	7.61991	1	11.7575
chr5	140698800	140699000	20	5.99646	1	(4,20)	7.23334	1	11.6887
chr19	58088800	58089000	20	5.78353	1	(4,20)	7.44668	1	11.6744
chr5	140699000	140699200	4	5.70344	1	(4,20)	7.09382	1	11.6499
chr19	58096600	58096800	4	5.60056	1	(4,20)	7.10483	1	11.6302
chr19	58741400	58741600	4	7.4907	1	(4,20)	6.73866	1	11.6132
chr19	58126800	58127000	4	7.87879	1	(4,20)	6.43591	1	11.5946
chr19	58195200	58195400	20	7.40473	1	(4,20)	6.85201	1	11.5214
chr19	57987600	57987800	20	7.48211	1	(4,20)	6.72039	1	11.4794
chr14	50066400	50066600	1	6.4964	1	(1,4)	7.19938	1	11.4051
chr5	172192400	172192600	13	8.87442	1	(13,13)	6.59469	1	11.3817
chr19	57987800	57988000	4	8.36546	1	(4,4)	5.65754	1	11.3423
chr1	32421800	32422000	13	11.2728	1	(13,13)	11.2156	1	11.33
chrX	47076600	47076800	13	11.1376	1	(13,13)	10.9528	1	11.3219
chr5	140811000	140811200	23	5.14623	1	(20,23)	4.95907	1	11.3153
chr19	52899800	52900000	4	5.29045	1	(4,20)	5.49491	1	11.3152
chr17	8130000	8130200	13	6.85345	1	(1,13)	5.6783	1	11.3025
chr17	8090800	8091000	13	6.54921	1	(1,13)	5.96634	1	11.2923
chr7	137566800	137567000	20	5.89465	1	(11,20)	5.72376	1	11.2866
chr7	64459400	64459600	20	4.51672	1	(11,20)	3.89769	1	11.2502
chr5	140772400	140772600	20	6.58103	1	(20,23)	4.25828	1	11.2456
chr19	58260000	58260200	4	6.36684	1	(4,20)	5.52369	1	11.1988
chr16	3356400	3356600	20	4.91744	1	(4,20)	5.51289	1	11.155
chrX	48660200	48660400	22	11.1408	1	(22,22)	11.1408	1	11.1408
chrX	152864600	152864800	22	11.1408	1	(22,22)	11.1408	1	11.1408
chrX	148621600	148621800	22	11.1408	1	(22,22)	11.1408	1	11.1408
chrX	135056400	135056600	22	11.1408	1	(22,22)	11.1408	1	11.1408
chrX	129066200	129066400	22	11.1408	1	(22,22)	11.1408	1	11.1408
chr9	95858200	95858400	22	11.1408	1	(22,22)	11.1408	1	11.1408
chr9	41954200	41954400	22	11.1408	1	(22,22)	11.1408	1	11.1408
chr9	28800	29000	22	11.1408	1	(22,22)	11.1408	1	11.1408
chr9	178800	179000	22	11.1408	1	(22,22)	11.1408	1	11.1408
chr9	140499800	140500000	22	11.1408	1	(22,22)	11.1408	1	11.1408
chr9	129987200	129987400	22	11.1408	1	(22,22)	11.1408	1	11.1408
chr8	99838000	99838200	22	11.1408	1	(22,22)	11.1408	1	11.1408
chr8	57124000	57124200	22	11.1408	1	(22,22)	11.1408	1	11.1408
chr8	28480000	28480200	22	11.1408	1	(22,22)	11.1408	1	11.1408
chr8	182000	182200	22	11.1408	1	(22,22)	11.1408	1	11.1408
chr8	1711600	1711800	22	11.1408	1	(22,22)	11.1408	1	11.1408
chr8	146277600	146277800	22	11.1408	1	(22,22)	11.1408	1	11.1408
chr7	75071600	75071800	22	11.1408	1	(22,22)	11.1408	1	11.1408
chr7	6865600	6865800	22	11.1408	1	(22,22)	11.1408	1	11.1408
chr7	64498400	64498600	22	11.1408	1	(22,22)	11.1408	1	11.1408
chr7	2671400	2671600	22	11.1408	1	(22,22)	11.1408	1	11.1408
chr7	102119000	102119200	22	11.1408	1	(22,22)	11.1408	1	11.1408
chr5	1633400	1633600	22	11.1408	1	(22,22)	11.1408	1	11.1408
chr4	3075800	3076000	22	11.1408	1	(22,22)	11.1408	1	11.1408
chr3	132441400	132441600	22	11.1408	1	(22,22)	11.1408	1	11.1408
chr3	13009200	13009400	22	11.1408	1	(22,22)	11.1408	1	11.1408
chr22	51221400	51221600	22	11.1408	1	(22,22)	11.1408	1	11.1408
chr22	50946200	50946400	22	11.1408	1	(22,22)	11.1408	1	11.1408
chr22	43583400	43583600	22	11.1408	1	(22,22)	11.1408	1	11.1408
chr2	238600600	238600800	22	11.1408	1	(22,22)	11.1408	1	11.1408
chr22	22651600	22651800	22	11.1408	1	(22,22)	11.1408	1	11.1408
chr21	45758600	45758800	22	11.1408	1	(22,22)	11.1408	1	11.1408
chr2	112812400	112812600	22	11.1408	1	(22,22)	11.1408	1	11.1408
chr20	1206400	1206600	22	11.1408	1	(22,22)	11.1408	1	11.1408
chr1	9970400	9970600	22	11.1408	1	(22,22)	11.1408	1	11.1408
chr19	7985600	7985800	22	11.1408	1	(22,22)	11.1408	1	11.1408
chr19	18392400	18392600	22	11.1408	1	(22,22)	11.1408	1	11.1408
chr17	80709400	80709600	22	11.1408	1	(22,22)	11.1408	1	11.1408
chr17	78234400	78234600	22	11.1408	1	(22,22)	11.1408	1	11.1408
chr17	56160600	56160800	22	11.1408	1	(22,22)	11.1408	1	11.1408
chr17	43129200	43129400	22	11.1408	1	(22,22)	11.1408	1	11.1408
chr17	38109200	38109400	22	11.1408	1	(22,22)	11.1408	1	11.1408
chr17	30264800	30265000	22	11.1408	1	(22,22)	11.1408	1	11.1408
chr17	29059400	29059600	22	11.1408	1	(22,22)	11.1408	1	11.1408
chr16	30205800	30206000	22	11.1408	1	(22,22)	11.1408	1	11.1408
chr16	29093600	29093800	22	11.1408	1	(22,22)	11.1408	1	11.1408
chr16	28414400	28414600	22	11.1408	1	(22,22)	11.1408	1	11.1408
chr16	15006000	15006200	22	11.1408	1	(22,22)	11.1408	1	11.1408
chr15	80444800	80445000	22	11.1408	1	(22,22)	11.1408	1	11.1408
chr15	28835000	28835200	22	11.1408	1	(22,22)	11.1408	1	11.1408
chr14	100150400	100150600	22	11.1408	1	(22,22)	11.1408	1	11.1408
chr12	74400	74600	22	11.1408	1	(22,22)	11.1408	1	11.1408
chr12	26984600	26984800	22	11.1408	1	(22,22)	11.1408	1	11.1408
chr1	220267200	220267400	22	11.1408	1	(22,22)	11.1408	1	11.1408
chr1	2136400	2136600	22	11.1408	1	(22,22)	11.1408	1	11.1408
chr1	206137200	206137400	22	11.1408	1	(22,22)	11.1408	1	11.1408
chr1	160068600	160068800	22	11.1408	1	(22,22)	11.1408	1	11.1408
chr1	155716000	155716200	22	11.1408	1	(22,22)	11.1408	1	11.1408
chr1	155580400	155580600	22	11.1408	1	(22,22)	11.1408	1	11.1408
chr1	147932000	147932200	22	11.1408	1	(22,22)	11.1408	1	11.1408
chr1	147624400	147624600	22	11.1408	1	(22,22)	11.1408	1	11.1408
chr1	120838800	120839000	22	11.1408	1	(22,22)	11.1408	1	11.1408
chr1	120836600	120836800	22	11.1408	1	(22,22)	11.1408	1	11.1408
chr1	11333000	11333200	22	11.1408	1	(22,22)	11.1408	1	11.1408
chr10	89101600	89101800	22	11.1408	1	(22,22)	11.1408	1	11.1408
chr10	51623800	51624000	22	11.1408	1	(22,22)	11.1408	1	11.1408
chr12	133658600	133658800	20	8.00438	1	(4,20)	5.60288	1	11.1339
chr5	140799400	140799600	20	5.25237	1	(20,23)	3.52002	1	11.1288
chrX	53110600	53110800	22	7.01867	1	(18,22)	6.00394	1	11.1238
chr14	77423400	77423600	13	10.7792	1	(13,13)	10.4374	1	11.1201
chr22	46931400	46931600	24	5.84484	1	(20,24)	7.83855	1	11.0566
chr8	580200	580400	18	9.08797	1	(18,18)	7.31558	1	11.0498
